1.0,-0.9887834787368774,-0.9909063577651978,0.9963673949241638,-0.9858188033103943,-0.9896241426467896,-0.9913361072540283,-0.9824573397636414,0.989935576915741,-0.9957872033119202,-0.9843246340751648,-0.9886285662651062,0.9970940947532654,-0.3031049370765686,-0.9738562107086182,0.9760463833808899,-0.981391191482544,0.9915029406547546,-0.8213894367218018,-0.9520532488822937,-0.9907427430152893,-0.975178062915802,-0.9919471740722656,-0.9961041212081909,-0.9949803948402405,-0.9793384075164795,0.9992303252220154,-0.9938165545463562,-0.9950025081634521,-0.9926108121871948,-0.998295247554779,-0.9814150333404541,0.9992493987083435,-0.9879885911941528,-0.9596795439720154,-0.9957687258720398,-0.4989100694656372,-0.9877170324325562,-0.9759488701820374,-0.968111515045166,-0.8335481882095337,-0.9748963713645935,-0.9959272146224976,-0.9548070430755615,-0.17737530171871185,-0.8873565793037415,-0.9442039132118225,-0.9978430271148682,0.9970067143440247,0.9902933239936829,-0.9894348978996277,-0.8722695112228394,-0.9810471534729004,-0.9884598255157471,-0.9670580625534058,0.9946054220199585,-0.9182909727096558,0.9857251048088074,-0.9831042885780334,-0.9827548861503601,0.9961309432983398,-0.9946794509887695,0.9943343997001648,0.9966051578521729,-0.969637393951416,-0.9926908612251282,-0.9891865253448486,-0.994451642036438,-0.9839874505996704,-0.9967737197875977,-0.9837115406990051,-0.98993980884552,0.9948153495788574,-0.9804275035858154,-0.9945098757743835,-0.9021183848381042,-0.9637856483459473,0.9928879737854004,-0.9319762587547302,-0.9969601631164551,-0.22946548461914062,-0.918004035949707,-0.30355706810951233,0.9977288246154785,-0.977864146232605,-0.9850926399230957,-0.9918648600578308,-0.9842493534088135,-0.9889592528343201,-0.8843838572502136,-0.7704047560691833,-0.9920607805252075,-0.9724719524383545,-0.9803009629249573,-0.9845680594444275,-0.9848769307136536,-0.5634463429450989,0.9800818562507629,0.9857686758041382,-0.9987074732780457
-0.9887834787368774,1.0,0.9895252585411072,-0.9807766079902649,0.9959580898284912,0.991707980632782,0.9730156064033508,0.9798763990402222,-0.9842577576637268,0.9942654967308044,0.983368456363678,0.9680413007736206,-0.9791996479034424,0.2606859505176544,0.9530740976333618,-0.9424245953559875,0.9858798980712891,-0.9738608002662659,0.7852446436882019,0.9479670524597168,0.9910148978233337,0.988211452960968,0.988111674785614,0.9935428500175476,0.9972741007804871,0.9726844429969788,-0.9894192218780518,0.9874768257141113,0.9931786060333252,0.9961949586868286,0.9835353493690491,0.9584382176399231,-0.9890961647033691,0.9814324975013733,0.9548829793930054,0.9745892882347107,0.48629429936408997,0.9905028343200684,0.9422661066055298,0.9337306022644043,0.8744618892669678,0.9647201299667358,0.9778547883033752,0.9653187990188599,0.09738204628229141,0.8489001393318176,0.9149192571640015,0.9932215809822083,-0.9825500249862671,-0.9745482802391052,0.9820282459259033,0.835000216960907,0.9664345979690552,0.9955922365188599,0.96012943983078,-0.9897977113723755,0.8794546127319336,-0.956076443195343,0.9708021283149719,0.9699710011482239,-0.9856669306755066,0.9950820803642273,-0.9793423414230347,-0.9839577674865723,0.9316757917404175,0.9753888845443726,0.9870591759681702,0.9732867479324341,0.9685921669006348,0.994999349117279,0.9703018069267273,0.9882441759109497,-0.9798242449760437,0.9756928086280823,0.9954221248626709,0.8917257785797119,0.9257298111915588,-0.969336986541748,0.9033501148223877,0.9906435012817383,0.16717205941677094,0.8799508810043335,0.40736788511276245,-0.9787840843200684,0.9479650259017944,0.957341730594635,0.979103684425354,0.9875590801239014,0.9913219213485718,0.8960721492767334,0.8083138465881348,0.996138870716095,0.9735811948776245,0.9487074017524719,0.9894111752510071,0.9811621904373169,0.5137304067611694,-0.9850814342498779,-0.9565953016281128,0.9921350479125977
-0.9909063577651978,0.9895252585411072,1.0,-0.9944804310798645,0.9796867966651917,0.973759114742279,0.9766995310783386,0.9877039790153503,-0.9990924000740051,0.9923659563064575,0.9626662731170654,0.971250593662262,-0.991465151309967,0.33546045422554016,0.964148223400116,-0.9552993178367615,0.9965313673019409,-0.9928596615791321,0.7610659599304199,0.9732481241226196,0.9944260120391846,0.9883444309234619,0.9892094731330872,0.9955787062644958,0.9868266582489014,0.981616735458374,-0.9938284158706665,0.9870272874832153,0.99177485704422,0.9838976860046387,0.9856420755386353,0.9661338329315186,-0.994411289691925,0.9861994981765747,0.9748080968856812,0.9807484745979309,0.40784546732902527,0.9725524187088013,0.9408632516860962,0.9395061135292053,0.8957484364509583,0.9833421111106873,0.9767805337905884,0.9643072485923767,0.20016036927700043,0.8967657685279846,0.9406196475028992,0.9902079105377197,-0.9944812655448914,-0.9932266473770142,0.9669231176376343,0.8363766670227051,0.968084454536438,0.9862804412841797,0.9574508666992188,-0.9968532919883728,0.9078751802444458,-0.9747222661972046,0.9714734554290771,0.9865848422050476,-0.9970904588699341,0.9882291555404663,-0.991997241973877,-0.9936180710792542,0.9448636174201965,0.9680801033973694,0.9950305223464966,0.9739534258842468,0.9635563492774963,0.9897969365119934,0.957921028137207,0.9923163652420044,-0.984786331653595,0.9627904295921326,0.9898713827133179,0.9128288626670837,0.9413422346115112,-0.9816993474960327,0.9113696813583374,0.9862378239631653,0.2224559485912323,0.9180567264556885,0.40742024779319763,-0.9825646281242371,0.9613169431686401,0.963597297668457,0.9900563955307007,0.9969148635864258,0.9759220480918884,0.9152750372886658,0.8429057598114014,0.9910674095153809,0.9780987501144409,0.9533394575119019,0.9807431697845459,0.9660799503326416,0.46310165524482727,-0.99686199426651,-0.974797785282135,0.9940909147262573
0.9963673949241638,-0.9807766079902649,-0.9944804310798645,1.0,-0.975095808506012,-0.9751588702201843,-0.9888948202133179,-0.9871256947517395,0.995668888092041,-0.9915947914123535,-0.9675965905189514,-0.984468936920166,0.9995666742324829,-0.35911262035369873,-0.978665292263031,0.9778335690498352,-0.9849331378936768,0.9987695217132568,-0.7922804951667786,-0.9688112139701843,-0.9911258220672607,-0.9721546769142151,-0.9912105798721313,-0.9949361085891724,-0.9852250814437866,-0.9829212427139282,0.9969142079353333,-0.9898294806480408,-0.9901915192604065,-0.9812670350074768,-0.9938812851905823,-0.9825793504714966,0.9975658059120178,-0.988985002040863,-0.9724146127700806,-0.9942792654037476,-0.43378305435180664,-0.9721857309341431,-0.9671536087989807,-0.9662015438079834,-0.8548027873039246,-0.9850025773048401,-0.9882717728614807,-0.9529626965522766,-0.2187671661376953,-0.914558470249176,-0.957492470741272,-0.9913851022720337,0.9995238780975342,0.9979854226112366,-0.973987877368927,-0.8693199753761292,-0.9794151186943054,-0.9810628890991211,-0.966162383556366,0.9941325783729553,-0.931045651435852,0.9909050464630127,-0.97950279712677,-0.990544319152832,0.9985944628715515,-0.9877307415008545,0.9979016184806824,0.9965403079986572,-0.9683573246002197,-0.9822095036506653,-0.9927884936332703,-0.9890598654747009,-0.9773415327072144,-0.9909025430679321,-0.9720256328582764,-0.9910256862640381,0.9939131140708923,-0.9702868461608887,-0.9889112114906311,-0.9192608594894409,-0.9683586359024048,0.9947510957717896,-0.9227559566497803,-0.989666223526001,-0.25476911664009094,-0.9376723170280457,-0.31384992599487305,0.9944282174110413,-0.980124294757843,-0.981510579586029,-0.9957633018493652,-0.9885406494140625,-0.9758536219596863,-0.901713490486145,-0.8019260168075562,-0.9877600073814392,-0.9766978025436401,-0.9763009548187256,-0.9787179827690125,-0.9699824452400208,-0.5131088495254517,0.984687328338623,0.9911279678344727,-0.9955049157142639
-0.9858188033103943,0.9959580898284912,0.9796867966651917,-0.975095808506012,1.0,0.9952401518821716,0.9791104197502136,0.982231855392456,-0.9747137427330017,0.9934089779853821,0.9857156276702881,0.9728590846061707,-0.975559413433075,0.2941043972969055,0.9641406536102295,-0.9519798755645752,0.9694206714630127,-0.9686070680618286,0.7777750492095947,0.9424927830696106,0.9898871779441833,0.9715377688407898,0.9901678562164307,0.9906672239303589,0.9953479170799255,0.9763675332069397,-0.9841848015785217,0.989093542098999,0.9897500276565552,0.9936291575431824,0.9827867746353149,0.9690207839012146,-0.9836645126342773,0.9856656193733215,0.9567831158638,0.9771183133125305,0.4909302890300751,0.9901838302612305,0.9492544531822205,0.9490295052528381,0.8589271306991577,0.9657323956489563,0.977154552936554,0.9653270244598389,0.04716046154499054,0.857002317905426,0.9266310930252075,0.9899200797080994,-0.9777692556381226,-0.9700221419334412,0.9828007221221924,0.8689438700675964,0.9779677987098694,0.9967790842056274,0.973598062992096,-0.9784337282180786,0.893954873085022,-0.9574767351150513,0.9781051278114319,0.9707593321800232,-0.9786450862884521,0.9925528168678284,-0.9775132536888123,-0.9747704267501831,0.9359829425811768,0.9806333780288696,0.983106791973114,0.9779436588287354,0.9810856580734253,0.9955438375473022,0.9830056428909302,0.9892158508300781,-0.9835439920425415,0.9887293577194214,0.9967886805534363,0.9075877070426941,0.9363973736763,-0.970464825630188,0.880201518535614,0.9864564538002014,0.1327548772096634,0.8744182586669922,0.3474292755126953,-0.9799900650978088,0.955676257610321,0.9621158838272095,0.9801978468894958,0.9808523654937744,0.9938613176345825,0.9038635492324829,0.792602002620697,0.9954993724822998,0.9780601859092712,0.9586186408996582,0.9960241913795471,0.9832496643066406,0.5364070534706116,-0.9690318703651428,-0.9589419364929199,0.985940158367157
-0.9896241426467896,0.991707980632782,0.973759114742279,-0.9751588702201843,0.9952401518821716,1.0,0.9828007221221924,0.9690811038017273,-0.9694766402244568,0.9921266436576843,0.9929397702217102,0.9814497232437134,-0.977118194103241,0.24034568667411804,0.9573670029640198,-0.9585896134376526,0.9633783102035522,-0.9661231637001038,0.8212490081787109,0.919684886932373,0.9828254580497742,0.968690037727356,0.9828726053237915,0.9860177040100098,0.9971857666969299,0.9692119359970093,-0.9875106811523438,0.9900593161582947,0.9912432432174683,0.9974786639213562,0.9894960522651672,0.9683209657669067,-0.986470639705658,0.9795688390731812,0.9386737942695618,0.9815923571586609,0.563018262386322,0.9982116222381592,0.965266764163971,0.9558336138725281,0.8143218159675598,0.9538576006889343,0.9890563488006592,0.9585301876068115,0.08743715286254883,0.8422888517379761,0.9183167815208435,0.9939903616905212,-0.9784960746765137,-0.9656073451042175,0.9957666993141174,0.8745110034942627,0.9758972525596619,0.993179440498352,0.96134352684021,-0.9797781109809875,0.8930881023406982,-0.9621812701225281,0.9805513620376587,0.9629449844360352,-0.9784338474273682,0.9913011193275452,-0.9763519763946533,-0.9796764850616455,0.9531768560409546,0.9913528561592102,0.9730651378631592,0.9858716726303101,0.9838477373123169,0.9939849972724915,0.9894607067108154,0.9811811447143555,-0.9840425848960876,0.9891434907913208,0.9938340187072754,0.8786601424217224,0.9386391043663025,-0.9748393893241882,0.9124554991722107,0.9906297922134399,0.14052370190620422,0.8652517795562744,0.3032584488391876,-0.9861303567886353,0.9613984823226929,0.9743152856826782,0.9751076102256775,0.9709203839302063,0.9986228942871094,0.8705192804336548,0.7381487488746643,0.9887840151786804,0.9606484174728394,0.9697855114936829,0.9889279007911682,0.9946744441986084,0.6103090047836304,-0.9615123271942139,-0.9623104929924011,0.9876613020896912
-0.9913361072540283,0.9730156064033508,0.9766995310783386,-0.9888948202133179,0.9791104197502136,0.9828007221221924,1.0,0.982791006565094,-0.9795408248901367,0.9911783337593079,0.9685563445091248,0.9979806542396545,-0.9917269945144653,0.38194945454597473,0.9882444739341736,-0.9936676621437073,0.957640528678894,-0.9876922369003296,0.7805930972099304,0.9442022442817688,0.9880303740501404,0.949396550655365,0.9870473146438599,0.9857965111732483,0.9823544025421143,0.9898850917816162,-0.9898657202720642,0.995527446269989,0.988559365272522,0.980170726776123,0.9955369830131531,0.9954086542129517,-0.9896200299263,0.9941757917404175,0.9695980548858643,0.9961714148521423,0.47300636768341064,0.9769125580787659,0.9755442142486572,0.9874138236045837,0.8194341659545898,0.9827061891555786,0.9913120269775391,0.9627814888954163,0.18282724916934967,0.9222195744514465,0.9724918603897095,0.9889622330665588,-0.9915905594825745,-0.9873971939086914,0.9802784323692322,0.928397536277771,0.996530294418335,0.9845197200775146,0.9733405709266663,-0.977204442024231,0.9580276608467102,-0.9942427277565002,0.9963743090629578,0.9893280267715454,-0.9878950715065002,0.9788658022880554,-0.9944266080856323,-0.9846181869506836,0.9851556420326233,0.9919164180755615,0.9782928824424744,0.9964486360549927,0.9967376589775085,0.9889023900032043,0.9925625920295715,0.989652693271637,-0.9987189769744873,0.9918009042739868,0.9899197816848755,0.9254654049873352,0.9751610159873962,-0.9974089860916138,0.9011207222938538,0.9804931282997131,0.15816286206245422,0.9064191579818726,0.2178615927696228,-0.9962440729141235,0.9953629970550537,0.9955437183380127,0.993363082408905,0.9767704010009766,0.9846574068069458,0.9073325395584106,0.7588499188423157,0.9809203147888184,0.9704825282096863,0.9943372011184692,0.9873949885368347,0.9823721051216125,0.5883191227912903,-0.9578060507774353,-0.994460940361023,0.9840585589408875
-0.9824573397636414,0.9798763990402222,0.9877039790153503,-0.9871256947517395,0.982231855392456,0.9690811038017273,0.982791006565094,1.0,-0.9877034425735474,0.9880163073539734,0.9560909271240234,0.9712624549865723,-0.9863598942756653,0.44481992721557617,0.9886500239372253,-0.968564510345459,0.9732175469398499,-0.9890349507331848,0.7208513021469116,0.9849727153778076,0.9945248365402222,0.9585301876068115,0.9963167309761047,0.992645263671875,0.9773205518722534,0.9901736378669739,-0.9819167852401733,0.9852562546730042,0.9810476303100586,0.9708855152130127,0.9782842993736267,0.984666645526886,-0.982882022857666,0.9950447678565979,0.9910536408424377,0.9827362895011902,0.3484315574169159,0.9589393734931946,0.9432044625282288,0.961546003818512,0.8979823589324951,0.9942445755004883,0.9658361673355103,0.9607278108596802,0.1113993376493454,0.9291571378707886,0.9692227840423584,0.9784836769104004,-0.9871366620063782,-0.9916119575500488,0.9537360668182373,0.8851128816604614,0.9860463738441467,0.9840293526649475,0.9869474768638611,-0.9766522645950317,0.935603141784668,-0.976957380771637,0.9777898788452148,0.9942029714584351,-0.9860777854919434,0.9820391535758972,-0.9905757308006287,-0.9754839539527893,0.9414291381835938,0.966694712638855,0.9957808256149292,0.9755554795265198,0.9788153767585754,0.9884137511253357,0.9695716500282288,0.9970614314079285,-0.9897481203079224,0.9773474335670471,0.9896941781044006,0.9620986580848694,0.9633011817932129,-0.9819995760917664,0.8533639311790466,0.9747182130813599,0.19380556046962738,0.9297728538513184,0.3291189670562744,-0.9802291989326477,0.9712032079696655,0.9625536203384399,0.9960424900054932,0.9907891154289246,0.9692690968513489,0.9481895565986633,0.8558787107467651,0.9912347793579102,0.9968830347061157,0.962273120880127,0.9903522729873657,0.9541784524917603,0.4367743134498596,-0.9752711057662964,-0.9796230792999268,0.98177170753479
0.989935576915741,-0.9842577576637268,-0.9990924000740051,0.995668888092041,-0.9747137427330017,-0.9694766402244568,-0.9795408248901367,-0.9877034425735474,1.0,-0.9913873076438904,-0.9554221630096436,-0.9750332236289978,0.9927994608879089,-0.3584340810775757,-0.9676092267036438,0.9616191387176514,-0.9940658807754517,0.9956112504005432,-0.7500832080841064,-0.9736418128013611,-0.9943146705627441,-0.9842979907989502,-0.9871645569801331,-0.993298351764679,-0.9825941324234009,-0.9854875206947327,0.993451714515686,-0.9879545569419861,-0.9911361336708069,-0.9798635840415955,-0.9863908886909485,-0.9697113633155823,0.9940536618232727,-0.9879968166351318,-0.9792687296867371,-0.9819828867912292,-0.39484357833862305,-0.9681844711303711,-0.9406586289405823,-0.9440532326698303,-0.8943894505500793,-0.9876725673675537,-0.9769219160079956,-0.9671813249588013,-0.23085996508598328,-0.9117172360420227,-0.9503266215324402,-0.9886999726295471,0.9960082769393921,0.9959081411361694,-0.9635597467422485,-0.8481941223144531,-0.9711422920227051,-0.983953595161438,-0.9553811550140381,0.9954452514648438,-0.9217705130577087,0.9805572032928467,-0.9751741290092468,-0.990649938583374,0.9981011748313904,-0.9831799864768982,0.9945909976959229,0.9941146373748779,-0.9527785181999207,-0.9671486616134644,-0.9930575489997864,-0.9748332500457764,-0.9650269746780396,-0.9868813753128052,-0.9574286341667175,-0.9924806356430054,0.986477792263031,-0.9625499844551086,-0.987740159034729,-0.9174102544784546,-0.9450756311416626,0.9854664206504822,-0.911015510559082,-0.9821312427520752,-0.2136015146970749,-0.9196558594703674,-0.39017030596733093,0.9833657145500183,-0.9680852890014648,-0.9684138298034668,-0.9918302893638611,-0.9970768094062805,-0.9730944633483887,-0.9213612675666809,-0.8431413769721985,-0.9869085550308228,-0.9759616851806641,-0.9577412009239197,-0.9791055917739868,-0.9645907282829285,-0.46645742654800415,0.9948118329048157,0.9802747964859009,-0.991696834564209
-0.9957872033119202,0.9942654967308044,0.9923659563064575,-0.9915947914123535,0.9934089779853821,0.9921266436576843,0.9911783337593079,0.9880163073539734,-0.9913873076438904,1.0,0.9783862829208374,0.9881756901741028,-0.9913852214813232,0.3217724859714508,0.9737724661827087,-0.970866322517395,0.9826492071151733,-0.9879772663116455,0.7764596343040466,0.954047441482544,0.9977163076400757,0.9805527329444885,0.9928215742111206,0.996218204498291,0.9959855079650879,0.9895092844963074,-0.9965855479240417,0.9984909892082214,0.9989323019981384,0.9949358105659485,0.995199978351593,0.9799046516418457,-0.9962739944458008,0.9945880770683289,0.9713345170021057,0.9891601800918579,0.47216805815696716,0.9895815253257751,0.9579566717147827,0.9606534838676453,0.8646035194396973,0.9819543361663818,0.9891536235809326,0.976027250289917,0.1569020301103592,0.8924862742424011,0.948819637298584,0.99797523021698,-0.994128406047821,-0.9883397221565247,0.9853118062019348,0.8811591863632202,0.9857216477394104,0.9977675676345825,0.9684250354766846,-0.9921477437019348,0.9239111542701721,-0.9804031848907471,0.9898260831832886,0.9873138070106506,-0.994848906993866,0.9922430515289307,-0.9938418865203857,-0.9920956492424011,0.9626787900924683,0.9862746596336365,0.989625096321106,0.9879779815673828,0.9855291843414307,0.9975281357765198,0.9833998084068298,0.9964004158973694,-0.9943956136703491,0.9876070618629456,0.9991572499275208,0.9127427935600281,0.9500762820243835,-0.9886597394943237,0.9089884161949158,0.9904792904853821,0.15247750282287598,0.8944122195243835,0.338932067155838,-0.9918326735496521,0.9760323166847229,0.9807730913162231,0.9923776984214783,0.992369532585144,0.9941427111625671,0.9133747816085815,0.8010240793228149,0.9946877956390381,0.9774309992790222,0.9735051393508911,0.9947719573974609,0.9876763224601746,0.543083906173706,-0.9826039671897888,-0.9803957939147949,0.9945529699325562
-0.9843246340751648,0.983368456363678,0.9626662731170654,-0.9675965905189514,0.9857156276702881,0.9929397702217102,0.9685563445091248,0.9560909271240234,-0.9554221630096436,0.9783862829208374,1.0,0.9645531177520752,-0.970491349697113,0.19935983419418335,0.9460286498069763,-0.9450992345809937,0.9537356495857239,-0.9553862810134888,0.8718481063842773,0.9116460680961609,0.9658690690994263,0.9556959867477417,0.9771148562431335,0.9797905683517456,0.991449236869812,0.9432259798049927,-0.979023814201355,0.9726967811584473,0.9760538935661316,0.9891813397407532,0.9798386693000793,0.9567599296569824,-0.9784521460533142,0.9609525799751282,0.9126645922660828,0.9767521619796753,0.5929430723190308,0.9904204607009888,0.9746736884117126,0.9491428136825562,0.7784721255302429,0.9316760301589966,0.9835091233253479,0.9200331568717957,0.04111598804593086,0.8088517785072327,0.892250657081604,0.98412024974823,-0.9680957198143005,-0.9537363648414612,0.99260413646698,0.8416290879249573,0.9581757187843323,0.9764623641967773,0.9589656591415405,-0.9719802141189575,0.8580846786499023,-0.9483296871185303,0.9572271704673767,0.9430320858955383,-0.9666891694068909,0.991739809513092,-0.9625009894371033,-0.9708744287490845,0.9355267882347107,0.988644540309906,0.9672244191169739,0.9809727072715759,0.9713449478149414,0.987869381904602,0.9813863635063171,0.9651182293891907,-0.9722391963005066,0.9732298254966736,0.9822968244552612,0.860072135925293,0.941135823726654,-0.9628686904907227,0.9180870056152344,0.9927182197570801,0.23677624762058258,0.8832653164863586,0.2832980453968048,-0.9803693890571594,0.9429482221603394,0.9595822095870972,0.9629924893379211,0.9517952799797058,0.9857999682426453,0.8268249034881592,0.7035278677940369,0.9835041165351868,0.9534241557121277,0.9601181149482727,0.9721237421035767,0.9808430671691895,0.6092897057533264,-0.9501609802246094,-0.9496337175369263,0.9844223260879517
-0.9886285662651062,0.9680413007736206,0.971250593662262,-0.984468936920166,0.9728590846061707,0.9814497232437134,0.9979806542396545,0.9712624549865723,-0.9750332236289978,0.9881756901741028,0.9645531177520752,1.0,-0.9874972701072693,0.34831151366233826,0.9776191711425781,-0.9916270971298218,0.9532386660575867,-0.9823348522186279,0.7869477272033691,0.9260869026184082,0.982412576675415,0.9488922357559204,0.9770843982696533,0.9785434007644653,0.979495108127594,0.985670804977417,-0.9882649779319763,0.9943215847015381,0.9881863594055176,0.9796227812767029,0.9954226016998291,0.9886872172355652,-0.9875377416610718,0.9883206486701965,0.9587336778640747,0.9921218156814575,0.5065636038780212,0.9785854816436768,0.9732139706611633,0.9825795888900757,0.8013696670532227,0.9743830561637878,0.9931113719940186,0.9647088646888733,0.22296307981014252,0.9124972224235535,0.9646387100219727,0.9884185194969177,-0.9884066581726074,-0.9811661839485168,0.9827796220779419,0.9281334280967712,0.9913156628608704,0.9813496470451355,0.9572694301605225,-0.9754722714424133,0.9566894769668579,-0.9925656914710999,0.9966325759887695,0.9827617406845093,-0.9851778745651245,0.9720572233200073,-0.9905587434768677,-0.9845280051231384,0.9917959570884705,0.99127197265625,0.9676192998886108,0.994376540184021,0.9929090738296509,0.9831935167312622,0.9899740219116211,0.9826480150222778,-0.9944865107536316,0.9882873892784119,0.9850327968597412,0.9030352234840393,0.9649916291236877,-0.9954609274864197,0.9158778786659241,0.9764308929443359,0.1329568326473236,0.8868372440338135,0.2106867879629135,-0.9939429759979248,0.9948058724403381,0.998715341091156,0.9861509203910828,0.971055805683136,0.9852124452590942,0.8927130103111267,0.7341094017028809,0.9722698330879211,0.9544745683670044,0.9942399263381958,0.9809600114822388,0.9871960878372192,0.6260777711868286,-0.9529334902763367,-0.9914495944976807,0.9802508354187012
0.9970940947532654,-0.9791996479034424,-0.991465151309967,0.9995666742324829,-0.975559413433075,-0.977118194103241,-0.9917269945144653,-0.9863598942756653,0.9927994608879089,-0.9913852214813232,-0.970491349697113,-0.9874972701072693,1.0,-0.36068210005760193,-0.981756329536438,0.9825377464294434,-0.9800134301185608,0.9980155229568481,-0.8008091449737549,-0.9650936126708984,-0.989864706993103,-0.9670570492744446,-0.9915770292282104,-0.994256854057312,-0.9854533672332764,-0.9826308488845825,0.9967399835586548,-0.9905152916908264,-0.9895721673965454,-0.9813750386238098,-0.99542635679245,-0.9863726496696472,0.9973151087760925,-0.9894121289253235,-0.9702016115188599,-0.9969318509101868,-0.44668054580688477,-0.9734624028205872,-0.9737055897712708,-0.9728714227676392,-0.8422991037368774,-0.9837691783905029,-0.9908385872840881,-0.950349748134613,-0.21087253093719482,-0.9151404500007629,-0.9599766135215759,-0.991540253162384,0.9992020726203918,0.9970454573631287,-0.9768187999725342,-0.8792327642440796,-0.9826164841651917,-0.980603814125061,-0.9692198038101196,0.991943359375,-0.9349923133850098,0.9930573105812073,-0.9817331433296204,-0.9899945259094238,0.9973360300064087,-0.9878497123718262,0.9979384541511536,0.9956008791923523,-0.9728986620903015,-0.9863374829292297,-0.991154134273529,-0.9926995038986206,-0.981738269329071,-0.991490364074707,-0.9771260619163513,-0.9903231263160706,0.9957451820373535,-0.9739372134208679,-0.9891209602355957,-0.9199845790863037,-0.9739109873771667,0.9966834783554077,-0.9229094982147217,-0.9903692603111267,-0.25483933091163635,-0.9383968114852905,-0.2877860963344574,0.9968032240867615,-0.983801543712616,-0.9853647947311401,-0.9961023330688477,-0.9852011203765869,-0.9771988987922668,-0.8974385857582092,-0.788274347782135,-0.9872226715087891,-0.9761589765548706,-0.981821596622467,-0.9793338775634766,-0.9721976518630981,-0.5305987000465393,0.9795712232589722,0.9934163093566895,-0.9950676560401917
-0.3031049370765686,0.2606859505176544,0.33546045422554016,-0.35911262035369873,0.2941043972969055,0.24034568667411804,0.38194945454597473,0.44481992721557617,-0.3584340810775757,0.3217724859714508,0.19935983419418335,0.34831151366233826,-0.36068210005760193,1.0,0.49801918864250183,-0.43914923071861267,0.2821865379810333,-0.40090858936309814,-0.12094365060329437,0.5067797303199768,0.3722703158855438,0.21024741232395172,0.3821850121021271,0.3391229510307312,0.2518347501754761,0.43827083706855774,-0.3005877733230591,0.3393261730670929,0.2927243709564209,0.22849547863006592,0.30843114852905273,0.45262470841407776,-0.30595046281814575,0.4162466526031494,0.5236693620681763,0.3623213469982147,-0.5374631285667419,0.19604557752609253,0.2952316403388977,0.44019559025764465,0.47336557507514954,0.4865405559539795,0.2672523558139801,0.3521127998828888,0.05424116551876068,0.6829096078872681,0.5821712613105774,0.2731132209300995,-0.35500699281692505,-0.4132165014743805,0.1969889998435974,0.5436087250709534,0.4360124468803406,0.30710434913635254,0.4624825716018677,-0.2741227149963379,0.5801953673362732,-0.41829320788383484,0.3811885714530945,0.45837369561195374,-0.33929243683815,0.2773585617542267,-0.3901073634624481,-0.29018160700798035,0.35363149642944336,0.2833057940006256,0.38316208124160767,0.3343227505683899,0.3863082230091095,0.31405535340309143,0.33150342106819153,0.39561063051223755,-0.38455209136009216,0.35919228196144104,0.32574740052223206,0.6630913019180298,0.4716263711452484,-0.3861828148365021,0.028691405430436134,0.2540881335735321,0.03497134521603584,0.4945239722728729,-0.16317936778068542,-0.3332846164703369,0.43360668420791626,0.3464518189430237,0.41933926939964294,0.37168794870376587,0.24789203703403473,0.612800121307373,0.5637902617454529,0.3261878490447998,0.4569821357727051,0.3786778450012207,0.36630386114120483,0.2161182314157486,-0.2274826616048813,-0.29788219928741455,-0.4286724627017975,0.2852329909801483
-0.9738562107086182,0.9530740976333618,0.964148223400116,-0.978665292263031,0.9641406536102295,0.9573670029640198,0.9882444739341736,0.9886500239372253,-0.9676092267036438,0.9737724661827087,0.9460286498069763,0.9776191711425781,-0.981756329536438,0.49801918864250183,1.0,-0.9891454577445984,0.9390040040016174,-0.9822373986244202,0.7337716221809387,0.9665265679359436,0.9781082272529602,0.9182207584381104,0.9862031936645508,0.9769559502601624,0.959722638130188,0.9835391640663147,-0.9699555039405823,0.9771650433540344,0.9647688865661621,0.9519117474555969,0.9747024774551392,0.9976707100868225,-0.9709304571151733,0.9890055060386658,0.9804356098175049,0.9869636297225952,0.3632592260837555,0.9432776570320129,0.9627169370651245,0.9885945916175842,0.8356173038482666,0.9871945977210999,0.965377926826477,0.9380818009376526,0.12129020690917969,0.9504921436309814,0.9874083995819092,0.9647035002708435,-0.9787412285804749,-0.9839375019073486,0.9471789002418518,0.9333668351173401,0.9936187863349915,0.965276300907135,0.9902233481407166,-0.9548711776733398,0.9644982814788818,-0.986263632774353,0.9798505306243896,0.9891951680183411,-0.9724472761154175,0.965025007724762,-0.9852526187896729,-0.9619025588035583,0.9611411690711975,0.9714992642402649,0.978253960609436,0.9822461009025574,0.9884675741195679,0.9758322238922119,0.978452742099762,0.9840756058692932,-0.9900908470153809,0.9794824719429016,0.9757432341575623,0.9691329002380371,0.9882311224937439,-0.9864794015884399,0.8417750000953674,0.9615517258644104,0.20481432974338531,0.9384965300559998,0.18493041396141052,-0.9816508889198303,0.987036943435669,0.9745722413063049,0.9916208386421204,0.9664117693901062,0.9562765955924988,0.9304612874984741,0.7954210638999939,0.9727511405944824,0.9847276210784912,0.982210636138916,0.978300154209137,0.9459214806556702,0.49517786502838135,-0.9409194588661194,-0.9893949031829834,0.9664342999458313
0.9760463833808899,-0.9424245953559875,-0.9552993178367615,0.9778335690498352,-0.9519798755645752,-0.9585896134376526,-0.9936676621437073,-0.968564510345459,0.9616191387176514,-0.970866322517395,-0.9450992345809937,-0.9916270971298218,0.9825377464294434,-0.43914923071861267,-0.9891454577445984,1.0,-0.929801881313324,0.9795344471931458,-0.7720922231674194,-0.9327243566513062,-0.9684246182441711,-0.913790762424469,-0.9712070226669312,-0.966550886631012,-0.9572409987449646,-0.9779450297355652,0.9731222987174988,-0.9792549014091492,-0.9668978452682495,-0.9533160328865051,-0.9829870462417603,-0.9957135915756226,0.973252534866333,-0.9814202785491943,-0.9598329663276672,-0.9903414845466614,-0.447335809469223,-0.9500010013580322,-0.9769431948661804,-0.9957915544509888,-0.7800939679145813,-0.9743931293487549,-0.9795464277267456,-0.9369205236434937,-0.21762624382972717,-0.9422321319580078,-0.9823153018951416,-0.9684116244316101,0.9797565340995789,0.9786502122879028,-0.9599812030792236,-0.9481737017631531,-0.9911006093025208,-0.9588826298713684,-0.9653379917144775,0.9554249048233032,-0.9748122096061707,0.9954980611801147,-0.9865433573722839,-0.9813928604125977,0.972598135471344,-0.9558899998664856,0.9847257137298584,0.9685795903205872,-0.9902275204658508,-0.9815618991851807,-0.9603698253631592,-0.9900634288787842,-0.9902587532997131,-0.9689158797264099,-0.9830809235572815,-0.9725430011749268,0.9899206757545471,-0.9778947234153748,-0.9687700271606445,-0.9288347959518433,-0.9864305257797241,0.993523120880127,-0.8854926824569702,-0.9605002403259277,-0.18655405938625336,-0.9173030853271484,-0.12609678506851196,0.9876610040664673,-0.9986512660980225,-0.9937179088592529,-0.9840055108070374,-0.9543502926826477,-0.9602165818214417,-0.8936125040054321,-0.7266130447387695,-0.9576944708824158,-0.9552909731864929,-0.9973045587539673,-0.9664341807365417,-0.9605790376663208,-0.5971082448959351,0.9302829504013062,0.9960023760795593,-0.9647439122200012
-0.981391191482544,0.9858798980712891,0.9965313673019409,-0.9849331378936768,0.9694206714630127,0.9633783102035522,0.957640528678894,0.9732175469398499,-0.9940658807754517,0.9826492071151733,0.9537356495857239,0.9532386660575867,-0.9800134301185608,0.2821865379810333,0.9390040040016174,-0.929801881313324,1.0,-0.9817427396774292,0.7602137327194214,0.9631050825119019,0.984213650226593,0.9949191212654114,0.9760563969612122,0.9869751930236816,0.9801694750785828,0.9651704430580139,-0.9861621856689453,0.9741896390914917,0.9843460917472839,0.9783271551132202,0.9736469984054565,0.9417425394058228,-0.9867296814918518,0.9699764251708984,0.9584294557571411,0.9642952084541321,0.41143593192100525,0.9658793807029724,0.9205655455589294,0.909972608089447,0.9017475247383118,0.9673161506652832,0.965019166469574,0.9551771283149719,0.21746888756752014,0.8664725422859192,0.9114592671394348,0.9826604127883911,-0.9845094084739685,-0.9816967248916626,0.9576069116592407,0.7906513214111328,0.9447808265686035,0.9770062565803528,0.9342291355133057,-0.9950565099716187,0.8747625946998596,-0.9561498761177063,0.952508807182312,0.9707869291305542,-0.9897509217262268,0.9813218712806702,-0.9790650606155396,-0.9884146451950073,0.9237985610961914,0.9520221948623657,0.9864722490310669,0.9565257430076599,0.9405015110969543,0.9793910980224609,0.9362708330154419,0.9798122644424438,-0.9680675268173218,0.9418458342552185,0.9790335297584534,0.8831835985183716,0.9140655398368835,-0.9651400446891785,0.918628454208374,0.9796922206878662,0.2361072450876236,0.9024658203125,0.47163721919059753,-0.9680062532424927,0.9378125667572021,0.944339394569397,0.9749754071235657,0.9912335872650146,0.9659993052482605,0.8959646224975586,0.8469817042350769,0.9824444055557251,0.9627790451049805,0.9292263388633728,0.9660471081733704,0.9558954238891602,0.43967360258102417,-0.9997950792312622,-0.955478310585022,0.9881755709648132
0.9915029406547546,-0.9738608002662659,-0.9928596615791321,0.9987695217132568,-0.9686070680618286,-0.9661231637001038,-0.9876922369003296,-0.9890349507331848,0.9956112504005432,-0.9879772663116455,-0.9553862810134888,-0.9823348522186279,0.9980155229568481,-0.40090858936309814,-0.9822373986244202,0.9795344471931458,-0.9817427396774292,1.0,-0.7661052346229553,-0.9751362204551697,-0.9903748035430908,-0.9657909274101257,-0.9891935586929321,-0.9916477203369141,-0.977409303188324,-0.9860185384750366,0.9926612377166748,-0.9872561693191528,-0.9858342409133911,-0.9727532863616943,-0.9895580410957336,-0.9840224981307983,0.9935593605041504,-0.9898941516876221,-0.9802302718162537,-0.9916731715202332,-0.3939698338508606,-0.9618096947669983,-0.9597800970077515,-0.9663543105125427,-0.8653783202171326,-0.990635097026825,-0.9816688299179077,-0.9539510011672974,-0.23465918004512787,-0.9324633479118347,-0.9676015377044678,-0.9854928255081177,0.9982191324234009,0.9997646808624268,-0.9632581472396851,-0.8763197064399719,-0.9803289771080017,-0.9765816926956177,-0.9662222266197205,0.9895190596580505,-0.9425048232078552,0.9927254319190979,-0.9790697693824768,-0.9945406913757324,0.9969620108604431,-0.9805870652198792,0.9982331395149231,0.9926713705062866,-0.9676746726036072,-0.9750475287437439,-0.991865873336792,-0.9847860336303711,-0.9750807285308838,-0.9857727289199829,-0.9665369391441345,-0.9910043478012085,0.9927686452865601,-0.9667297601699829,-0.9847788214683533,-0.931823194026947,-0.969959557056427,0.9945018887519836,-0.9091004133224487,-0.9817047119140625,-0.24862459301948547,-0.9423136711120605,-0.30875062942504883,0.9906560182571411,-0.9822887778282166,-0.9793745875358582,-0.9967474341392517,-0.9890087246894836,-0.9680263996124268,-0.9157891273498535,-0.8181152939796448,-0.9832023978233337,-0.9782188534736633,-0.9744539856910706,-0.9762864112854004,-0.9611432552337646,-0.48852553963661194,0.9823813438415527,0.9931228756904602,-0.9899688959121704
-0.8213894367218018,0.7852446436882019,0.7610659599304199,-0.7922804951667786,0.7777750492095947,0.8212490081787109,0.7805930972099304,0.7208513021469116,-0.7500832080841064,0.7764596343040466,0.8718481063842773,0.7869477272033691,-0.8008091449737549,-0.12094365060329437,0.7337716221809387,-0.7720922231674194,0.7602137327194214,-0.7661052346229553,1.0,0.6712348461151123,0.7397116422653198,0.7622791528701782,0.7753985524177551,0.7875639796257019,0.8175559639930725,0.6956282258033752,-0.8085815906524658,0.7686986327171326,0.7811409831047058,0.8156705498695374,0.8147947192192078,0.7617394328117371,-0.807837963104248,0.7320669889450073,0.636701226234436,0.816340446472168,0.794078528881073,0.8297865986824036,0.8858696222305298,0.7899126410484314,0.4215105175971985,0.6830410361289978,0.8449588418006897,0.6455531716346741,0.08445270359516144,0.5428491234779358,0.6475434899330139,0.8097361922264099,-0.7868536710739136,-0.7551017999649048,0.8595415353775024,0.6189404726028442,0.7412455677986145,0.7575995922088623,0.7467733025550842,-0.801345705986023,0.6192936897277832,-0.7723686099052429,0.7426338791847229,0.7114564776420593,-0.7801607847213745,0.8244502544403076,-0.765785276889801,-0.8087583184242249,0.7904847860336304,0.8489879369735718,0.7618196606636047,0.829198956489563,0.7800995707511902,0.8020317554473877,0.8108563423156738,0.737293541431427,-0.7808770537376404,0.763857901096344,0.7783789038658142,0.5701146125793457,0.7956636548042297,-0.7875464558601379,0.8977892398834229,0.8483689427375793,0.49566414952278137,0.7611637711524963,0.06954466551542282,-0.8227301836013794,0.7555468678474426,0.8006066679954529,0.75621098279953,0.7165165543556213,0.8012444376945496,0.4667629301548004,0.33195170760154724,0.7843108177185059,0.7181347608566284,0.8080630898475647,0.739810049533844,0.8165127635002136,0.7287962436676025,-0.747954785823822,-0.7716126441955566,0.8215298652648926
-0.9520532488822937,0.9479670524597168,0.9732481241226196,-0.9688112139701843,0.9424927830696106,0.919684886932373,0.9442022442817688,0.9849727153778076,-0.9736418128013611,0.954047441482544,0.9116460680961609,0.9260869026184082,-0.9650936126708984,0.5067797303199768,0.9665265679359436,-0.9327243566513062,0.9631050825119019,-0.9751362204551697,0.6712348461151123,1.0,0.9687151312828064,0.9356955289840698,0.9747024178504944,0.9706653356552124,0.939480185508728,0.9608720541000366,-0.9526727795600891,0.9465997219085693,0.9447256922721863,0.9283251166343689,0.9410979747772217,0.9535532593727112,-0.9552162885665894,0.9658183455467224,0.9825132489204407,0.952445387840271,0.2197658270597458,0.9073601961135864,0.9027324914932251,0.9223837852478027,0.9234557151794434,0.9805419445037842,0.9234805703163147,0.9183895587921143,0.13009318709373474,0.9312909841537476,0.9503569006919861,0.941484272480011,-0.9646577835083008,-0.9785386919975281,0.9012947082519531,0.8218932151794434,0.9478176832199097,0.9446778297424316,0.9656344056129456,-0.9546716809272766,0.9045528173446655,-0.9503887295722961,0.932360053062439,0.976069450378418,-0.9644107222557068,0.9541975855827332,-0.9672136306762695,-0.9499102234840393,0.8944180607795715,0.9203988313674927,0.9846600890159607,0.9367364645004272,0.9334661364555359,0.9565357565879822,0.917767345905304,0.9724078178405762,-0.9579645991325378,0.9266217350959778,0.9553440809249878,0.9658713340759277,0.9439233541488647,-0.952437698841095,0.8144236207008362,0.9445480108261108,0.29459434747695923,0.9566441774368286,0.38244056701660156,-0.9464321136474609,0.9343038201332092,0.9171661138534546,0.9755131006240845,0.9735413193702698,0.9185190796852112,0.943589448928833,0.903774619102478,0.9661154747009277,0.9869818687438965,0.9178577661514282,0.9528201222419739,0.8962278366088867,0.2968188524246216,-0.9663130044937134,-0.9544793367385864,0.9562312960624695
