1.0,-0.8443224430084229,-0.5324426293373108,0.9841357469558716,-0.5898247957229614,-0.8951181173324585,-0.2644045650959015,-0.33297988772392273,0.980211615562439,-0.6950907707214355,-0.8082024455070496,-0.6588647961616516,0.9716652035713196,-0.4800370931625366,-0.8544259071350098,0.9383927583694458,-0.23948021233081818,0.9888433814048767,-0.9151254892349243,-0.6874913573265076,-0.9212443828582764,-0.8237273097038269,-0.8729633688926697,-0.4997667372226715,-0.5492039322853088,-0.20058973133563995,0.9912038445472717,-0.854354977607727,-0.7590712308883667,-0.8358293771743774,-0.8005403280258179,-0.25290873646736145,0.9896091818809509,-0.900181770324707,-0.47671887278556824,-0.9511924982070923,-0.7202728390693665,-0.2623461186885834,-0.7554157376289368,-0.5205322504043579,-0.787680983543396,-0.7003101706504822,-0.48578158020973206,-0.1964729130268097,-0.3116150200366974,-0.47064700722694397,-0.8554338216781616,-0.9663458466529846,0.9893642067909241,0.9838392734527588,-0.5523979067802429,-0.8497183918952942,-0.8451231718063354,-0.6686058640480042,-0.21172134578227997,0.9878314137458801,-0.9497242569923401,0.9725418090820312,-0.6327294707298279,-0.3569873571395874,0.9747139811515808,-0.7603444457054138,0.9856523871421814,0.9666979908943176,-0.4246005117893219,-0.8776219487190247,-0.2746593952178955,-0.8517788052558899,-0.8636810779571533,-0.6950294375419617,-0.5305947065353394,-0.731137752532959,0.9902156591415405,-0.3812629282474518,-0.8934140801429749,-0.7295737266540527,-0.2295629382133484,0.9704707264900208,-0.7498605251312256,-0.7002541422843933,-0.25518599152565,-0.4969318211078644,-0.43868330121040344,0.9711817502975464,-0.6211568117141724,-0.6038245558738708,-0.8516140580177307,-0.2611508071422577,-0.9217730760574341,-0.2972211539745331,-0.6296138763427734,-0.5747489929199219,-0.3644607961177826,-0.6791641712188721,-0.6425676345825195,-0.7664823532104492,-0.3157806992530823,0.9718547463417053,0.9591619968414307,-0.8340540528297424
-0.8443224430084229,1.0,0.5920954942703247,-0.8094590902328491,0.39050784707069397,0.7561317086219788,0.20009425282478333,0.36000746488571167,-0.8412075042724609,0.5546264052391052,0.6286755204200745,0.4151966869831085,-0.8702008128166199,0.564193844795227,0.789398729801178,-0.7481122612953186,0.23915381729602814,-0.8419130444526672,0.724500298500061,0.573744535446167,0.696614146232605,0.6853522658348083,0.7928456664085388,0.447694331407547,0.39869242906570435,0.009770275093615055,-0.8394109010696411,0.7176547050476074,0.5438502430915833,0.780594527721405,0.6120376586914062,0.31821051239967346,-0.8426939845085144,0.7670995593070984,0.332729697227478,0.8351431488990784,0.5745258927345276,0.2470463514328003,0.6445368528366089,0.5234570503234863,0.7341724038124084,0.43405967950820923,0.27254682779312134,0.1851697862148285,0.34818971157073975,0.2946842610836029,0.5637664198875427,0.8110170364379883,-0.850456714630127,-0.8260881900787354,0.5525707006454468,0.6957367658615112,0.7545176148414612,0.5616962909698486,0.09470804035663605,-0.8538778424263,0.8105420470237732,-0.8089054226875305,0.5200778841972351,0.3444270193576813,-0.8579351902008057,0.6891788840293884,-0.8605495691299438,-0.7921702861785889,0.33168670535087585,0.7110376358032227,0.45188403129577637,0.8327867388725281,0.7694781422615051,0.5085928440093994,0.38577327132225037,0.4833134412765503,-0.8482239842414856,0.4186049699783325,0.8219034075737,0.519851565361023,0.14408017694950104,-0.8072230815887451,0.6819584965705872,0.560329258441925,0.16343599557876587,0.32368817925453186,0.34671270847320557,-0.8575112819671631,0.4713980257511139,0.4672730565071106,0.6907947659492493,0.13190624117851257,0.7880321145057678,0.5510055422782898,0.6209686994552612,0.6921491026878357,0.12141977250576019,0.5673377513885498,0.6032055616378784,0.8119500875473022,0.1729060560464859,-0.8412343263626099,-0.8178226947784424,0.8239525556564331
-0.5324426293373108,0.5920954942703247,1.0,-0.5299709439277649,0.4879472553730011,0.5631642937660217,0.194247305393219,0.19209538400173187,-0.5535758137702942,0.291589617729187,0.3791544735431671,0.2577028274536133,-0.6069294810295105,0.3844688832759857,0.6534990668296814,-0.37436068058013916,-0.10110356658697128,-0.5428699254989624,0.49146902561187744,0.4068770408630371,0.40042752027511597,0.48860684037208557,0.43067923188209534,0.2965620458126068,0.45105016231536865,0.2833760380744934,-0.5579097867012024,0.6207488775253296,0.39019161462783813,0.5819818377494812,0.6663385629653931,0.2121458798646927,-0.5409672260284424,0.6990231275558472,0.4906359910964966,0.622298002243042,0.18995772302150726,0.04194744676351547,0.3579154908657074,0.5513352751731873,0.42476513981819153,0.31336286664009094,0.11000623553991318,0.062001775950193405,-0.0771840512752533,0.07577008008956909,0.5732792615890503,0.5828394889831543,-0.5193681716918945,-0.5106340050697327,0.671040952205658,0.6930995583534241,0.45305120944976807,0.30217254161834717,0.12018854916095734,-0.5619129538536072,0.5253203511238098,-0.511184573173523,0.42087677121162415,0.10766928642988205,-0.6183324456214905,0.39752766489982605,-0.5318494439125061,-0.5148245692253113,0.4197544455528259,0.5167762041091919,0.4117496907711029,0.6324666738510132,0.30806630849838257,0.28977417945861816,0.13080117106437683,0.051753439009189606,-0.5756815075874329,0.2162204384803772,0.5250644087791443,0.23953373730182648,0.200448140501976,-0.5081023573875427,0.4597756862640381,0.4045883119106293,0.12388350814580917,0.03840472176671028,-0.19616994261741638,-0.5697676539421082,0.2899210751056671,0.019570298492908478,0.25263336300849915,0.01892782561480999,0.4525168538093567,0.18863174319267273,0.20610591769218445,0.5816320180892944,0.13684505224227905,0.23349837958812714,0.3921487033367157,0.48624274134635925,0.04248816892504692,-0.5135850310325623,-0.5029560923576355,0.6091316938400269
0.9841357469558716,-0.8094590902328491,-0.5299709439277649,1.0,-0.5634267926216125,-0.8870499730110168,-0.2453157752752304,-0.33389800786972046,0.9750053286552429,-0.6556840538978577,-0.8230135440826416,-0.6961064338684082,0.9585000276565552,-0.47483906149864197,-0.8858644962310791,0.9540483951568604,-0.17742295563220978,0.9813888669013977,-0.9212664365768433,-0.7020347118377686,-0.9214491844177246,-0.7459309101104736,-0.8238734006881714,-0.5357818603515625,-0.5736488699913025,-0.25921526551246643,0.9916546940803528,-0.8461127877235413,-0.7324566841125488,-0.8651032447814941,-0.8004163503646851,-0.2634846568107605,0.985751748085022,-0.8803738951683044,-0.4816049635410309,-0.9397022128105164,-0.6934448480606079,-0.24129733443260193,-0.7062967419624329,-0.4374127984046936,-0.7771746516227722,-0.7447910308837891,-0.4256017208099365,-0.22286762297153473,-0.2778393030166626,-0.456991046667099,-0.8683344721794128,-0.9561311602592468,0.9854459762573242,0.9812011122703552,-0.512803852558136,-0.8276944160461426,-0.8562493920326233,-0.667241632938385,-0.20858214795589447,0.9705913066864014,-0.943115770816803,0.968869149684906,-0.6459518671035767,-0.3912968337535858,0.9648456573486328,-0.740875244140625,0.9790604114532471,0.9749939441680908,-0.361632764339447,-0.9008696675300598,-0.32640570402145386,-0.8340617418289185,-0.8566953539848328,-0.7318216562271118,-0.5399941205978394,-0.7602388858795166,0.980434775352478,-0.3576715886592865,-0.886587381362915,-0.7233595252037048,-0.25770434737205505,0.966212809085846,-0.7705528736114502,-0.6919591426849365,-0.23427985608577728,-0.5654506683349609,-0.464252769947052,0.9656303524971008,-0.6066038608551025,-0.5839959383010864,-0.8537401556968689,-0.2898484468460083,-0.9346666932106018,-0.3048394024372101,-0.6409027576446533,-0.5734175443649292,-0.43314042687416077,-0.6155731081962585,-0.5845198035240173,-0.7344577312469482,-0.35198622941970825,0.9736700057983398,0.973080039024353,-0.8135146498680115
-0.5898247957229614,0.39050784707069397,0.4879472553730011,-0.5634267926216125,1.0,0.6649157404899597,0.1534276008605957,0.09338031709194183,-0.6246960759162903,0.7127657532691956,0.47324973344802856,0.3838823437690735,-0.6193541288375854,0.3975293040275574,0.435163289308548,-0.6017781496047974,0.2766963839530945,-0.5946597456932068,0.6228437423706055,0.7100453972816467,0.48120659589767456,0.5738862752914429,0.40528324246406555,0.049895837903022766,0.4621502757072449,0.2523585259914398,-0.5871179699897766,0.6311253309249878,0.3837531507015228,0.5340548157691956,0.5559717416763306,0.3153477609157562,-0.6061829328536987,0.5737308263778687,0.3605901896953583,0.6242931485176086,0.47118112444877625,-0.027498014271259308,0.6009580492973328,0.6904513835906982,0.6061089038848877,0.49027037620544434,0.34080007672309875,0.0817301943898201,-0.03786139935255051,0.34446290135383606,0.5999416708946228,0.6066904664039612,-0.5811116695404053,-0.6437256932258606,0.3683852255344391,0.6797548532485962,0.4571239948272705,0.3369864821434021,0.2521568834781647,-0.622882604598999,0.6592042446136475,-0.6381728649139404,0.36257246136665344,-0.011793449521064758,-0.6175659894943237,0.5589502453804016,-0.6178309321403503,-0.6291331648826599,0.31962522864341736,0.4224534332752228,0.17974679172039032,0.5707131028175354,0.4877482056617737,0.427665114402771,0.16851143538951874,0.3648717999458313,-0.6234157681465149,-0.12250573188066483,0.515692949295044,0.36220642924308777,-0.05660397931933403,-0.5075846910476685,0.35290539264678955,0.4472782611846924,0.3443213105201721,0.34757357835769653,0.15891516208648682,-0.6457429528236389,0.3414659798145294,0.3437630832195282,0.5019809007644653,0.34739941358566284,0.5801991820335388,-0.07079683989286423,0.23285852372646332,0.3179205060005188,0.07544312626123428,0.20717957615852356,0.5881518721580505,0.4073045253753662,0.2980526387691498,-0.6327611207962036,-0.5633357167243958,0.5459816455841064
-0.8951181173324585,0.7561317086219788,0.5631642937660217,-0.8870499730110168,0.6649157404899597,1.0,0.16176369786262512,0.20051465928554535,-0.8884344696998596,0.6192926168441772,0.7914265394210815,0.6443765163421631,-0.8979294896125793,0.4756314754486084,0.7228080034255981,-0.8649072051048279,0.34065350890159607,-0.8845295906066895,0.8778655529022217,0.79936283826828,0.788157045841217,0.7379760146141052,0.7416017651557922,0.5136588215827942,0.5725250244140625,0.2535593509674072,-0.8954825401306152,0.8108531832695007,0.6423913836479187,0.7779738306999207,0.7421773076057434,0.24526312947273254,-0.9024626016616821,0.8311975002288818,0.514822781085968,0.8529981970787048,0.6448521614074707,0.2516375184059143,0.6981977224349976,0.5100696086883545,0.7646516561508179,0.7605496048927307,0.43944209814071655,0.04555445536971092,0.06746914237737656,0.32988354563713074,0.8047834634780884,0.9001041054725647,-0.8996219038963318,-0.8911914825439453,0.4066355228424072,0.7434017062187195,0.7093715667724609,0.5020279288291931,0.08028444647789001,-0.9055324196815491,0.8875802159309387,-0.8715415000915527,0.504119873046875,0.3156486749649048,-0.8938323855400085,0.6421918869018555,-0.905498743057251,-0.8628540635108948,0.41808396577835083,0.8561540246009827,0.3503114879131317,0.7694770097732544,0.776617705821991,0.662981390953064,0.3590466380119324,0.5697408318519592,-0.9085755348205566,0.45370715856552124,0.8624931573867798,0.6904489398002625,0.1850379854440689,-0.8467772006988525,0.654295802116394,0.7236815094947815,0.20863968133926392,0.4879043996334076,0.42485636472702026,-0.9046120643615723,0.5697885751724243,0.4293358027935028,0.714699387550354,0.42122530937194824,0.88840651512146,0.21006476879119873,0.48732292652130127,0.6284021735191345,0.24235869944095612,0.5248194336891174,0.6628153324127197,0.7593482136726379,0.3087459206581116,-0.8945924639701843,-0.8520014882087708,0.7407330274581909
-0.2644045650959015,0.20009425282478333,0.194247305393219,-0.2453157752752304,0.1534276008605957,0.16176369786262512,1.0,0.07947907596826553,-0.22988051176071167,-0.02168903686106205,0.1698271930217743,0.0885435938835144,-0.24660752713680267,0.1486147791147232,0.32498687505722046,-0.24416759610176086,0.01370723731815815,-0.2129904329776764,0.1634565144777298,0.2029191106557846,0.22379517555236816,0.2998197376728058,0.2809436321258545,0.14931614696979523,0.04683724790811539,0.11809493601322174,-0.26519709825515747,0.1883062720298767,-0.0031199504155665636,0.025704581290483475,0.10608211159706116,0.039276979863643646,-0.27965718507766724,0.2024715691804886,-0.09483016282320023,0.2784334719181061,0.08708543330430984,0.004899057559669018,0.25081565976142883,0.3657951056957245,0.1729852855205536,-0.06919814646244049,0.04439476877450943,0.02625853568315506,0.09940991550683975,0.05324649438261986,0.3452308773994446,0.13856132328510284,-0.262545645236969,-0.23684543371200562,0.1110244020819664,0.24145808815956116,0.14817778766155243,0.17842020094394684,0.024153318256139755,-0.3152797222137451,0.14920030534267426,-0.22399839758872986,0.1960909366607666,0.04430147260427475,-0.2468511015176773,-0.00017429950821679085,-0.22631551325321198,-0.2568745017051697,-0.0020558282267302275,0.07357361167669296,0.0571478009223938,0.26120322942733765,0.3212403655052185,0.23820391297340393,0.19144903123378754,0.32953622937202454,-0.25087323784828186,0.1325996369123459,0.14713889360427856,-0.01636349968612194,0.11360954493284225,-0.20426045358181,0.06107571721076965,0.28154513239860535,0.07224126905202866,-0.004090405534952879,0.08475654572248459,-0.23897486925125122,-0.008023655973374844,0.03018769435584545,0.3040043115615845,0.0789521187543869,0.17209984362125397,0.05038485676050186,0.1852184683084488,-0.026736240833997726,0.14292527735233307,0.2365526258945465,-0.06324876844882965,0.08112181723117828,0.06618998944759369,-0.2614918351173401,-0.17639531195163727,0.18010133504867554
-0.33297988772392273,0.36000746488571167,0.19209538400173187,-0.33389800786972046,0.09338031709194183,0.20051465928554535,0.07947907596826553,1.0,-0.2948412299156189,0.021824795752763748,0.14071516692638397,0.16278578341007233,-0.3053201138973236,-0.038606684654951096,0.5125337839126587,-0.24682249128818512,0.05940593406558037,-0.3180483877658844,0.30066952109336853,0.29216185212135315,0.3775263726711273,0.3265448212623596,0.2973162829875946,0.27028176188468933,0.2719460427761078,-0.010450606234371662,-0.33267906308174133,0.3822324872016907,0.2089512199163437,0.3255520761013031,0.3442564010620117,0.14631424844264984,-0.2897583842277527,0.16018620133399963,0.18433450162410736,0.3138887286186218,0.06480352580547333,0.07424046099185944,0.17678292095661163,0.039304379373788834,0.49868375062942505,0.052156250923871994,0.13566525280475616,0.029399767518043518,0.15765614807605743,0.14408941566944122,0.22322361171245575,0.25255271792411804,-0.28093260526657104,-0.29451239109039307,0.2964121401309967,0.3151366710662842,0.145414799451828,0.002576518338173628,-0.0005686938529834151,-0.31973084807395935,0.4075048267841339,-0.25788676738739014,0.19942931830883026,0.08557673543691635,-0.351053923368454,0.06469549983739853,-0.33417049050331116,-0.2995122969150543,-0.06967071443796158,0.28493428230285645,0.030856143683195114,0.19327417016029358,0.18624277412891388,0.23402103781700134,0.14706166088581085,0.31355056166648865,-0.2746448218822479,0.047494884580373764,0.2921491861343384,0.1341363489627838,-0.1349346935749054,-0.35532960295677185,0.15401361882686615,0.05084724351763725,0.07903959602117538,0.11868659406900406,0.044370364397764206,-0.2853933870792389,0.1462465077638626,-0.11721904575824738,0.1945258527994156,0.020028868690133095,0.323737233877182,0.050488054752349854,0.4926174283027649,0.11853013187646866,0.1922817975282669,0.0806102603673935,0.2781703472137451,0.217062309384346,0.2246406227350235,-0.2873850464820862,-0.2753225862979889,0.41098323464393616
0.980211615562439,-0.8412075042724609,-0.5535758137702942,0.9750053286552429,-0.6246960759162903,-0.8884344696998596,-0.22988051176071167,-0.2948412299156189,1.0,-0.7015143036842346,-0.7609128952026367,-0.5923996567726135,0.9699777960777283,-0.5005090236663818,-0.8400989770889282,0.9370694756507874,-0.25644823908805847,0.9853240251541138,-0.9180935025215149,-0.6949782371520996,-0.9074360132217407,-0.7850810289382935,-0.8615847826004028,-0.4752621054649353,-0.5457025170326233,-0.302593469619751,0.9830930829048157,-0.8747300505638123,-0.7263124585151672,-0.8487532138824463,-0.7581399083137512,-0.29144418239593506,0.9849875569343567,-0.8708995580673218,-0.4763013422489166,-0.9500758051872253,-0.7506160140037537,-0.24677596986293793,-0.7825438380241394,-0.5152305364608765,-0.7923570871353149,-0.686914324760437,-0.4361833333969116,-0.2235959768295288,-0.2978495955467224,-0.4859536290168762,-0.83180171251297,-0.9583496451377869,0.9775684475898743,0.989517092704773,-0.55398029088974,-0.8505361080169678,-0.8397766947746277,-0.7143363952636719,-0.24797092378139496,0.9836989641189575,-0.9494019150733948,0.9868922829627991,-0.6572864651679993,-0.3828645944595337,0.975700318813324,-0.8051564693450928,0.9818326830863953,0.9771350026130676,-0.3671923875808716,-0.877379834651947,-0.28767138719558716,-0.8690425753593445,-0.8469851613044739,-0.6801599264144897,-0.44480472803115845,-0.7351663112640381,0.9866835474967957,-0.3523862957954407,-0.8758407831192017,-0.667448878288269,-0.2630362808704376,0.9387515187263489,-0.7296004891395569,-0.6135719418525696,-0.22429463267326355,-0.5272233486175537,-0.41822442412376404,0.9813528060913086,-0.5994648933410645,-0.5907320380210876,-0.8281823396682739,-0.24322091042995453,-0.9255869388580322,-0.341195285320282,-0.6625503301620483,-0.6197571754455566,-0.294141948223114,-0.6426525712013245,-0.6468648910522461,-0.7990442514419556,-0.38580989837646484,0.9735480546951294,0.9691702723503113,-0.8607715964317322
-0.6950907707214355,0.5546264052391052,0.291589617729187,-0.6556840538978577,0.7127657532691956,0.6192926168441772,-0.02168903686106205,0.021824795752763748,-0.7015143036842346,1.0,0.6553117036819458,0.50776606798172,-0.7086173295974731,0.5002374053001404,0.5332167744636536,-0.71564781665802,0.2096870094537735,-0.7195128798484802,0.7180188894271851,0.4601409137248993,0.5897544026374817,0.6043322086334229,0.5553567409515381,-0.07454949617385864,0.2315051555633545,0.10679852962493896,-0.6835183501243591,0.6402044892311096,0.625387966632843,0.6683576107025146,0.5216860175132751,0.230134055018425,-0.712704598903656,0.7110898494720459,0.3460939824581146,0.7480905055999756,0.7296039462089539,0.10043551027774811,0.7475752234458923,0.6719615459442139,0.6098538041114807,0.5574765205383301,0.3196016550064087,0.09872962534427643,0.2725673019886017,0.49834901094436646,0.6072030663490295,0.7445256114006042,-0.6800451874732971,-0.7340258955955505,0.4712633490562439,0.7345610857009888,0.7155500650405884,0.41443556547164917,0.04175779968500137,-0.6782763004302979,0.7459205985069275,-0.7528584599494934,0.6538858413696289,0.25668081641197205,-0.6742836236953735,0.8552035093307495,-0.7019487619400024,-0.7228860855102539,0.3645949363708496,0.4894089698791504,0.10837075859308243,0.7717598080635071,0.7361955642700195,0.4760815501213074,0.4939269721508026,0.5281800627708435,-0.7124505639076233,-0.05249880626797676,0.6845861673355103,0.5382001996040344,-0.12265704572200775,-0.6591247320175171,0.5120390057563782,0.553741991519928,0.2133558690547943,0.39964330196380615,0.25426721572875977,-0.7126075029373169,0.5388838648796082,0.8315364122390747,0.6591532230377197,0.22167259454727173,0.6939707398414612,0.22350051999092102,0.2741651237010956,0.42783764004707336,0.20711126923561096,0.5004640817642212,0.5127460956573486,0.5538927316665649,0.29917481541633606,-0.7319785356521606,-0.7037103772163391,0.45547881722450256
-0.8082024455070496,0.6286755204200745,0.3791544735431671,-0.8230135440826416,0.47324973344802856,0.7914265394210815,0.1698271930217743,0.14071516692638397,-0.7609128952026367,0.6553117036819458,1.0,0.750816822052002,-0.7681599855422974,0.49575215578079224,0.722174346446991,-0.8007602691650391,0.23215559124946594,-0.794291079044342,0.7729530334472656,0.6384201049804688,0.7279519438743591,0.6259135603904724,0.7064916491508484,0.33677172660827637,0.4400903582572937,0.11539286375045776,-0.8075057864189148,0.6752346754074097,0.7755412459373474,0.7671494483947754,0.6905415058135986,-0.05035676807165146,-0.8174428939819336,0.8057389259338379,0.4910633862018585,0.7920357584953308,0.7113859057426453,0.0991763323545456,0.5998053550720215,0.37526777386665344,0.6698019504547119,0.7649404406547546,0.29038873314857483,0.06677297502756119,0.12229489535093307,0.4745163023471832,0.7883058190345764,0.8505474328994751,-0.8123639225959778,-0.7974033355712891,0.4651334285736084,0.7126078605651855,0.8002610206604004,0.432455450296402,0.0003627865226007998,-0.7858952879905701,0.7884894013404846,-0.7752133011817932,0.568901538848877,0.14346645772457123,-0.7448254227638245,0.7008299827575684,-0.797130286693573,-0.766392707824707,0.13011305034160614,0.7673041820526123,0.4007022976875305,0.7330713868141174,0.8680382966995239,0.6305334568023682,0.6818504333496094,0.5956971049308777,-0.8052701950073242,0.27412739396095276,0.8158606290817261,0.6702405214309692,0.16228003799915314,-0.8240892291069031,0.5923541784286499,0.6691360473632812,0.14808659255504608,0.45245838165283203,0.5395371913909912,-0.7492465972900391,0.7353930473327637,0.6154013872146606,0.696754515171051,0.27995315194129944,0.839422345161438,0.21878741681575775,0.39290279150009155,0.4618910253047943,0.4160052537918091,0.380962073802948,0.5063877105712891,0.4845109283924103,0.11117040365934372,-0.7972363829612732,-0.7921685576438904,0.5467085838317871
-0.6588647961616516,0.4151966869831085,0.2577028274536133,-0.6961064338684082,0.3838823437690735,0.6443765163421631,0.0885435938835144,0.16278578341007233,-0.5923996567726135,0.50776606798172,0.750816822052002,1.0,-0.5999240875244141,0.4400431513786316,0.6123462915420532,-0.7337466478347778,-0.0028538419865071774,-0.6146210432052612,0.7090255618095398,0.6815393567085266,0.7394731044769287,0.5078762769699097,0.4783802628517151,0.45491141080856323,0.5998790860176086,0.001255526440218091,-0.6559089422225952,0.5659926533699036,0.5687466263771057,0.6158198714256287,0.6334236860275269,0.12470024079084396,-0.6595224142074585,0.71470707654953,0.21576017141342163,0.6044574975967407,0.5405900478363037,0.07621530443429947,0.4181930422782898,0.27249637246131897,0.6555237174034119,0.7788090109825134,0.3826806843280792,0.06405410915613174,0.11605580896139145,0.058276671916246414,0.7230313420295715,0.6865929365158081,-0.6635249257087708,-0.6674222350120544,0.13883498311042786,0.5262722373008728,0.6238384246826172,0.3396219313144684,-0.031346939504146576,-0.6311904788017273,0.6722598671913147,-0.6334092617034912,0.42130327224731445,0.19916372001171112,-0.5960857272148132,0.4987226128578186,-0.674961507320404,-0.6495431065559387,0.37798163294792175,0.6317746043205261,0.28262341022491455,0.5421220064163208,0.6862527132034302,0.7199459075927734,0.6372783780097961,0.6136815547943115,-0.6511813402175903,0.14435818791389465,0.7357531189918518,0.725709080696106,0.09696684032678604,-0.6260441541671753,0.5767341256141663,0.7267581820487976,-0.03829873353242874,0.4814135432243347,0.5000936388969421,-0.6076220870018005,0.5075281858444214,0.46873000264167786,0.6678289771080017,0.10813665390014648,0.7059004902839661,-0.23759107291698456,0.36002346873283386,0.3357376456260681,0.43496406078338623,0.3452674150466919,0.3130342960357666,0.3927673399448395,0.27586209774017334,-0.6609391570091248,-0.6535302996635437,0.42160141468048096
0.9716652035713196,-0.8702008128166199,-0.6069294810295105,0.9585000276565552,-0.6193541288375854,-0.8979294896125793,-0.24660752713680267,-0.3053201138973236,0.9699777960777283,-0.7086173295974731,-0.7681599855422974,-0.5999240875244141,1.0,-0.5525302886962891,-0.8774216175079346,0.9066906571388245,-0.26905980706214905,0.9785171151161194,-0.9089025855064392,-0.6982006430625916,-0.8752093315124512,-0.7654472589492798,-0.8005837202072144,-0.5119906067848206,-0.5769715905189514,-0.22502347826957703,0.9787595868110657,-0.8709707856178284,-0.6944153308868408,-0.863814651966095,-0.8010071516036987,-0.2278454750776291,0.9741953015327454,-0.8966981172561646,-0.4874155521392822,-0.9626138806343079,-0.6910638213157654,-0.24964947998523712,-0.7541092038154602,-0.5869609117507935,-0.7807149291038513,-0.6366421580314636,-0.3858928680419922,-0.2132277935743332,-0.30905818939208984,-0.4121353030204773,-0.8073852062225342,-0.9618014097213745,0.9639289975166321,0.957925021648407,-0.5792353749275208,-0.8754261136054993,-0.8708888292312622,-0.6425274610519409,-0.18237470090389252,0.968646764755249,-0.9290950894355774,0.9710752964019775,-0.6693770289421082,-0.40410563349723816,0.9949396848678589,-0.7385340332984924,0.9594929814338684,0.9571418762207031,-0.4680697023868561,-0.8872219920158386,-0.2925000786781311,-0.8652774691581726,-0.8379175066947937,-0.6917633414268494,-0.42024800181388855,-0.6300522685050964,0.9866713881492615,-0.2886556386947632,-0.8528202176094055,-0.7110993266105652,-0.19696779549121857,0.9222896695137024,-0.8035709857940674,-0.7363733053207397,-0.206796795129776,-0.4539666473865509,-0.38178014755249023,0.9878544807434082,-0.5216432213783264,-0.5504040718078613,-0.806822657585144,-0.3154695928096771,-0.8938950896263123,-0.3721531927585602,-0.6532523036003113,-0.7113284468650818,-0.34970521926879883,-0.6363900899887085,-0.6571794748306274,-0.793747067451477,-0.3157857060432434,0.9641708135604858,0.9532379508018494,-0.8158794641494751
-0.4800370931625366,0.564193844795227,0.3844688832759857,-0.47483906149864197,0.3975293040275574,0.4756314754486084,0.1486147791147232,-0.038606684654951096,-0.5005090236663818,0.5002374053001404,0.49575215578079224,0.4400431513786316,-0.5525302886962891,1.0,0.48744329810142517,-0.5859090089797974,0.3326181173324585,-0.4736994504928589,0.5486942529678345,0.5127934217453003,0.4275798499584198,0.22404639422893524,0.2804078459739685,0.30847352743148804,0.46725085377693176,0.179453045129776,-0.5095294117927551,0.5855631828308105,0.3097141981124878,0.5283766388893127,0.48414987325668335,0.2528783082962036,-0.5018364787101746,0.5736279487609863,0.040767692029476166,0.5469551086425781,0.5444092154502869,0.24557451903820038,0.44342222809791565,0.3823288381099701,0.4709872305393219,0.3043435513973236,-0.18736869096755981,0.0428483821451664,0.19362984597682953,0.058474015444517136,0.3824526071548462,0.5143416523933411,-0.5232210755348206,-0.519759476184845,0.3198503851890564,0.43057942390441895,0.6530352234840393,0.3863098621368408,0.007290587294846773,-0.5129945278167725,0.5237210988998413,-0.5247218012809753,0.32921281456947327,-0.002240625908598304,-0.5370543003082275,0.5437203645706177,-0.5034939646720886,-0.5639981031417847,0.24547088146209717,0.36444735527038574,0.29381176829338074,0.545601487159729,0.598146378993988,0.7240557074546814,0.30075106024742126,0.23162510991096497,-0.5573426485061646,0.0034803166054189205,0.47360295057296753,0.24071429669857025,-0.07848337292671204,-0.4006539285182953,0.6022112965583801,0.4661071002483368,0.04534792900085449,0.2206452488899231,0.4095291495323181,-0.5522642135620117,0.22609063982963562,0.2901975214481354,0.4779517352581024,-0.12061488628387451,0.5088316202163696,0.21684415638446808,0.27623945474624634,0.5542389154434204,0.25533679127693176,0.12347957491874695,0.36023440957069397,0.3257429599761963,-0.09710253030061722,-0.5791674256324768,-0.5791814923286438,0.3970395624637604
-0.8544259071350098,0.789398729801178,0.6534990668296814,-0.8858644962310791,0.435163289308548,0.7228080034255981,0.32498687505722046,0.5125337839126587,-0.8400989770889282,0.5332167744636536,0.722174346446991,0.6123462915420532,-0.8774216175079346,0.48744329810142517,1.0,-0.7967959046363831,0.07107238471508026,-0.8620061874389648,0.7755976915359497,0.5834104418754578,0.7787272930145264,0.5821850299835205,0.6613483428955078,0.4508216977119446,0.5154962539672852,0.26508629322052,-0.8808476328849792,0.7925026416778564,0.6372694373130798,0.8193156719207764,0.7335630059242249,0.2002057433128357,-0.8581390976905823,0.8338366150856018,0.4376402497291565,0.8758813738822937,0.4971446096897125,0.17405769228935242,0.5734573602676392,0.4428737759590149,0.7149533629417419,0.5974592566490173,0.26789653301239014,0.20176705718040466,0.32869696617126465,0.31763097643852234,0.7936173677444458,0.8439536690711975,-0.8402059674263,-0.8382728099822998,0.5639109015464783,0.8100079298019409,0.7801687717437744,0.44956859946250916,0.07664306461811066,-0.8502331376075745,0.816886842250824,-0.84410560131073,0.6710001230239868,0.38062071800231934,-0.885360062122345,0.6008865237236023,-0.837992787361145,-0.8571231365203857,0.26973485946655273,0.8080288171768188,0.4501369893550873,0.8163287043571472,0.7585699558258057,0.6822006106376648,0.46905848383903503,0.5880964398384094,-0.8598445653915405,0.19651924073696136,0.7876558899879456,0.537531852722168,0.13918255269527435,-0.8527360558509827,0.7442871332168579,0.6522802114486694,0.11330848187208176,0.3459288477897644,0.20509231090545654,-0.8502529859542847,0.5034301280975342,0.41799089312553406,0.6561605334281921,0.19441664218902588,0.7797661423683167,0.32164883613586426,0.5799508690834045,0.6062691807746887,0.5322703123092651,0.5021191239356995,0.3825143873691559,0.5856006741523743,0.3294413089752197,-0.8433326482772827,-0.8520604968070984,0.7033770084381104
0.9383927583694458,-0.7481122612953186,-0.37436068058013916,0.9540483951568604,-0.6017781496047974,-0.8649072051048279,-0.24416759610176086,-0.24682249128818512,0.9370694756507874,-0.71564781665802,-0.8007602691650391,-0.7337466478347778,0.9066906571388245,-0.5859090089797974,-0.7967959046363831,1.0,-0.28855064511299133,0.933311939239502,-0.9332368969917297,-0.7346718311309814,-0.8835474252700806,-0.6695437431335449,-0.7599061727523804,-0.4721853733062744,-0.5145315527915955,-0.2440924495458603,0.9452583193778992,-0.8282148838043213,-0.6535874009132385,-0.8353475332260132,-0.7047128677368164,-0.35006096959114075,0.9494718909263611,-0.8268342018127441,-0.3881068527698517,-0.8978238701820374,-0.7554976344108582,-0.2850063741207123,-0.7084585428237915,-0.42185959219932556,-0.7770991325378418,-0.7508226633071899,-0.38030344247817993,-0.22899611294269562,-0.25324735045433044,-0.41978615522384644,-0.8206546902656555,-0.9092102646827698,0.9551011323928833,0.9651178121566772,-0.400537371635437,-0.7560790181159973,-0.8329663276672363,-0.6412250995635986,-0.1466033011674881,0.9352471232414246,-0.9293367862701416,0.9449055194854736,-0.6308588981628418,-0.379691481590271,0.910320520401001,-0.7532755732536316,0.9536882042884827,0.9713309407234192,-0.3263300359249115,-0.8083930611610413,-0.27871984243392944,-0.7935578227043152,-0.9028663039207458,-0.8327738046646118,-0.5636981725692749,-0.8240988850593567,0.9464907050132751,-0.3037676513195038,-0.8713441491127014,-0.6765648126602173,-0.1721089482307434,0.8979722857475281,-0.7253972291946411,-0.6799585819244385,-0.23641081154346466,-0.642408549785614,-0.5584828853607178,0.9416664838790894,-0.5560082197189331,-0.6308549046516418,-0.878900408744812,-0.25090253353118896,-0.9292716979980469,-0.22400012612342834,-0.575958788394928,-0.5223146080970764,-0.43079107999801636,-0.5909307599067688,-0.5310535430908203,-0.6792668104171753,-0.3928329050540924,0.9740551114082336,0.9509721398353577,-0.7224563956260681
-0.23948021233081818,0.23915381729602814,-0.10110356658697128,-0.17742295563220978,0.2766963839530945,0.34065350890159607,0.01370723731815815,0.05940593406558037,-0.25644823908805847,0.2096870094537735,0.23215559124946594,-0.0028538419865071774,-0.26905980706214905,0.3326181173324585,0.07107238471508026,-0.28855064511299133,1.0,-0.2574860155582428,0.25218963623046875,0.2525149881839752,0.12017760425806046,0.1400650292634964,0.23834019899368286,0.0934147834777832,-0.02260681428015232,-0.012931505218148232,-0.20006924867630005,0.3001871109008789,0.1511911153793335,0.1997217833995819,0.014308811165392399,0.013844674453139305,-0.20076166093349457,0.16209863126277924,0.31184691190719604,0.18621981143951416,0.2646665871143341,0.06282974779605865,0.1305595487356186,0.07585781812667847,0.13823837041854858,0.19883207976818085,0.1448231190443039,0.03932986781001091,0.10563252121210098,0.2653292417526245,0.04846600070595741,0.29150643944740295,-0.2216934859752655,-0.2517639398574829,0.14484743773937225,0.17968450486660004,0.1555825173854828,-0.030229568481445312,0.04843484237790108,-0.26814350485801697,0.2273128777742386,-0.2509787678718567,0.09607285261154175,0.01591527834534645,-0.2711842656135559,0.1085033044219017,-0.22645191848278046,-0.2520644962787628,-0.0043609547428786755,0.24650105834007263,0.034773875027894974,0.13892418146133423,0.3478504717350006,0.3611527383327484,-0.11311116814613342,0.11111994832754135,-0.27168381214141846,0.1377149224281311,0.1403367668390274,0.09881815314292908,0.01732560433447361,-0.19905179738998413,0.1260574609041214,0.15385694801807404,0.0465998500585556,0.07310836017131805,0.19071555137634277,-0.29000669717788696,0.028997493907809258,-0.04076678305864334,0.04189082980155945,0.0630665197968483,0.1885826587677002,0.006922338157892227,0.10093771666288376,0.27582716941833496,0.09242872893810272,0.2660008370876312,0.21445056796073914,0.11127733439207077,0.0468938834965229,-0.2665826678276062,-0.20229700207710266,0.08151736855506897
0.9888433814048767,-0.8419130444526672,-0.5428699254989624,0.9813888669013977,-0.5946597456932068,-0.8845295906066895,-0.2129904329776764,-0.3180483877658844,0.9853240251541138,-0.7195128798484802,-0.794291079044342,-0.6146210432052612,0.9785171151161194,-0.4736994504928589,-0.8620061874389648,0.933311939239502,-0.2574860155582428,1.0,-0.9237911105155945,-0.6473299264907837,-0.9001489281654358,-0.7797982692718506,-0.8573228120803833,-0.48856326937675476,-0.5025889873504639,-0.23452681303024292,0.9906939268112183,-0.8650628328323364,-0.7480149269104004,-0.871224582195282,-0.778511106967926,-0.23695482313632965,0.9879601001739502,-0.8878633975982666,-0.5210771560668945,-0.9629939198493958,-0.7160534858703613,-0.22184033691883087,-0.7353700399398804,-0.5090177059173584,-0.7630809545516968,-0.6982190608978271,-0.44467541575431824,-0.22075960040092468,-0.3047024607658386,-0.4811977446079254,-0.8410875797271729,-0.9760427474975586,0.9815633296966553,0.9812342524528503,-0.5844509601593018,-0.8668051362037659,-0.8673762083053589,-0.6623662710189819,-0.20366138219833374,0.9766047596931458,-0.9434857368469238,0.980857253074646,-0.6913542747497559,-0.42957445979118347,0.9796531200408936,-0.7794317007064819,0.9788642525672913,0.9766921401023865,-0.41538453102111816,-0.8888779282569885,-0.27455270290374756,-0.8537468910217285,-0.8618513941764832,-0.6948990821838379,-0.47806721925735474,-0.7231314182281494,0.9889692664146423,-0.3489794135093689,-0.8818889856338501,-0.7103987336158752,-0.23342527449131012,0.9625467658042908,-0.7688754796981812,-0.6769605278968811,-0.28209352493286133,-0.5444862246513367,-0.4063310921192169,0.9805208444595337,-0.5827986598014832,-0.6188926696777344,-0.8319091796875,-0.25988346338272095,-0.9151873588562012,-0.3599480986595154,-0.6368549466133118,-0.6357480883598328,-0.38152575492858887,-0.6826511025428772,-0.6126666069030762,-0.7815981507301331,-0.3628791570663452,0.9746663570404053,0.9651723504066467,-0.8172191977500916
-0.9151254892349243,0.724500298500061,0.49146902561187744,-0.9212664365768433,0.6228437423706055,0.8778655529022217,0.1634565144777298,0.30066952109336853,-0.9180935025215149,0.7180188894271851,0.7729530334472656,0.7090255618095398,-0.9089025855064392,0.5486942529678345,0.7755976915359497,-0.9332368969917297,0.25218963623046875,-0.9237911105155945,1.0,0.7123321890830994,0.8960912823677063,0.7473517060279846,0.7595381140708923,0.5159064531326294,0.5381360054016113,0.2263641655445099,-0.9311830997467041,0.908983588218689,0.6393294334411621,0.8923922181129456,0.8004991412162781,0.2947929799556732,-0.9296994209289551,0.8363087773323059,0.5309085845947266,0.9166812300682068,0.7605239748954773,0.21497254073619843,0.7119925618171692,0.48632267117500305,0.7970153093338013,0.6743008494377136,0.27251681685447693,0.10302432626485825,0.09958023577928543,0.41108208894729614,0.818926990032196,0.9251894354820251,-0.914621114730835,-0.933305561542511,0.5643409490585327,0.8472540974617004,0.8492949604988098,0.6222267150878906,0.10718610882759094,-0.9029870629310608,0.9550827741622925,-0.9158320426940918,0.749484658241272,0.4303700923919678,-0.9159203171730042,0.7528688311576843,-0.9342187643051147,-0.9511435627937317,0.4314895570278168,0.8176488876342773,0.11567484587430954,0.7963366508483887,0.8351746797561646,0.7894275188446045,0.5279220938682556,0.7712305188179016,-0.9295560717582703,0.29583632946014404,0.8550599217414856,0.7207744121551514,0.200873464345932,-0.8611406683921814,0.6801528930664062,0.6730652451515198,0.1893167644739151,0.6803473830223083,0.4926641285419464,-0.9335604310035706,0.4675089418888092,0.5460104942321777,0.8290625214576721,0.20645125210285187,0.9472823739051819,0.21288573741912842,0.6176938414573669,0.6349215507507324,0.3574201762676239,0.5485317707061768,0.6248762607574463,0.7638405561447144,0.3871283233165741,-0.9524529576301575,-0.9209669232368469,0.7233908772468567
-0.6874913573265076,0.573744535446167,0.4068770408630371,-0.7020347118377686,0.7100453972816467,0.79936283826828,0.2029191106557846,0.29216185212135315,-0.6949782371520996,0.4601409137248993,0.6384201049804688,0.6815393567085266,-0.6982006430625916,0.5127934217453003,0.5834104418754578,-0.7346718311309814,0.2525149881839752,-0.6473299264907837,0.7123321890830994,1.0,0.6945347785949707,0.5841569304466248,0.5173388719558716,0.4955657124519348,0.7627962827682495,0.1583685278892517,-0.6969712376594543,0.6303172707557678,0.4128282368183136,0.623376190662384,0.6189859509468079,0.22442485392093658,-0.7101850509643555,0.589728057384491,0.1719365268945694,0.6477407217025757,0.546280026435852,0.10290621966123581,0.6193361282348633,0.4864313304424286,0.8397516012191772,0.5790538787841797,0.32574236392974854,0.13927485048770905,-0.04172655940055847,0.12357492744922638,0.6317797303199768,0.6623251438140869,-0.7150254249572754,-0.7218963503837585,0.14572197198867798,0.5529717803001404,0.5292180776596069,0.45065170526504517,0.16174878180027008,-0.7264531254768372,0.7497732043266296,-0.6819512248039246,0.2599968910217285,0.05799570307135582,-0.6974164843559265,0.48222842812538147,-0.7422834634780884,-0.6836448311805725,0.20958764851093292,0.6486692428588867,0.36765238642692566,0.5533096790313721,0.6483173966407776,0.6053391098976135,0.2832670211791992,0.5112069249153137,-0.7095083594322205,0.12820912897586823,0.6924477815628052,0.5282014012336731,-0.002218247391283512,-0.5923899412155151,0.48593008518218994,0.5571895837783813,0.04918789863586426,0.4343858063220978,0.5886970162391663,-0.7168170213699341,0.4191596806049347,0.2161213755607605,0.675073504447937,0.36093276739120483,0.7715421915054321,-0.027669167146086693,0.5686323642730713,0.47504913806915283,0.07152186334133148,0.14213302731513977,0.6929266452789307,0.5505168437957764,0.27292171120643616,-0.7282612919807434,-0.6683273911476135,0.6894336938858032
