1.0,-0.961449921131134,-0.9249922037124634,0.9677636027336121,-0.9133881330490112,-0.7149561047554016,-0.2333391159772873,-0.9631715416908264,0.9842203855514526,-0.775720477104187,-0.9619371891021729,-0.9696483016014099,0.9822623133659363,-0.7875428795814514,-0.9580608606338501,0.9942570924758911,-0.6323401927947998,0.9810291528701782,-0.9828051924705505,-0.2714602053165436,-0.9875269532203674,-0.9708459377288818,-0.894237756729126,-0.9891255497932434,-0.4363097548484802,-0.6116307973861694,0.9916226863861084,-0.9293792247772217,-0.9522967338562012,-0.6145784258842468,-0.9378188252449036,-0.9371007084846497,0.9820464849472046,-0.9409257173538208,-0.7841407656669617,-0.960191547870636,-0.3210762143135071,-0.2465251088142395,-0.7527745366096497,-0.8797222375869751,-0.9593595862388611,-0.9510368704795837,-0.9653881788253784,-0.9143728613853455,-0.2991965711116791,-0.4482208490371704,-0.5967247486114502,-0.9756906628608704,0.9939301609992981,0.9945958852767944,-0.9777377843856812,-0.866205632686615,-0.9544113278388977,-0.9710062146186829,-0.5759751200675964,0.9564122557640076,-0.9559820294380188,0.9911335110664368,-0.8066563010215759,-0.9688897132873535,0.9952335357666016,-0.9180511832237244,0.9853149652481079,0.9716764092445374,-0.9750540852546692,-0.9735243320465088,-0.635189950466156,-0.938801109790802,-0.9459158778190613,-0.8734468817710876,-0.9140911102294922,-0.40014171600341797,0.9903302192687988,-0.9609445929527283,-0.940834105014801,-0.8341412544250488,-0.8675523400306702,0.9814756512641907,-0.8318535089492798,-0.9002037048339844,-0.2453741431236267,-0.5463089346885681,-0.9193753600120544,0.9943456649780273,-0.8820124268531799,-0.48335370421409607,-0.9323132038116455,-0.7602337002754211,-0.9737180471420288,-0.3399493992328644,-0.6879414916038513,-0.8491458296775818,-0.9531124234199524,-0.7549473643302917,-0.8904551267623901,-0.9807704091072083,-0.8379999995231628,0.9938793778419495,0.984857976436615,-0.969099223613739
-0.961449921131134,1.0,0.9743207097053528,-0.9090071320533752,0.9356822371482849,0.712971031665802,0.19990208745002747,0.9635399580001831,-0.9651542901992798,0.7889731526374817,0.9635074734687805,0.9758646488189697,-0.965015172958374,0.7594866752624512,0.9416255354881287,-0.9542638063430786,0.5709071755409241,-0.9499988555908203,0.963718593120575,0.1829664558172226,0.9831637144088745,0.9788691401481628,0.9001041650772095,0.9692782163619995,0.4220045506954193,0.6716373562812805,-0.9583448767662048,0.9538270235061646,0.9605798125267029,0.7022562623023987,0.9633553624153137,0.9521319270133972,-0.9840462803840637,0.9289971590042114,0.7784862518310547,0.9461448192596436,0.11677803099155426,0.1780431866645813,0.7770920991897583,0.890338659286499,0.9605886340141296,0.9564992785453796,0.9531131982803345,0.8780403733253479,0.19580380618572235,0.4225882887840271,0.5354095101356506,0.9483112096786499,-0.9480373859405518,-0.964674711227417,0.970246434211731,0.911955714225769,0.952409565448761,0.955254316329956,0.5268901586532593,-0.9460999965667725,0.9597309231758118,-0.9768528342247009,0.7998805046081543,0.9568167328834534,-0.9661370515823364,0.8567596077919006,-0.9343079328536987,-0.9109312891960144,0.9483321905136108,0.9565571546554565,0.5754848122596741,0.9386213421821594,0.9615126252174377,0.7867597341537476,0.8510616421699524,0.268703818321228,-0.9751866459846497,0.9475108981132507,0.9435290098190308,0.7968056797981262,0.8408201336860657,-0.9354871511459351,0.8904210329055786,0.8861337900161743,0.28905752301216125,0.6781613826751709,0.9137557148933411,-0.9750889539718628,0.9245337247848511,0.4429352879524231,0.9487259387969971,0.7645421028137207,0.9830116629600525,0.3448830544948578,0.7235461473464966,0.825598418712616,0.9426593780517578,0.742076575756073,0.857699990272522,0.9421631693840027,0.7440785765647888,-0.9698001146316528,-0.9539629220962524,0.9753642678260803
-0.9249922037124634,0.9743207097053528,1.0,-0.8609524369239807,0.9056819081306458,0.6269875168800354,0.2850624620914459,0.954055666923523,-0.9449196457862854,0.7790743112564087,0.9280773401260376,0.9311800599098206,-0.9257440567016602,0.7706703543663025,0.9293717741966248,-0.9088276624679565,0.5412428379058838,-0.9019005298614502,0.9347038269042969,0.15573804080486298,0.9519973993301392,0.9549612998962402,0.8507848978042603,0.9367501139640808,0.45506638288497925,0.6741433143615723,-0.9202680587768555,0.9381939172744751,0.9438174962997437,0.7063928842544556,0.9431554675102234,0.9107376933097839,-0.9474616050720215,0.9035632014274597,0.6853560209274292,0.9060938358306885,0.04660925269126892,0.29347458481788635,0.783916711807251,0.8688014149665833,0.9431114196777344,0.9333153367042542,0.9065095782279968,0.830858588218689,0.14963550865650177,0.35924142599105835,0.4407441020011902,0.9076979756355286,-0.9158316254615784,-0.9316421747207642,0.9065790176391602,0.9089623689651489,0.9021034240722656,0.9288103580474854,0.460824579000473,-0.9067332744598389,0.9473479390144348,-0.9534549117088318,0.7428503632545471,0.9406633973121643,-0.9301607012748718,0.7912104725837708,-0.8996227979660034,-0.8577293753623962,0.8983228802680969,0.9110794067382812,0.5070423483848572,0.8963951468467712,0.9186166524887085,0.7205309867858887,0.832314670085907,0.24568286538124084,-0.9453917145729065,0.90225750207901,0.9442771673202515,0.6970323324203491,0.775667130947113,-0.9061514139175415,0.8350306749343872,0.8656041622161865,0.20761246979236603,0.6972994804382324,0.8588148355484009,-0.945978045463562,0.9668052196502686,0.29709360003471375,0.9248408079147339,0.6918842792510986,0.9540758728981018,0.3826086223125458,0.778411865234375,0.7761582136154175,0.9426285624504089,0.6943933367729187,0.8543308973312378,0.8838109970092773,0.7091896533966064,-0.9372370839118958,-0.9012920260429382,0.9452469348907471
0.9677636027336121,-0.9090071320533752,-0.8609524369239807,1.0,-0.8745406270027161,-0.8221712708473206,-0.20047511160373688,-0.9482401013374329,0.9343448281288147,-0.7518835663795471,-0.9584026336669922,-0.9380208253860474,0.9822819232940674,-0.8499172329902649,-0.9550716280937195,0.9784104824066162,-0.7124510407447815,0.9844067096710205,-0.9589813351631165,-0.23238421976566315,-0.9466348886489868,-0.9229889512062073,-0.8987385034561157,-0.9646794199943542,-0.33437633514404297,-0.6270826458930969,0.9808800220489502,-0.9150296449661255,-0.9370562434196472,-0.5069315433502197,-0.8758695125579834,-0.9527844786643982,0.9441361427307129,-0.9476231336593628,-0.8624966740608215,-0.9647740721702576,-0.3002386689186096,-0.2558766305446625,-0.6512405276298523,-0.8056166172027588,-0.9201328754425049,-0.9389848709106445,-0.9581887125968933,-0.8511897921562195,-0.2975562512874603,-0.37424328923225403,-0.5391967296600342,-0.9729235768318176,0.975534200668335,0.9442071318626404,-0.9570534229278564,-0.7640986442565918,-0.951235830783844,-0.9353525042533875,-0.7319040298461914,0.9736887216567993,-0.9126962423324585,0.937667965888977,-0.7968338131904602,-0.9711655974388123,0.9717514514923096,-0.9557399749755859,0.9838540554046631,0.9948514103889465,-0.9480354189872742,-0.9687008857727051,-0.764514148235321,-0.9486929774284363,-0.9430808424949646,-0.8983267545700073,-0.8576855063438416,-0.5571628212928772,0.9334519505500793,-0.9370140433311462,-0.9334959387779236,-0.899580180644989,-0.9132667183876038,0.9900118112564087,-0.8088914752006531,-0.9123594760894775,-0.22230952978134155,-0.5145196318626404,-0.940325915813446,0.9477218985557556,-0.8298963904380798,-0.49139946699142456,-0.9021550416946411,-0.7853426337242126,-0.956193208694458,-0.31049439311027527,-0.5227261185646057,-0.7518436908721924,-0.918928325176239,-0.664491593837738,-0.8220447301864624,-0.9530210494995117,-0.9104962348937988,0.9629022479057312,0.9829789400100708,-0.904875636100769
-0.9133881330490112,0.9356822371482849,0.9056819081306458,-0.8745406270027161,1.0,0.6504964232444763,0.11737862974405289,0.891867995262146,-0.937757670879364,0.8099766969680786,0.9294394254684448,0.9643349051475525,-0.9171633124351501,0.8399479985237122,0.8756867051124573,-0.915346622467041,0.5958248972892761,-0.8908180594444275,0.8963250517845154,0.28855669498443604,0.9295081496238708,0.9525406956672668,0.8125309944152832,0.8975821137428284,0.5513582825660706,0.4793701767921448,-0.8899961113929749,0.9125576019287109,0.9105353355407715,0.49874627590179443,0.8466211557388306,0.9440082311630249,-0.9583451747894287,0.9182999134063721,0.8270928263664246,0.9193705916404724,0.10231851041316986,0.2204596996307373,0.72186678647995,0.8748752474784851,0.9498632550239563,0.947737991809845,0.922637939453125,0.8373689651489258,0.13745667040348053,0.40332236886024475,0.6654884219169617,0.9409563541412354,-0.901740550994873,-0.9278509616851807,0.9182330369949341,0.7788812518119812,0.9515620470046997,0.905960202217102,0.4777834117412567,-0.8774267435073853,0.9525984525680542,-0.9366905689239502,0.830729603767395,0.88966304063797,-0.9142236113548279,0.858178436756134,-0.8672076463699341,-0.8746121525764465,0.940643846988678,0.9403163194656372,0.7220850586891174,0.9020439386367798,0.8908894658088684,0.8101102709770203,0.8409926295280457,0.26224783062934875,-0.9347668290138245,0.9490630030632019,0.8866369724273682,0.7494460344314575,0.8712984323501587,-0.8761564493179321,0.830582320690155,0.9095531702041626,0.2130872905254364,0.767723798751831,0.8530218601226807,-0.9443843364715576,0.8326858878135681,0.39699023962020874,0.9030307531356812,0.7378363609313965,0.9421723484992981,0.04808364808559418,0.5449738502502441,0.7277398705482483,0.8462849259376526,0.625350832939148,0.7217441201210022,0.8750684857368469,0.7747747898101807,-0.9296156764030457,-0.8938846588134766,0.9606451392173767
-0.7149561047554016,0.712971031665802,0.6269875168800354,-0.8221712708473206,0.6504964232444763,1.0,0.05443037301301956,0.7287635803222656,-0.6362647414207458,0.6329079270362854,0.8154561519622803,0.7170376181602478,-0.812886655330658,0.6459131240844727,0.7407745718955994,-0.7605503797531128,0.6828208565711975,-0.8299863338470459,0.7225119471549988,0.11382035166025162,0.6913247108459473,0.6531934142112732,0.7941074967384338,0.7266452312469482,-0.11565487086772919,0.7228642106056213,-0.7862367033958435,0.7008670568466187,0.6980681419372559,0.3766142427921295,0.664421558380127,0.8272568583488464,-0.7421179413795471,0.7740997076034546,0.8008422255516052,0.7331568598747253,0.08852091431617737,0.19056697189807892,0.4256252646446228,0.48668423295021057,0.6570752263069153,0.7007786631584167,0.7175495028495789,0.5086735486984253,0.08193369209766388,0.2932963967323303,0.4460464119911194,0.7357192635536194,-0.7359392642974854,-0.6637118458747864,0.7528072595596313,0.5018786191940308,0.7396348714828491,0.6435828804969788,0.81951904296875,-0.8505765795707703,0.6703841686248779,-0.6771578192710876,0.5601703524589539,0.767884373664856,-0.7535470724105835,0.8398074507713318,-0.765184760093689,-0.8235068917274475,0.7035833597183228,0.7515532970428467,0.757594108581543,0.7795507311820984,0.7887374758720398,0.6106643080711365,0.4636968970298767,0.49501723051071167,-0.6680998206138611,0.686391294002533,0.717452883720398,0.8629735112190247,0.8326973915100098,-0.7792360186576843,0.637776255607605,0.6867671608924866,0.43626847863197327,0.4924194812774658,0.8608682155609131,-0.6882253289222717,0.5809726715087891,0.5824187994003296,0.7222412824630737,0.8291515111923218,0.7766172289848328,0.30620360374450684,0.1538936048746109,0.4832629859447479,0.675446629524231,0.31982722878456116,0.5049903392791748,0.6925598978996277,0.7268802523612976,-0.7440661191940308,-0.8109526634216309,0.6288650035858154
-0.2333391159772873,0.19990208745002747,0.2850624620914459,-0.20047511160373688,0.11737862974405289,0.05443037301301956,1.0,0.311739057302475,-0.22352977097034454,0.38537612557411194,0.1375567466020584,0.14036451280117035,-0.2055683732032776,0.08431556820869446,0.37817102670669556,-0.21739450097084045,0.4920456111431122,-0.20771294832229614,0.2159142941236496,0.036613136529922485,0.179667666554451,0.2049730122089386,0.1918620467185974,0.2519068717956543,-0.09209682047367096,0.05752583593130112,-0.22653502225875854,0.19365538656711578,0.10033372044563293,-0.13047878444194794,0.16345886886119843,0.11706303060054779,-0.1689576953649521,0.3841596841812134,0.03872353211045265,0.17988742887973785,0.11845889687538147,0.0070136310532689095,0.41179850697517395,0.12168064713478088,0.1575303077697754,0.18623024225234985,0.12098231166601181,-0.04047529771924019,0.01964176446199417,0.11947444081306458,0.04788616672158241,0.19185462594032288,-0.24265730381011963,-0.1878637969493866,0.1365889012813568,0.09993205964565277,0.05588586628437042,0.2245579957962036,-0.1264621615409851,-0.17031748592853546,0.20195098221302032,-0.23754951357841492,-0.1590394526720047,0.23951739072799683,-0.18933627009391785,0.2681654095649719,-0.30989837646484375,-0.1651831716299057,0.2784918248653412,0.21153365075588226,0.10852137953042984,0.19153361022472382,0.14949515461921692,0.05948224291205406,0.2307666689157486,0.05876980721950531,-0.22682560980319977,0.03082977421581745,0.15059329569339752,0.10053667426109314,0.14840167760849,-0.26770317554473877,-0.14490394294261932,0.3096456229686737,0.0677097961306572,0.1925579160451889,0.19067034125328064,-0.22316662967205048,0.36480948328971863,-0.19785259664058685,0.2881571352481842,0.055180031806230545,0.19985100626945496,0.137715682387352,0.33348608016967773,-0.08616148680448532,0.34931525588035583,-0.05860432982444763,0.42421314120292664,0.1380194127559662,0.3507884740829468,-0.20327770709991455,-0.18121227622032166,0.13705871999263763
-0.9631715416908264,0.9635399580001831,0.954055666923523,-0.9482401013374329,0.891867995262146,0.7287635803222656,0.311739057302475,1.0,-0.9645860195159912,0.774280846118927,0.9532119035720825,0.9483687877655029,-0.9666138887405396,0.8167275190353394,0.9783198237419128,-0.9625862240791321,0.6148615479469299,-0.9568920135498047,0.9863826036453247,0.1504904329776764,0.9737588763237,0.9578303098678589,0.8832008242607117,0.9847590923309326,0.4157513380050659,0.6468421220779419,-0.9689474105834961,0.9351308941841125,0.961129903793335,0.6235501766204834,0.9254434704780579,0.9527561664581299,-0.9541642069816589,0.9554367065429688,0.7956990599632263,0.9740175604820251,0.20951685309410095,0.1925082802772522,0.7800413370132446,0.8811396360397339,0.9413682222366333,0.9665810465812683,0.9612768292427063,0.8494085073471069,0.14957302808761597,0.32813015580177307,0.45286792516708374,0.9660355448722839,-0.9714133739471436,-0.9518904089927673,0.9561932682991028,0.8736574053764343,0.945445716381073,0.9719021916389465,0.6404923796653748,-0.9513888359069824,0.9308894872665405,-0.9597787261009216,0.8077141046524048,0.9876709580421448,-0.966589093208313,0.8837565779685974,-0.9743974208831787,-0.9382364153862,0.9472792148590088,0.9741763472557068,0.6223633289337158,0.9440754055976868,0.941369891166687,0.8497236967086792,0.8620820641517639,0.45469823479652405,-0.9534286856651306,0.9327095746994019,0.9729688763618469,0.8483242392539978,0.8523247241973877,-0.968208909034729,0.8567091226577759,0.9303776025772095,0.19152019917964935,0.5761529803276062,0.9230778813362122,-0.959690511226654,0.9158556461334229,0.3742680251598358,0.9457381367683411,0.7138264775276184,0.9733543992042542,0.39361077547073364,0.6942989826202393,0.7835363745689392,0.9762036800384521,0.7346174120903015,0.9146903157234192,0.9439750909805298,0.8624695539474487,-0.9584022760391235,-0.9583871960639954,0.9308790564537048
0.9842203855514526,-0.9651542901992798,-0.9449196457862854,0.9343448281288147,-0.937757670879364,-0.6362647414207458,-0.22352977097034454,-0.9645860195159912,1.0,-0.7331606149673462,-0.9369310140609741,-0.9653061628341675,0.9555357098579407,-0.7886372804641724,-0.9431918263435364,0.9778648614883423,-0.5481261610984802,0.9486277103424072,-0.9759442210197449,-0.2159358412027359,-0.988574206829071,-0.9834970831871033,-0.8408300876617432,-0.9751471877098083,-0.5612217783927917,-0.5278348326683044,0.9648919701576233,-0.9214053750038147,-0.9642945528030396,-0.6057124733924866,-0.9168737530708313,-0.9367189407348633,0.977379560470581,-0.9230746626853943,-0.7541282773017883,-0.9661632180213928,-0.2924782633781433,-0.24410280585289001,-0.8076320290565491,-0.9429806470870972,-0.9842128753662109,-0.9740735292434692,-0.9722596406936646,-0.928413450717926,-0.24513684213161469,-0.3829035758972168,-0.5658221244812012,-0.9709292054176331,0.9807429313659668,0.9923368692398071,-0.9631673097610474,-0.8772046566009521,-0.9608917832374573,-0.9741573333740234,-0.5158365368843079,0.9186186194419861,-0.9723819494247437,0.9918949604034424,-0.851823627948761,-0.9628552198410034,0.9744807481765747,-0.8867348432540894,0.9584720134735107,0.9346210956573486,-0.9740946292877197,-0.9714123010635376,-0.5997297167778015,-0.9299486875534058,-0.9233017563819885,-0.8756008148193359,-0.9458296895027161,-0.3873690366744995,0.9919038414955139,-0.9634175896644592,-0.9554588794708252,-0.8084860444068909,-0.8222119212150574,0.9505161643028259,-0.8613788485527039,-0.9294179081916809,-0.22271619737148285,-0.5949862599372864,-0.8666138648986816,0.9901265501976013,-0.8872714042663574,-0.4009404480457306,-0.9340542554855347,-0.677096426486969,-0.9601026177406311,-0.272781103849411,-0.7306796908378601,-0.8513853549957275,-0.9608542323112488,-0.7954270839691162,-0.8942433595657349,-0.962885856628418,-0.824914276599884,0.9752981662750244,0.9524271488189697,-0.984544575214386
-0.775720477104187,0.7889731526374817,0.7790743112564087,-0.7518835663795471,0.8099766969680786,0.6329079270362854,0.38537612557411194,0.774280846118927,-0.7331606149673462,1.0,0.8433635234832764,0.8290407657623291,-0.8075199127197266,0.7566679120063782,0.8033565282821655,-0.7616079449653625,0.8047057390213013,-0.7718169689178467,0.7643975615501404,0.47552379965782166,0.7608972787857056,0.7747862935066223,0.8224266171455383,0.782625138759613,0.14144866168498993,0.637506902217865,-0.7700919508934021,0.80821293592453,0.687018871307373,0.4423693120479584,0.7780227661132812,0.7622944712638855,-0.7980417609214783,0.8804165124893188,0.7499825954437256,0.7247835397720337,0.02219046838581562,0.12912845611572266,0.522259533405304,0.5274422764778137,0.6866112947463989,0.716111958026886,0.6962937116622925,0.5546556711196899,0.02055148035287857,0.5596538186073303,0.6498014330863953,0.7915694713592529,-0.7571766376495361,-0.7535707354545593,0.7633796334266663,0.6607816815376282,0.7337419390678406,0.7735251784324646,0.4463331401348114,-0.7937663793563843,0.7288199067115784,-0.7732695937156677,0.4808752238750458,0.7321120500564575,-0.7925710082054138,0.7102050185203552,-0.7714094519615173,-0.748901903629303,0.7775577902793884,0.7876502871513367,0.6593692302703857,0.7458986043930054,0.7668538093566895,0.5983856320381165,0.5431661605834961,0.06634300947189331,-0.7597489953041077,0.7594480514526367,0.6826222538948059,0.5592852234840393,0.8703771829605103,-0.7852264642715454,0.53632652759552,0.6832876801490784,0.03425959125161171,0.6111742854118347,0.8694862723350525,-0.796531081199646,0.7769854068756104,0.3964208960533142,0.7871770858764648,0.8447241187095642,0.8409309983253479,0.2217048704624176,0.40886348485946655,0.5103300213813782,0.6851593852043152,0.30004340410232544,0.6424248218536377,0.7180839776992798,0.6762011051177979,-0.8097408413887024,-0.7811214327812195,0.7479667067527771
-0.9619371891021729,0.9635074734687805,0.9280773401260376,-0.9584026336669922,0.9294394254684448,0.8154561519622803,0.1375567466020584,0.9532119035720825,-0.9369310140609741,0.8433635234832764,1.0,0.9748690724372864,-0.988247275352478,0.8528677225112915,0.9399440288543701,-0.9632724523544312,0.6675596237182617,-0.9738397002220154,0.9634233117103577,0.29292628169059753,0.9633288383483887,0.9459667205810547,0.9253711700439453,0.965664267539978,0.3380226790904999,0.7323895692825317,-0.9725061058998108,0.9479455947875977,0.9461449384689331,0.6445180773735046,0.9394741058349609,0.9715620875358582,-0.9782705307006836,0.949897289276123,0.8530039191246033,0.9458120465278625,0.15031307935714722,0.2574518024921417,0.6685301661491394,0.8071333765983582,0.9269542694091797,0.9388499855995178,0.9437800645828247,0.8458217978477478,0.17003026604652405,0.4271179437637329,0.5826905369758606,0.964004397392273,-0.9587662816047668,-0.9506967663764954,0.9643579125404358,0.8512664437294006,0.9589951038360596,0.9400935769081116,0.6784366965293884,-0.9817676544189453,0.9331014156341553,-0.9543930888175964,0.7983912825584412,0.9607106447219849,-0.9809824228286743,0.897314727306366,-0.9520552754402161,-0.963127851486206,0.9321585297584534,0.9631469249725342,0.7041361331939697,0.9387507438659668,0.9598342776298523,0.8225128650665283,0.7946838140487671,0.37602439522743225,-0.9470189809799194,0.9623334407806396,0.9417906999588013,0.8320585489273071,0.9251664876937866,-0.9651779532432556,0.8490968346595764,0.8711409568786621,0.2268419861793518,0.6195882558822632,0.9733782410621643,-0.9642468690872192,0.8797906041145325,0.4965987205505371,0.924965500831604,0.8540266156196594,0.9935479760169983,0.3555753529071808,0.5713966488838196,0.7904335856437683,0.9040681719779968,0.6459249258041382,0.8033589720726013,0.9378844499588013,0.8127672672271729,-0.9798847436904907,-0.9773673415184021,0.9388284683227539
-0.9696483016014099,0.9758646488189697,0.9311800599098206,-0.9380208253860474,0.9643349051475525,0.7170376181602478,0.14036451280117035,0.9483687877655029,-0.9653061628341675,0.8290407657623291,0.9748690724372864,1.0,-0.9721697568893433,0.8375370502471924,0.9431106448173523,-0.9661539793014526,0.6426886916160583,-0.9561266899108887,0.9650669693946838,0.2481602281332016,0.9835931062698364,0.9855100512504578,0.9202209711074829,0.9685407876968384,0.4383240044116974,0.615505039691925,-0.9597399234771729,0.962827742099762,0.9582334160804749,0.6248883008956909,0.938268780708313,0.9612492322921753,-0.9825922250747681,0.9479358196258545,0.8561773896217346,0.963269054889679,0.174260213971138,0.16064421832561493,0.712225615978241,0.8688620924949646,0.9544581770896912,0.9575965404510498,0.9676263332366943,0.8918221592903137,0.23009870946407318,0.4865613877773285,0.6206369400024414,0.9825053811073303,-0.9555752277374268,-0.9718813896179199,0.9841195344924927,0.8641386032104492,0.9811590313911438,0.9722896814346313,0.5819720029830933,-0.9537955522537231,0.9453985095024109,-0.9715693593025208,0.822011411190033,0.9448069930076599,-0.9738752841949463,0.8779186010360718,-0.9414180517196655,-0.9355255365371704,0.9686017632484436,0.9801663756370544,0.682259202003479,0.9569588899612427,0.965387761592865,0.8676786422729492,0.8601592183113098,0.2965303063392639,-0.9709450006484985,0.9796430468559265,0.9297255277633667,0.8165043592453003,0.9131903052330017,-0.9492326378822327,0.8860422968864441,0.8990757465362549,0.1752651035785675,0.6509191989898682,0.9312038421630859,-0.9812554717063904,0.888541042804718,0.507524847984314,0.945859968662262,0.8136391043663025,0.9857521057128906,0.23946811258792877,0.6257631182670593,0.8104047775268555,0.9083314538002014,0.7177292704582214,0.8181942105293274,0.961672842502594,0.8013367056846619,-0.977894127368927,-0.9675523638725281,0.9787008762359619
0.9822623133659363,-0.965015172958374,-0.9257440567016602,0.9822819232940674,-0.9171633124351501,-0.812886655330658,-0.2055683732032776,-0.9666138887405396,0.9555357098579407,-0.8075199127197266,-0.988247275352478,-0.9721697568893433,1.0,-0.8327702879905701,-0.9651480317115784,0.9838529825210571,-0.6950204372406006,0.9918360710144043,-0.9721507430076599,-0.2543767988681793,-0.9745097160339355,-0.9575271606445312,-0.9270539283752441,-0.9825396537780762,-0.3430020809173584,-0.6930326223373413,0.9911834001541138,-0.9554212689399719,-0.9574412703514099,-0.6024268269538879,-0.9360812306404114,-0.969954252243042,0.9817240238189697,-0.9627679586410522,-0.8503389954566956,-0.9653892517089844,-0.19640277326107025,-0.24402722716331482,-0.6892539858818054,-0.828718364238739,-0.946725606918335,-0.9555954933166504,-0.9645128846168518,-0.8659342527389526,-0.27102169394493103,-0.4121014475822449,-0.5559619069099426,-0.975411057472229,0.9781137108802795,0.9662617444992065,-0.9776520729064941,-0.8356407880783081,-0.962992250919342,-0.9512027502059937,-0.6602420210838318,0.9884372353553772,-0.9505968689918518,0.969268262386322,-0.7926339507102966,-0.9810882210731506,0.9895370602607727,-0.935613751411438,0.9799381494522095,0.9827116131782532,-0.9594026803970337,-0.975084125995636,-0.7134312987327576,-0.9570077657699585,-0.9724544882774353,-0.8447831273078918,-0.8510636687278748,-0.43089917302131653,0.9647830724716187,-0.9565686583518982,-0.9457814693450928,-0.8596943020820618,-0.9100975394248962,0.9889864325523376,-0.8404592275619507,-0.9037116169929504,-0.2702677249908447,-0.6062314510345459,-0.9619914293289185,0.976193904876709,-0.8903067708015442,-0.4817441999912262,-0.9314678907394409,-0.8187661170959473,-0.9910550713539124,-0.34373390674591064,-0.5979779958724976,-0.7828825116157532,-0.9340614080429077,-0.6744194030761719,-0.8363017439842224,-0.9594864249229431,-0.8455634117126465,0.9873297214508057,0.9914785623550415,-0.9471400380134583
-0.7875428795814514,0.7594866752624512,0.7706703543663025,-0.8499172329902649,0.8399479985237122,0.6459131240844727,0.08431556820869446,0.8167275190353394,-0.7886372804641724,0.7566679120063782,0.8528677225112915,0.8375370502471924,-0.8327702879905701,1.0,0.8233718872070312,-0.7917918562889099,0.6851673722267151,-0.7931496500968933,0.8056579232215881,0.24930861592292786,0.7993496060371399,0.8095589280128479,0.768244743347168,0.799560010433197,0.4147372543811798,0.5271751284599304,-0.7915101647377014,0.8619205951690674,0.8433743715286255,0.3707159459590912,0.7200912833213806,0.8560206294059753,-0.7931049466133118,0.8485175967216492,0.8509005308151245,0.8533315062522888,0.014907343313097954,0.3192759156227112,0.4190976023674011,0.6531047821044922,0.7958226203918457,0.8428895473480225,0.8293989896774292,0.6949383020401001,0.1423366814851761,0.24374650418758392,0.4018231928348541,0.8714348673820496,-0.7981995940208435,-0.7756744027137756,0.7861651182174683,0.61577308177948,0.861847996711731,0.8221015930175781,0.7111058831214905,-0.833794891834259,0.7832580804824829,-0.7693238854408264,0.7284747362136841,0.8325344324111938,-0.8082298040390015,0.7507644891738892,-0.7963835000991821,-0.8253284096717834,0.7801280617713928,0.8451868891716003,0.8179160356521606,0.8290393948554993,0.8102348446846008,0.8131376504898071,0.6892478466033936,0.49567630887031555,-0.7537400126457214,0.8554627299308777,0.8391412496566772,0.6732009649276733,0.8657238483428955,-0.8403469920158386,0.7150912880897522,0.8211891651153564,-0.16485635936260223,0.5691644549369812,0.8129703402519226,-0.7939949035644531,0.7718258500099182,0.24725645780563354,0.7617369890213013,0.6925284266471863,0.8428273797035217,0.11227615922689438,0.31588196754455566,0.5198702216148376,0.7283998727798462,0.4433915913105011,0.5943756103515625,0.7665770053863525,0.8241879343986511,-0.8051562309265137,-0.8011966943740845,0.7736973762512207
-0.9580608606338501,0.9416255354881287,0.9293717741966248,-0.9550716280937195,0.8756867051124573,0.7407745718955994,0.37817102670669556,0.9783198237419128,-0.9431918263435364,0.8033565282821655,0.9399440288543701,0.9431106448173523,-0.9651480317115784,0.8233718872070312,1.0,-0.9601917266845703,0.735593318939209,-0.9635292291641235,0.9645442962646484,0.1036638543009758,0.9574471712112427,0.9566431045532227,0.9300402998924255,0.9687496423721313,0.3084563910961151,0.6349605917930603,-0.9682633280754089,0.9448201060295105,0.9413281083106995,0.5501368045806885,0.9057590961456299,0.9350234866142273,-0.936110258102417,0.9729344248771667,0.8013303875923157,0.9561535120010376,0.21868230402469635,0.22052522003650665,0.7489215135574341,0.8215955495834351,0.9237204790115356,0.9380906224250793,0.9409117102622986,0.804976224899292,0.24919366836547852,0.44817495346069336,0.4914216995239258,0.9671112298965454,-0.960547685623169,-0.9386987090110779,0.945899248123169,0.8089125156402588,0.9295922517776489,0.9621042609214783,0.620387077331543,-0.9622942209243774,0.9101789593696594,-0.9499410390853882,0.7097194790840149,0.9686699509620667,-0.9557936787605286,0.8981615304946899,-0.9752460718154907,-0.933635413646698,0.955935537815094,0.9667745232582092,0.6726622581481934,0.9696359038352966,0.9577563405036926,0.8523730039596558,0.8550859093666077,0.4046238660812378,-0.9441105723381042,0.9002759456634521,0.9415571689605713,0.8401206731796265,0.8909409642219543,-0.9761132001876831,0.8072043657302856,0.9275988340377808,0.14801809191703796,0.6012224555015564,0.9162068367004395,-0.9522526264190674,0.9302618503570557,0.4416811764240265,0.9626418352127075,0.7708317041397095,0.9611236453056335,0.32871749997138977,0.6549481153488159,0.7183933854103088,0.9660160541534424,0.6613709330558777,0.8713418245315552,0.9357385039329529,0.8776339292526245,-0.955719530582428,-0.9628636837005615,0.9163720011711121
0.9942570924758911,-0.9542638063430786,-0.9088276624679565,0.9784104824066162,-0.915346622467041,-0.7605503797531128,-0.21739450097084045,-0.9625862240791321,0.9778648614883423,-0.7616079449653625,-0.9632724523544312,-0.9661539793014526,0.9838529825210571,-0.7917918562889099,-0.9601917266845703,1.0,-0.6440953016281128,0.9905737042427063,-0.9811206459999084,-0.2246398776769638,-0.9805012941360474,-0.9651257991790771,-0.8954623937606812,-0.9813255667686462,-0.40855640172958374,-0.5929512977600098,0.9936665892601013,-0.9150189757347107,-0.9495934247970581,-0.5711259841918945,-0.911512017250061,-0.9558255672454834,0.980224072933197,-0.9476562738418579,-0.8042367696762085,-0.9660833477973938,-0.3451007604598999,-0.25494080781936646,-0.7685016393661499,-0.8808321356773376,-0.9594393968582153,-0.954828679561615,-0.9680143594741821,-0.8918014764785767,-0.2605002820491791,-0.4472639560699463,-0.6193661093711853,-0.981374204158783,0.9959956407546997,0.9861635565757751,-0.9774326086044312,-0.8312103152275085,-0.962446391582489,-0.961969792842865,-0.619145929813385,0.9631668925285339,-0.9505642056465149,0.9845907092094421,-0.8134994506835938,-0.9700838923454285,0.9916709065437317,-0.9444247484207153,0.9869293570518494,0.9793506264686584,-0.9812506437301636,-0.9822738170623779,-0.677459716796875,-0.9547086954116821,-0.94683438539505,-0.8907604217529297,-0.9028666019439697,-0.4348674714565277,0.9837445616722107,-0.9545318484306335,-0.9464980959892273,-0.8812018036842346,-0.8904222846031189,0.9799845814704895,-0.8385804295539856,-0.9215974807739258,-0.2727779746055603,-0.5617081522941589,-0.9217442274093628,0.9871956706047058,-0.8565617203712463,-0.5241080522537231,-0.9460225105285645,-0.775606632232666,-0.9710989594459534,-0.2991698980331421,-0.6387264728546143,-0.8319580554962158,-0.9551181793212891,-0.735622227191925,-0.8681063055992126,-0.9737099409103394,-0.8708654642105103,0.9905057549476624,0.9905228018760681,-0.9597572684288025
-0.6323401927947998,0.5709071755409241,0.5412428379058838,-0.7124510407447815,0.5958248972892761,0.6828208565711975,0.4920456111431122,0.6148615479469299,-0.5481261610984802,0.8047057390213013,0.6675596237182617,0.6426886916160583,-0.6950204372406006,0.6851673722267151,0.735593318939209,-0.6440953016281128,1.0,-0.6877249479293823,0.5840440988540649,0.243181973695755,0.576728343963623,0.6044525504112244,0.7606170177459717,0.623846709728241,-0.15945608913898468,0.48379847407341003,-0.6577991247177124,0.6886258125305176,0.5414882898330688,0.06002764776349068,0.5418100953102112,0.6312571167945862,-0.6064489483833313,0.7939162850379944,0.7254393100738525,0.6099902987480164,0.04294872283935547,0.15863370895385742,0.29546257853507996,0.29068100452423096,0.5354276299476624,0.569962739944458,0.5709035992622375,0.34502243995666504,0.32272854447364807,0.5201005935668945,0.49258095026016235,0.6722126603126526,-0.6213778257369995,-0.5719935894012451,0.614665150642395,0.303375780582428,0.5889445543289185,0.5955054759979248,0.48630255460739136,-0.7119778394699097,0.5658236742019653,-0.5922530889511108,0.2294454276561737,0.6188762187957764,-0.6308497190475464,0.727418065071106,-0.6836570501327515,-0.6779270172119141,0.6711062788963318,0.6554513573646545,0.8062596321105957,0.6968520283699036,0.6816853284835815,0.5440776348114014,0.45762884616851807,0.2463865876197815,-0.5813802480697632,0.5468457341194153,0.5174046158790588,0.5660350918769836,0.8138169646263123,-0.714052677154541,0.3225319981575012,0.6319350600242615,0.041313886642456055,0.5220180153846741,0.7267614603042603,-0.6183612942695618,0.6294824481010437,0.39834094047546387,0.6522774696350098,0.7700818181037903,0.6638501286506653,0.027114490047097206,0.11688008159399033,0.18700392544269562,0.5578799247741699,0.05262656509876251,0.4281861186027527,0.5781298279762268,0.715252161026001,-0.648857057094574,-0.676865816116333,0.5415195822715759
0.9810291528701782,-0.9499988555908203,-0.9019005298614502,0.9844067096710205,-0.8908180594444275,-0.8299863338470459,-0.20771294832229614,-0.9568920135498047,0.9486277103424072,-0.7718169689178467,-0.9738397002220154,-0.9561266899108887,0.9918360710144043,-0.7931496500968933,-0.9635292291641235,0.9905737042427063,-0.6877249479293823,1.0,-0.9704056978225708,-0.1969621479511261,-0.9663165211677551,-0.9467953443527222,-0.928666889667511,-0.9734869003295898,-0.2991410493850708,-0.6731488108634949,0.9959897994995117,-0.9226511716842651,-0.943734347820282,-0.5847066044807434,-0.9167976379394531,-0.9612220525741577,0.9712932109832764,-0.9495916962623596,-0.820296049118042,-0.9538612365722656,-0.28681695461273193,-0.26944831013679504,-0.7225869297981262,-0.8270817995071411,-0.9375151991844177,-0.936941921710968,-0.9538815021514893,-0.8531986474990845,-0.26828885078430176,-0.45715439319610596,-0.5882412195205688,-0.9691423177719116,0.9829744100570679,0.9635754823684692,-0.9718083143234253,-0.8140878677368164,-0.9517583250999451,-0.9415942430496216,-0.6711248159408569,0.9867779612541199,-0.9327458143234253,0.9661384224891663,-0.7710275053977966,-0.9714722633361816,0.9866809844970703,-0.9481069445610046,0.983825147151947,0.9839649796485901,-0.9604923129081726,-0.970180094242096,-0.6978161334991455,-0.9621147513389587,-0.964637815952301,-0.8585348725318909,-0.8515845537185669,-0.4378066956996918,0.9630942344665527,-0.9352675676345825,-0.9414182305335999,-0.8931980133056641,-0.9093499183654785,0.9847347736358643,-0.8314418196678162,-0.8998098373413086,-0.29714736342430115,-0.5710415244102478,-0.9470972418785095,0.9697463512420654,-0.8626878261566162,-0.555095911026001,-0.9432243704795837,-0.8264807462692261,-0.9741860628128052,-0.3447050154209137,-0.5968126654624939,-0.7981041073799133,-0.9443494081497192,-0.6835944652557373,-0.8356794714927673,-0.9601191282272339,-0.8588908314704895,0.9847762584686279,0.9968860149383545,-0.9349392056465149
-0.9828051924705505,0.963718593120575,0.9347038269042969,-0.9589813351631165,0.8963250517845154,0.7225119471549988,0.2159142941236496,0.9863826036453247,-0.9759442210197449,0.7643975615501404,0.9634233117103577,0.9650669693946838,-0.9721507430076599,0.8056579232215881,0.9645442962646484,-0.9811206459999084,0.5840440988540649,-0.9704056978225708,1.0,0.19203941524028778,0.9888057112693787,0.9660524129867554,0.8984183073043823,0.9927383661270142,0.43006575107574463,0.6443264484405518,-0.9836265444755554,0.9253916144371033,0.9651035666465759,0.6652659177780151,0.9426930546760559,0.9481378793716431,-0.9660585522651672,0.9355533719062805,0.7924578189849854,0.9732726216316223,0.30483850836753845,0.20018960535526276,0.7699961066246033,0.8908023238182068,0.9440283179283142,0.9553365111351013,0.9702222347259521,0.8990197777748108,0.18267101049423218,0.4061149060726166,0.5288251638412476,0.9776242971420288,-0.9876977205276489,-0.9775421619415283,0.9766915440559387,0.8978376388549805,0.9606095552444458,0.9863866567611694,0.652146577835083,-0.9583791494369507,0.926056981086731,-0.9739210605621338,0.8339927792549133,0.9779523611068726,-0.9872767925262451,0.8819572329521179,-0.9811348915100098,-0.9565634727478027,0.9555083513259888,0.9805428385734558,0.6035823822021484,0.9454631209373474,0.94605952501297,0.8912816047668457,0.878650426864624,0.42995497584342957,-0.9706751108169556,0.9603203535079956,0.9705536961555481,0.8600371479988098,0.8686901330947876,-0.9732595086097717,0.8794941902160645,0.903190016746521,0.17218002676963806,0.5128559470176697,0.9294863939285278,-0.9766297340393066,0.886938214302063,0.4752356708049774,0.9457027912139893,0.7490301728248596,0.9751794338226318,0.40365538001060486,0.7013025879859924,0.8597071170806885,0.9675431847572327,0.78773432970047,0.9158355593681335,0.9779765605926514,0.8502553105354309,-0.9780728220939636,-0.9787582159042358,0.9501981139183044
-0.2714602053165436,0.1829664558172226,0.15573804080486298,-0.23238421976566315,0.28855669498443604,0.11382035166025162,0.036613136529922485,0.1504904329776764,-0.2159358412027359,0.47552379965782166,0.29292628169059753,0.2481602281332016,-0.2543767988681793,0.24930861592292786,0.1036638543009758,-0.2246398776769638,0.243181973695755,-0.1969621479511261,0.19203941524028778,1.0,0.19306877255439758,0.14888156950473785,0.09935566037893295,0.24099352955818176,0.24961106479167938,0.19696970283985138,-0.2151629626750946,0.18634033203125,0.09209921956062317,0.10337407141923904,0.24498046934604645,0.14789071679115295,-0.2780657708644867,0.24304823577404022,0.2580190896987915,0.14773523807525635,0.09566932171583176,0.05248735100030899,-0.07080868631601334,0.0611138790845871,0.14540022611618042,0.16272573173046112,0.15174470841884613,0.26336029171943665,0.06282751262187958,0.040624912828207016,0.416664719581604,0.19782643020153046,-0.2403492033481598,-0.263052374124527,0.2050645649433136,0.21352437138557434,0.16171328723430634,0.174737349152565,0.029964881017804146,-0.16879455745220184,0.25268644094467163,-0.23628000915050507,0.2378794103860855,0.16271433234214783,-0.27680206298828125,0.24029061198234558,-0.22948819398880005,-0.29870039224624634,0.19866041839122772,0.1852312982082367,0.2591589093208313,0.00924635212868452,0.09279713779687881,0.10156723111867905,0.15080633759498596,0.07459330558776855,-0.22968639433383942,0.31240880489349365,0.07090012729167938,-0.015446255914866924,0.2366049885749817,-0.2399943768978119,-0.05897165834903717,0.05892527475953102,0.10858534276485443,-0.009589539840817451,0.33596277236938477,-0.27009132504463196,0.08612976223230362,-0.056514445692300797,0.018070848658680916,0.23875275254249573,0.2572604715824127,0.12957806885242462,-0.006564990617334843,0.22641770541667938,0.03587722033262253,-0.0036289046984165907,0.1990250051021576,0.21225085854530334,0.14745044708251953,-0.2756462097167969,-0.21058911085128784,0.2207988202571869
