1.0,-0.7826929688453674,-0.7200841307640076,0.7181673049926758,-0.8442798852920532,-0.8618097901344299,-0.8013546466827393,-0.271392822265625,0.9115716218948364,-0.5986308455467224,-0.8841441869735718,-0.7645024061203003,0.8465369939804077,-0.5867661833763123,-0.8897810578346252,0.7812827229499817,-0.8139009475708008,0.7464098334312439,-0.7949721217155457,-0.8469515442848206,-0.7812424302101135,-0.7965406775474548,-0.9366781711578369,-0.9090253710746765,-0.8868705034255981,-0.8784591555595398,0.8608931303024292,-0.8124119639396667,-0.8574292063713074,-0.8465234637260437,-0.470064640045166,-0.41105374693870544,0.8456383347511292,-0.7892341613769531,-0.8853182196617126,-0.9329316020011902,-0.597370982170105,-0.3734816908836365,-0.8521584272384644,-0.5049657225608826,-0.5094739198684692,-0.8330926895141602,-0.903712809085846,-0.6359496712684631,-0.5075073838233948,-0.2506084442138672,-0.3425508439540863,-0.810100257396698,0.7800049781799316,0.8620472550392151,-0.9283504486083984,-0.7345596551895142,-0.8840444087982178,-0.8930854201316833,-0.7297690510749817,0.895140528678894,-0.6982313394546509,0.9079430103302002,-0.2773449420928955,-0.4896361231803894,0.7493767142295837,-0.89102703332901,0.811874508857727,0.934710681438446,-0.8406517505645752,-0.8979326486587524,-0.2910805940628052,-0.8948972225189209,-0.8996530771255493,-0.47590169310569763,-0.6968737840652466,-0.8967941999435425,0.8906521201133728,-0.3062923848628998,-0.9144225716590881,-0.8955062031745911,-0.7623327970504761,0.9065549373626709,-0.8636201024055481,-0.8805323839187622,-0.595302402973175,-0.291820228099823,-0.2332891821861267,0.8772705793380737,-0.3635859191417694,-0.21930085122585297,-0.8283349275588989,-0.9050908088684082,-0.8247442245483398,-0.8255125880241394,-0.8745371103286743,-0.18947312235832214,-0.8506057262420654,-0.870520830154419,-0.8718212246894836,-0.9102272391319275,-0.6982254385948181,0.8370414972305298,0.8609912395477295,-0.8740664124488831
-0.7826929688453674,1.0,0.7952196598052979,-0.8899603486061096,0.8523557782173157,0.8335937261581421,0.7997553944587708,0.19982968270778656,-0.7965754866600037,0.4171717166900635,0.8033828735351562,0.6096166968345642,-0.7757946252822876,0.5846241116523743,0.8873700499534607,-0.7224092483520508,0.7214388847351074,-0.7074377536773682,0.743140697479248,0.8207751512527466,0.7782048583030701,0.6764070391654968,0.866263210773468,0.7612022757530212,0.8687530755996704,0.8516295552253723,-0.8160651326179504,0.8275700807571411,0.7892695069313049,0.7902940511703491,0.5454738736152649,0.2715272009372711,-0.8263137340545654,0.7217352390289307,0.8020127415657043,0.857276201248169,0.6438054442405701,0.45418909192085266,0.7232829332351685,0.3820746839046478,0.2943809926509857,0.7745800614356995,0.8375952839851379,0.5496504306793213,0.31313490867614746,0.18266111612319946,0.2598910927772522,0.7745558619499207,-0.7969237565994263,-0.7161372303962708,0.8289682269096375,0.7382517457008362,0.9262689352035522,0.8250632882118225,0.7094148397445679,-0.6102718114852905,0.7602339386940002,-0.8108953237533569,0.2218947857618332,0.46320247650146484,-0.6746578216552734,0.8563212752342224,-0.7775040864944458,-0.8840109705924988,0.7810156941413879,0.8881343007087708,0.310077965259552,0.8971065282821655,0.8701028227806091,0.42229214310646057,0.7463786005973816,0.7470549941062927,-0.7261070609092712,0.008927932009100914,0.8280759453773499,0.81183260679245,0.6645550727844238,-0.7710307836532593,0.8341342806816101,0.8667383193969727,0.6463115811347961,0.32933396100997925,0.1563124805688858,-0.7281494140625,0.42796170711517334,0.10786458104848862,0.813387930393219,0.9131210446357727,0.8427397608757019,0.7407774329185486,0.7740364074707031,0.04929037019610405,0.8281378149986267,0.7386729717254639,0.822818398475647,0.8610754013061523,0.7136043310165405,-0.8200535178184509,-0.7947241067886353,0.8410823345184326
-0.7200841307640076,0.7952196598052979,1.0,-0.7415556907653809,0.8301174640655518,0.7571274042129517,0.7494363784790039,0.14795054495334625,-0.8413443565368652,0.5847809910774231,0.809036135673523,0.6545147895812988,-0.7873099446296692,0.7441430687904358,0.8159366250038147,-0.7337988018989563,0.586409866809845,-0.748496413230896,0.5588275194168091,0.6194617748260498,0.729918897151947,0.7160637378692627,0.8154748678207397,0.6017387509346008,0.8483383059501648,0.8028643131256104,-0.8035783767700195,0.7197197079658508,0.6921208500862122,0.7853112816810608,0.6651638150215149,0.3485787510871887,-0.872477114200592,0.7652199268341064,0.6977527141571045,0.7686197757720947,0.42249158024787903,0.3848414123058319,0.7277901768684387,0.6139250993728638,0.2928762435913086,0.8106314539909363,0.7680231928825378,0.2659471929073334,0.21610194444656372,0.1515684425830841,0.4001961648464203,0.7922771573066711,-0.7339467406272888,-0.7965334057807922,0.7470391988754272,0.8082571625709534,0.7836527228355408,0.8252593874931335,0.7326564192771912,-0.6730875968933105,0.6099965572357178,-0.7639777064323425,0.14914865791797638,0.4794553220272064,-0.6691715121269226,0.7558162808418274,-0.7827640771865845,-0.8382817506790161,0.7560366988182068,0.7239507436752319,0.32127776741981506,0.7913891077041626,0.8444796800613403,0.14832435548305511,0.6642091870307922,0.823433518409729,-0.6378176808357239,0.14737221598625183,0.8538431525230408,0.8475150465965271,0.47249358892440796,-0.7141140699386597,0.8234245181083679,0.8631422519683838,0.4026521146297455,0.279768168926239,0.20171281695365906,-0.7526441216468811,0.361621230840683,0.11653011292219162,0.847877025604248,0.811447262763977,0.8629121780395508,0.8677992820739746,0.8565892577171326,0.20977628231048584,0.7779685258865356,0.7299131155014038,0.8233954310417175,0.8707621097564697,0.735294759273529,-0.7880798578262329,-0.573605477809906,0.8705568313598633
0.7181673049926758,-0.8899603486061096,-0.7415556907653809,1.0,-0.691421389579773,-0.6712778210639954,-0.6596410870552063,-0.22823111712932587,0.7281893491744995,-0.49308255314826965,-0.7279332876205444,-0.5779799222946167,0.6753891110420227,-0.5665491223335266,-0.8237839937210083,0.5681738257408142,-0.6559178829193115,0.6715690493583679,-0.6974188685417175,-0.68857741355896,-0.7600479125976562,-0.6872071623802185,-0.7751905918121338,-0.7033270597457886,-0.8430668711662292,-0.7808742523193359,0.7579388618469238,-0.7198362350463867,-0.7179277539253235,-0.6870368123054504,-0.5959288477897644,-0.19873382151126862,0.8020803928375244,-0.6148183941841125,-0.6964350342750549,-0.7822363376617432,-0.5961012244224548,-0.5851084589958191,-0.6076003313064575,-0.31914207339286804,-0.2339944839477539,-0.6283343434333801,-0.6761845946311951,-0.5254858732223511,-0.30821046233177185,-0.23954573273658752,-0.26112890243530273,-0.7659884691238403,0.7531322240829468,0.7369011640548706,-0.7484503984451294,-0.6930823922157288,-0.8627079129219055,-0.7057409882545471,-0.5445027947425842,0.6532034277915955,-0.7066587805747986,0.7648344039916992,-0.24494682252407074,-0.5122179388999939,0.6242915987968445,-0.7894473075866699,0.7302638292312622,0.7924550175666809,-0.6400282979011536,-0.8157200217247009,-0.42730918526649475,-0.8346254825592041,-0.7969846725463867,-0.3010682761669159,-0.6548075079917908,-0.710520327091217,0.7123277187347412,-0.14873605966567993,-0.7534255385398865,-0.7278422117233276,-0.5894435048103333,0.7393842339515686,-0.7742658853530884,-0.7813121676445007,-0.4052758514881134,-0.30167514085769653,-0.1450926661491394,0.634494960308075,-0.3515757918357849,-0.1685357391834259,-0.7433954477310181,-0.8233875036239624,-0.7707989811897278,-0.7249436378479004,-0.7232285737991333,-0.19449463486671448,-0.7108244895935059,-0.5737977623939514,-0.7199857831001282,-0.7941190600395203,-0.5430942177772522,0.7247393131256104,0.7282695174217224,-0.7235053181648254
-0.8442798852920532,0.8523557782173157,0.8301174640655518,-0.691421389579773,1.0,0.8920714855194092,0.9127505421638489,0.1956375539302826,-0.9239411354064941,0.46421363949775696,0.8779470920562744,0.6031533479690552,-0.8192039132118225,0.6645437479019165,0.8981133699417114,-0.721947431564331,0.8365521430969238,-0.7975910902023315,0.7371206879615784,0.8254361748695374,0.7989418506622314,0.8058518171310425,0.9495680928230286,0.8340876698493958,0.8700993061065674,0.9149295687675476,-0.9000553488731384,0.8539044260978699,0.8549783229827881,0.9135461449623108,0.5312092900276184,0.3146197199821472,-0.9105405211448669,0.862616240978241,0.8370290994644165,0.9064691662788391,0.5468974113464355,0.18704435229301453,0.80824214220047,0.5483990907669067,0.4029330313205719,0.8850398659706116,0.887370765209198,0.5236542224884033,0.38659238815307617,0.2981862425804138,0.19164729118347168,0.8121089935302734,-0.7361096739768982,-0.8239947557449341,0.8998903632164001,0.8347018957138062,0.9089794158935547,0.9248479604721069,0.8807095289230347,-0.7085686326026917,0.7786511182785034,-0.885995090007782,0.20287257432937622,0.5033273696899414,-0.7738434672355652,0.8840639591217041,-0.8421087265014648,-0.9345632791519165,0.8606004118919373,0.8203774094581604,0.24690108001232147,0.9146264791488647,0.9138324856758118,0.44554105401039124,0.8060703277587891,0.8871078491210938,-0.8144601583480835,0.1498042643070221,0.8920325636863708,0.888668417930603,0.5930895209312439,-0.7988691926002502,0.9172077178955078,0.950156569480896,0.6939452290534973,0.3301972448825836,0.17956547439098358,-0.8545837998390198,0.3678332567214966,0.10073962807655334,0.8944515585899353,0.9306424260139465,0.8715060949325562,0.865963876247406,0.8850919604301453,0.0820690244436264,0.9142791628837585,0.8370740413665771,0.8501207828521729,0.9445992708206177,0.7250127196311951,-0.8925438523292542,-0.7280036807060242,0.9162043333053589
-0.8618097901344299,0.8335937261581421,0.7571274042129517,-0.6712778210639954,0.8920714855194092,1.0,0.8520686030387878,0.13001751899719238,-0.8679341077804565,0.6272005438804626,0.9097013473510742,0.7191635370254517,-0.8330127596855164,0.6091190576553345,0.8852335214614868,-0.7390496730804443,0.752069890499115,-0.8514531254768372,0.7778189778327942,0.7957122325897217,0.7449722290039062,0.7094823718070984,0.9089273810386658,0.8467169404029846,0.8318731188774109,0.9081418514251709,-0.8416188359260559,0.8686394095420837,0.7747892737388611,0.8239772319793701,0.4264489710330963,0.5397121906280518,-0.7947540879249573,0.8745663166046143,0.8899320960044861,0.9026462435722351,0.7193701863288879,0.2784511148929596,0.7340947985649109,0.4339289665222168,0.3297756314277649,0.8311627507209778,0.9149061441421509,0.49196210503578186,0.33305662870407104,0.24586540460586548,0.25358569622039795,0.7603269815444946,-0.7935348153114319,-0.8182106018066406,0.8941487073898315,0.7931408882141113,0.897091805934906,0.8885109424591064,0.7817502617835999,-0.7408158779144287,0.7851870059967041,-0.8799201250076294,0.2366279661655426,0.367872029542923,-0.7688331604003906,0.9465280771255493,-0.8475193977355957,-0.899280846118927,0.899522602558136,0.814663290977478,0.2231684774160385,0.86835116147995,0.901661217212677,0.5091882944107056,0.6959677338600159,0.8174894452095032,-0.7328006029129028,0.22028307616710663,0.9173684120178223,0.8832666873931885,0.8160489797592163,-0.8116927742958069,0.8339687585830688,0.9135780334472656,0.7055221796035767,0.3527441620826721,0.12214923650026321,-0.8128844499588013,0.45065897703170776,0.10337978601455688,0.8575887084007263,0.9086146354675293,0.8740134239196777,0.8220797777175903,0.8456296324729919,0.16559092700481415,0.8887161016464233,0.7975477576255798,0.9262781739234924,0.9083607792854309,0.7840133905410767,-0.9031565189361572,-0.8652653098106384,0.8867875933647156
-0.8013546466827393,0.7997553944587708,0.7494363784790039,-0.6596410870552063,0.9127505421638489,0.8520686030387878,1.0,0.22208139300346375,-0.8095046877861023,0.5570554137229919,0.8059546947479248,0.6072602272033691,-0.7128763794898987,0.7327105402946472,0.8574255108833313,-0.7442933917045593,0.8505961894989014,-0.7523790597915649,0.626941978931427,0.7889600992202759,0.6724051833152771,0.7411367297172546,0.8935446739196777,0.8689051866531372,0.8562065362930298,0.8937324285507202,-0.8650544881820679,0.8449302911758423,0.7268126010894775,0.7940956354141235,0.3919413089752197,0.32204896211624146,-0.8705877661705017,0.7342081665992737,0.7749138474464417,0.8750089406967163,0.5684614777565002,0.17657727003097534,0.7144535183906555,0.516038179397583,0.3954107463359833,0.8854742646217346,0.8575112223625183,0.5080016255378723,0.4368800222873688,0.17098413407802582,0.08984535932540894,0.7052423357963562,-0.7092412114143372,-0.761789858341217,0.8760388493537903,0.7930270433425903,0.8597889542579651,0.8949510455131531,0.7695272564888,-0.642382025718689,0.6026310920715332,-0.8440666794776917,0.3015710711479187,0.5158114433288574,-0.7984235286712646,0.8251379132270813,-0.7638792991638184,-0.8764632344245911,0.757185697555542,0.7657116055488586,0.41776755452156067,0.8647574782371521,0.9021459817886353,0.4336692690849304,0.7111859321594238,0.824041485786438,-0.7296193838119507,0.22022664546966553,0.8514739274978638,0.8423847556114197,0.6926315426826477,-0.803902268409729,0.8707029223442078,0.8928415775299072,0.633314847946167,0.13118064403533936,0.10224995762109756,-0.7600932121276855,0.3885715901851654,0.05490211024880409,0.7876108884811401,0.8794528245925903,0.7909419536590576,0.8448570370674133,0.8526895642280579,0.08699696511030197,0.8510909676551819,0.8337447643280029,0.8092938661575317,0.8858543038368225,0.7384976148605347,-0.8587124943733215,-0.7215939164161682,0.8890793323516846
-0.271392822265625,0.19982968270778656,0.14795054495334625,-0.22823111712932587,0.1956375539302826,0.13001751899719238,0.22208139300346375,1.0,-0.26999950408935547,0.034494344145059586,0.20176826417446136,-0.010224256664514542,-0.30419498682022095,0.3140541911125183,0.32315731048583984,-0.22076302766799927,0.261412650346756,-0.22993364930152893,0.1275569647550583,0.37324783205986023,0.20554150640964508,0.41472047567367554,0.24995258450508118,0.3152100443840027,0.28520408272743225,0.284405380487442,-0.31830957531929016,0.2105891853570938,0.0853734239935875,0.21434997022151947,0.2799178957939148,0.14165619015693665,-0.281279057264328,0.2529365122318268,0.1651512086391449,0.1490243673324585,-0.11590619385242462,0.18466337025165558,0.2778555750846863,0.20059411227703094,0.3624262809753418,0.12638548016548157,0.18232689797878265,0.1577545553445816,0.16294975578784943,0.06664767861366272,0.08668709546327591,0.24008755385875702,-0.24076074361801147,-0.30945491790771484,0.30501142144203186,0.21741756796836853,0.32672354578971863,0.18740256130695343,0.1526934802532196,-0.22240537405014038,0.2722311019897461,-0.3260505497455597,0.058451246470212936,0.2583485245704651,-0.20140087604522705,0.2609482705593109,-0.345674991607666,-0.29006227850914,0.043376341462135315,0.2055467963218689,0.04387978836894035,0.22802822291851044,0.18880990147590637,0.05459998548030853,0.315742552280426,0.3690647780895233,-0.2651968002319336,0.07091923803091049,0.3276025056838989,0.29453688859939575,0.19883225858211517,-0.32695624232292175,0.25242879986763,0.172713503241539,0.21987076103687286,-0.014525984413921833,0.05548929423093796,-0.17849597334861755,0.14487937092781067,0.009047101251780987,0.3211492896080017,0.2232276350259781,0.2244175523519516,0.29100140929222107,0.37378227710723877,0.0785394161939621,0.21352198719978333,0.14480552077293396,0.23545695841312408,0.2753312289714813,0.3095167875289917,-0.30312594771385193,-0.340744286775589,0.1748172789812088
0.9115716218948364,-0.7965754866600037,-0.8413443565368652,0.7281893491744995,-0.9239411354064941,-0.8679341077804565,-0.8095046877861023,-0.26999950408935547,1.0,-0.5910820960998535,-0.9003395438194275,-0.7251079082489014,0.8897881507873535,-0.6245546340942383,-0.8770511150360107,0.6929615139961243,-0.7724062204360962,0.7763693928718567,-0.7272706031799316,-0.7943728566169739,-0.7978413105010986,-0.8447202444076538,-0.9504653811454773,-0.8507590293884277,-0.9165859818458557,-0.8830547332763672,0.9079395532608032,-0.791932225227356,-0.8528461456298828,-0.8776977062225342,-0.6062871813774109,-0.4025483727455139,0.8914467692375183,-0.8676227927207947,-0.8477669954299927,-0.8957521319389343,-0.5143343806266785,-0.3142327666282654,-0.78434818983078,-0.5740938186645508,-0.34823548793792725,-0.7819270491600037,-0.8496997952461243,-0.497616171836853,-0.3942166268825531,-0.28139233589172363,-0.2977744936943054,-0.8459640741348267,0.7131255865097046,0.8706969022750854,-0.9350418448448181,-0.8952470421791077,-0.9171504378318787,-0.9203819036483765,-0.8457271456718445,0.8437641859054565,-0.7764111757278442,0.9115102887153625,-0.27449318766593933,-0.5259904861450195,0.7612636685371399,-0.8945028185844421,0.884127140045166,0.9450479745864868,-0.8295776844024658,-0.8202724456787109,-0.2411847710609436,-0.9034783244132996,-0.909428060054779,-0.3846946954727173,-0.7982591986656189,-0.917997419834137,0.8047505617141724,-0.21376173198223114,-0.9321801662445068,-0.9500587582588196,-0.577547013759613,0.815075159072876,-0.8829474449157715,-0.927940845489502,-0.6122161149978638,-0.331551194190979,-0.21709544956684113,0.9134557843208313,-0.29372209310531616,-0.22284311056137085,-0.916925847530365,-0.9050347208976746,-0.8833419680595398,-0.9118915796279907,-0.943754255771637,-0.22073908150196075,-0.8927294015884399,-0.8050140738487244,-0.8855036497116089,-0.9313583374023438,-0.6389973759651184,0.8643553256988525,0.7855022549629211,-0.8903493881225586
-0.5986308455467224,0.4171717166900635,0.5847809910774231,-0.49308255314826965,0.46421363949775696,0.6272005438804626,0.5570554137229919,0.034494344145059586,-0.5910820960998535,1.0,0.6961283087730408,0.7758260369300842,-0.5347395539283752,0.5559394359588623,0.5719472169876099,-0.48392173647880554,0.42019614577293396,-0.6910085678100586,0.37704360485076904,0.43153753876686096,0.3081730902194977,0.5565159916877747,0.6166568398475647,0.5929781198501587,0.642614483833313,0.6298017501831055,-0.6327571272850037,0.4530448317527771,0.4232952296733856,0.3871050775051117,0.3524732291698456,0.5836184024810791,-0.5568796396255493,0.6062197685241699,0.5578141212463379,0.5880347490310669,0.5855616927146912,0.3068016469478607,0.36633026599884033,0.3363073170185089,0.08218081295490265,0.5401014685630798,0.6020206212997437,0.2486499696969986,0.28192567825317383,0.14916768670082092,0.24805815517902374,0.5058322548866272,-0.5127918124198914,-0.6876959204673767,0.5991124510765076,0.6983996033668518,0.5807045698165894,0.6289889216423035,0.4602962136268616,-0.7421033978462219,0.312812864780426,-0.6237613558769226,0.3364139795303345,0.27621692419052124,-0.42484015226364136,0.644136905670166,-0.5961591601371765,-0.6017711162567139,0.5255191326141357,0.39510250091552734,0.3333475589752197,0.5291151404380798,0.649047315120697,0.24861982464790344,0.5014604330062866,0.665103554725647,-0.44330698251724243,0.2786638140678406,0.6858031749725342,0.6394535899162292,0.5445073246955872,-0.6549654006958008,0.5403998494148254,0.655674934387207,0.1025843620300293,-0.13889002799987793,0.08022110909223557,-0.4873760938644409,0.36530977487564087,0.1808316856622696,0.6113940477371216,0.5734168291091919,0.593540608882904,0.6470558643341064,0.6905502676963806,0.24692994356155396,0.601611316204071,0.5219234824180603,0.7197649478912354,0.5932914018630981,0.4515905976295471,-0.6171156167984009,-0.530978798866272,0.6153844594955444
-0.8841441869735718,0.8033828735351562,0.809036135673523,-0.7279332876205444,0.8779470920562744,0.9097013473510742,0.8059546947479248,0.20176826417446136,-0.9003395438194275,0.6961283087730408,1.0,0.7863729596138,-0.8277456760406494,0.6620486974716187,0.8981754183769226,-0.7195214629173279,0.7773751616477966,-0.8435996770858765,0.7970849871635437,0.7487276792526245,0.7582455277442932,0.8742858171463013,0.9130038022994995,0.8302996158599854,0.8741708993911743,0.9007083773612976,-0.8609904646873474,0.7813775539398193,0.8063241839408875,0.8444481492042542,0.6137099266052246,0.5688875913619995,-0.8129191994667053,0.8501828908920288,0.8731173276901245,0.8970447778701782,0.6773157715797424,0.31906646490097046,0.7380619645118713,0.46486741304397583,0.4070136845111847,0.8449451923370361,0.875990629196167,0.5167142748832703,0.3781520128250122,0.2978377938270569,0.211700901389122,0.7780275940895081,-0.7481114268302917,-0.9120272994041443,0.8701924681663513,0.8716403245925903,0.8840950727462769,0.8507931232452393,0.7766339182853699,-0.863096296787262,0.7263264060020447,-0.8538855910301208,0.221932515501976,0.3258267939090729,-0.6996479630470276,0.9062812328338623,-0.8298666477203369,-0.9070216417312622,0.86419278383255,0.7957761883735657,0.3031822443008423,0.8581807017326355,0.8883598446846008,0.35114920139312744,0.7534152865409851,0.892684280872345,-0.8061130046844482,0.15591490268707275,0.9015762209892273,0.916111171245575,0.7223832607269287,-0.8763365149497986,0.8762187957763672,0.9186081290245056,0.5181863307952881,0.34182214736938477,0.22705751657485962,-0.8047727942466736,0.374426007270813,0.021404147148132324,0.8405748009681702,0.9067988395690918,0.8553496599197388,0.8130828142166138,0.8736817240715027,0.18990232050418854,0.8826437592506409,0.7975959777832031,0.919776439666748,0.9102343916893005,0.6936352849006653,-0.8345181941986084,-0.7930538058280945,0.8441970944404602
-0.7645024061203003,0.6096166968345642,0.6545147895812988,-0.5779799222946167,0.6031533479690552,0.7191635370254517,0.6072602272033691,-0.010224256664514542,-0.7251079082489014,0.7758260369300842,0.7863729596138,1.0,-0.6381418704986572,0.450349897146225,0.6471039056777954,-0.574828028678894,0.5106990933418274,-0.6302387118339539,0.6271257400512695,0.5755773186683655,0.5943986773490906,0.600967526435852,0.7291920781135559,0.7087572813034058,0.7672839760780334,0.6883135437965393,-0.7275021076202393,0.5581589937210083,0.5908687710762024,0.6513506174087524,0.5093183517456055,0.6650164723396301,-0.5686101913452148,0.5353471040725708,0.7059957385063171,0.6806751489639282,0.65750652551651,0.2774156928062439,0.5435062050819397,0.2837032675743103,0.36439624428749084,0.6386120915412903,0.6687057018280029,0.34119853377342224,0.5811974406242371,0.022092919796705246,0.3350731432437897,0.5576326847076416,-0.6231069564819336,-0.6943881511688232,0.6707362532615662,0.7141529321670532,0.6687079071998596,0.7359358072280884,0.5240161418914795,-0.7401852011680603,0.4124367833137512,-0.7302035689353943,0.18293017148971558,0.24526004493236542,-0.5328192710876465,0.693671703338623,-0.6565686464309692,-0.7369710803031921,0.7370481491088867,0.6169335842132568,0.3840619921684265,0.6751633882522583,0.7420980930328369,0.26548871397972107,0.577384889125824,0.7049731016159058,-0.5830938816070557,0.058311283588409424,0.7377016544342041,0.8285080790519714,0.5828037261962891,-0.740875780582428,0.6273568868637085,0.7277460694313049,0.25924280285835266,0.12784649431705475,0.13575978577136993,-0.7272292375564575,0.19975709915161133,0.2820269763469696,0.6609535217285156,0.7175031900405884,0.6799947023391724,0.6817876696586609,0.7208511829376221,0.20711402595043182,0.709644079208374,0.7567667365074158,0.7143569588661194,0.6772279739379883,0.4880249798297882,-0.6093165874481201,-0.6589491367340088,0.7459250688552856
0.8465369939804077,-0.7757946252822876,-0.7873099446296692,0.6753891110420227,-0.8192039132118225,-0.8330127596855164,-0.7128763794898987,-0.30419498682022095,0.8897881507873535,-0.5347395539283752,-0.8277456760406494,-0.6381418704986572,1.0,-0.5488463640213013,-0.7908202409744263,0.6895149946212769,-0.6953997015953064,0.7696957588195801,-0.6929236650466919,-0.7501670718193054,-0.6708973050117493,-0.766070544719696,-0.8629571795463562,-0.7489312291145325,-0.8079663515090942,-0.8509303331375122,0.7732070088386536,-0.8410698175430298,-0.8145607709884644,-0.7494404315948486,-0.476784348487854,-0.3752395510673523,0.8111428022384644,-0.8222179412841797,-0.8738211989402771,-0.8095731139183044,-0.5536741614341736,-0.48495787382125854,-0.8206772804260254,-0.7430587410926819,-0.38594281673431396,-0.7627269625663757,-0.7979739904403687,-0.34167513251304626,-0.33336615562438965,-0.25941500067710876,-0.28501829504966736,-0.7923445701599121,0.7716736197471619,0.8243780732154846,-0.8640352487564087,-0.783146858215332,-0.8538692593574524,-0.7897962331771851,-0.7145302295684814,0.8071637749671936,-0.8207611441612244,0.7924379110336304,-0.23139354586601257,-0.5730003714561462,0.7316426038742065,-0.864807665348053,0.9004365801811218,0.833509087562561,-0.8060818314552307,-0.8142769932746887,-0.20115897059440613,-0.8567923903465271,-0.8842557668685913,-0.4544730484485626,-0.7011052370071411,-0.8638396859169006,0.7312983870506287,-0.13044801354408264,-0.862136960029602,-0.826574444770813,-0.6240921020507812,0.8239318132400513,-0.8537348508834839,-0.8683972358703613,-0.6178096532821655,-0.2683478891849518,-0.203896164894104,0.8570253849029541,-0.6010904908180237,-0.2138233780860901,-0.8622569441795349,-0.8543882369995117,-0.8518728017807007,-0.8256828784942627,-0.8584211468696594,-0.16063009202480316,-0.8339069485664368,-0.7415761351585388,-0.8634575009346008,-0.8886436820030212,-0.7424044013023376,0.7619654536247253,0.7789565920829773,-0.817697286605835
-0.5867661833763123,0.5846241116523743,0.7441430687904358,-0.5665491223335266,0.6645437479019165,0.6091190576553345,0.7327105402946472,0.3140541911125183,-0.6245546340942383,0.5559394359588623,0.6620486974716187,0.450349897146225,-0.5488463640213013,1.0,0.7789847254753113,-0.613142192363739,0.6671814918518066,-0.684248149394989,0.38604074716567993,0.5678238868713379,0.46888747811317444,0.6742722392082214,0.6839112639427185,0.5896127820014954,0.7393706440925598,0.6728507280349731,-0.608720600605011,0.6880592107772827,0.5224738717079163,0.5788916945457458,0.3129573464393616,0.21373535692691803,-0.7677121162414551,0.6650828719139099,0.5533440709114075,0.6914045214653015,0.21717096865177155,0.11487285792827606,0.509117603302002,0.5586987733840942,0.30709409713745117,0.7238650918006897,0.6789058446884155,0.39867913722991943,-0.002129483502358198,0.0033173535484820604,0.1631908118724823,0.6557268500328064,-0.4651274085044861,-0.7358395457267761,0.6532539129257202,0.6733434796333313,0.6168598532676697,0.6996867656707764,0.5626764893531799,-0.6034748554229736,0.37617015838623047,-0.6477705240249634,0.1045122891664505,0.2074286788702011,-0.5790035724639893,0.5843612551689148,-0.5802879929542542,-0.6512951254844666,0.4916827976703644,0.5969630479812622,0.4768061935901642,0.6340514421463013,0.6786285638809204,-0.010097749531269073,0.45310890674591064,0.6742165088653564,-0.5676990151405334,0.1634214222431183,0.6693128347396851,0.6521186828613281,0.5680587291717529,-0.6479502320289612,0.7813581824302673,0.6825137138366699,0.4042262136936188,0.1834554374217987,0.12121441960334778,-0.42812052369117737,0.39806604385375977,0.16899561882019043,0.7047814130783081,0.6675899624824524,0.570588231086731,0.7246034741401672,0.712609589099884,0.17318081855773926,0.5173898935317993,0.5388972163200378,0.7418857216835022,0.7232124209403992,0.7560878992080688,-0.736587405204773,-0.5182666778564453,0.6656572818756104
-0.8897810578346252,0.8873700499534607,0.8159366250038147,-0.8237839937210083,0.8981133699417114,0.8852335214614868,0.8574255108833313,0.32315731048583984,-0.8770511150360107,0.5719472169876099,0.8981754183769226,0.6471039056777954,-0.7908202409744263,0.7789847254753113,1.0,-0.7184991240501404,0.8461426496505737,-0.8381974101066589,0.7764341831207275,0.8881628513336182,0.8135921955108643,0.8192759156227112,0.9372352957725525,0.8781035542488098,0.9141178131103516,0.9257335662841797,-0.8675135970115662,0.8739235997200012,0.8305962085723877,0.8584542870521545,0.4678357243537903,0.31183093786239624,-0.9074876308441162,0.8722217082977295,0.8500111699104309,0.944551408290863,0.5661201477050781,0.31560075283050537,0.7822712659835815,0.44395700097084045,0.3954036235809326,0.8455051779747009,0.9216815233230591,0.6486841440200806,0.30935952067375183,0.21782225370407104,0.3484182357788086,0.8830850720405579,-0.7734435796737671,-0.8706141114234924,0.9146678447723389,0.770726203918457,0.9360395073890686,0.8905318975448608,0.7602468132972717,-0.807407796382904,0.7316691279411316,-0.9204607009887695,0.17077533900737762,0.4318375289440155,-0.7342183589935303,0.9158760905265808,-0.823491096496582,-0.9277577996253967,0.8221469521522522,0.9030128121376038,0.35872507095336914,0.9061061143875122,0.9102638363838196,0.39880073070526123,0.6985926032066345,0.8688593506813049,-0.8401303887367249,0.20849117636680603,0.9105339050292969,0.8793825507164001,0.7632342576980591,-0.8564114570617676,0.9135028719902039,0.9155129790306091,0.6577982306480408,0.3134736120700836,0.21774396300315857,-0.7609471082687378,0.4185328483581543,0.0858248844742775,0.8840498328208923,0.9530407786369324,0.8370767831802368,0.8649803400039673,0.8913475275039673,0.15360544621944427,0.8410726189613342,0.7510280609130859,0.9250704050064087,0.941051185131073,0.7920518517494202,-0.9398505687713623,-0.8351231813430786,0.8913162350654602
0.7812827229499817,-0.7224092483520508,-0.7337988018989563,0.5681738257408142,-0.721947431564331,-0.7390496730804443,-0.7442933917045593,-0.22076302766799927,0.6929615139961243,-0.48392173647880554,-0.7195214629173279,-0.574828028678894,0.6895149946212769,-0.613142192363739,-0.7184991240501404,1.0,-0.6300945281982422,0.6168370246887207,-0.5096221566200256,-0.6215144395828247,-0.5285942554473877,-0.5352607369422913,-0.7726559638977051,-0.5907573103904724,-0.7110500931739807,-0.722796618938446,0.7384654879570007,-0.643752932548523,-0.6117939949035645,-0.701598048210144,-0.4627400040626526,-0.3847116231918335,0.7687004208564758,-0.6444573402404785,-0.6273478269577026,-0.7465470433235168,-0.45930731296539307,-0.3455270528793335,-0.7477481961250305,-0.530440628528595,-0.46794092655181885,-0.8572046160697937,-0.848408579826355,-0.4013654887676239,-0.2667105495929718,-0.20907722413539886,-0.22768253087997437,-0.5975140929222107,0.7569505572319031,0.7050144672393799,-0.7275673747062683,-0.6176347136497498,-0.6929428577423096,-0.8140100836753845,-0.7169679403305054,0.6035605072975159,-0.5064575672149658,0.702843427658081,-0.29071688652038574,-0.3455549478530884,0.5851424336433411,-0.699445903301239,0.6378997564315796,0.8213143348693848,-0.6553018689155579,-0.693585991859436,-0.2374201864004135,-0.7418572306632996,-0.7638503909111023,-0.36513271927833557,-0.6470626592636108,-0.7411469221115112,0.6862399578094482,-0.2119414210319519,-0.7913957238197327,-0.7289412021636963,-0.6639183163642883,0.7656537890434265,-0.7413989305496216,-0.7464093565940857,-0.4626154899597168,-0.25460323691368103,-0.16409172117710114,0.6785739660263062,-0.4312748312950134,-0.18434518575668335,-0.6972054243087769,-0.7349308729171753,-0.7751110196113586,-0.6507818102836609,-0.7108809351921082,-0.2500545382499695,-0.7276699542999268,-0.8448427319526672,-0.7448019981384277,-0.7768681645393372,-0.7948477864265442,0.7218928337097168,0.6919225454330444,-0.7923133969306946
-0.8139009475708008,0.7214388847351074,0.586409866809845,-0.6559178829193115,0.8365521430969238,0.752069890499115,0.8505961894989014,0.261412650346756,-0.7724062204360962,0.42019614577293396,0.7773751616477966,0.5106990933418274,-0.6953997015953064,0.6671814918518066,0.8461426496505737,-0.6300945281982422,1.0,-0.689385712146759,0.7011302709579468,0.8010463118553162,0.6197133660316467,0.7376422882080078,0.8706080913543701,0.8613512516021729,0.7757567167282104,0.8489661812782288,-0.7755510210990906,0.8072959780693054,0.8325052857398987,0.8003888726234436,0.2280818372964859,0.10649154335260391,-0.8332145810127258,0.7383127212524414,0.7224361896514893,0.8830075860023499,0.5183740854263306,0.1554170846939087,0.7105394601821899,0.49890977144241333,0.45083850622177124,0.8017867207527161,0.8254286646842957,0.6768554449081421,0.3875257968902588,0.28298601508140564,0.005249625537544489,0.737628698348999,-0.6108074188232422,-0.7758665084838867,0.8659668564796448,0.7047322988510132,0.809013843536377,0.7994129657745361,0.7802730202674866,-0.7508487105369568,0.6481806635856628,-0.8096545934677124,0.13524818420410156,0.4053267240524292,-0.7035408616065979,0.7925775647163391,-0.699764609336853,-0.7957154512405396,0.6912199854850769,0.7930817604064941,0.44025102257728577,0.8603314161300659,0.8574993014335632,0.5618394017219543,0.660528838634491,0.7765597701072693,-0.8287667632102966,0.12984099984169006,0.7245193719863892,0.7531076073646545,0.6920936703681946,-0.7843862175941467,0.9028147459030151,0.8269098401069641,0.652488648891449,0.19124779105186462,0.16263486444950104,-0.7360165119171143,0.4197831153869629,0.07399922609329224,0.7116388082504272,0.8806381821632385,0.6787077784538269,0.7598227858543396,0.778330385684967,0.28122907876968384,0.7937541604042053,0.6971548199653625,0.7524139881134033,0.8367190957069397,0.6533010005950928,-0.7674878239631653,-0.7649511098861694,0.7830702662467957
0.7464098334312439,-0.7074377536773682,-0.748496413230896,0.6715690493583679,-0.7975910902023315,-0.8514531254768372,-0.7523790597915649,-0.22993364930152893,0.7763693928718567,-0.6910085678100586,-0.8435996770858765,-0.6302387118339539,0.7696957588195801,-0.684248149394989,-0.8381974101066589,0.6168370246887207,-0.689385712146759,1.0,-0.7598838210105896,-0.7688543200492859,-0.6934598684310913,-0.7639918327331543,-0.8260583877563477,-0.7558044791221619,-0.7593568563461304,-0.9221083521842957,0.8191021680831909,-0.8294318914413452,-0.7213321328163147,-0.7562687993049622,-0.412665992975235,-0.43706923723220825,0.8186639547348022,-0.8478842973709106,-0.8387061953544617,-0.7878859639167786,-0.6976438164710999,-0.23449654877185822,-0.6962228417396545,-0.4855263829231262,-0.45618999004364014,-0.818708598613739,-0.8011487126350403,-0.38839760422706604,-0.3795560896396637,-0.27914556860923767,-0.2949557900428772,-0.8146977424621582,0.8314499258995056,0.9210262298583984,-0.8166725039482117,-0.7264623641967773,-0.8226278424263,-0.782600998878479,-0.645262598991394,0.7394442558288574,-0.763898491859436,0.8692436218261719,-0.2883003056049347,-0.48067623376846313,0.7002902030944824,-0.9061484336853027,0.8910030722618103,0.8208450675010681,-0.8375366926193237,-0.7014954686164856,-0.23316000401973724,-0.7953726053237915,-0.8443512320518494,-0.44710150361061096,-0.6725610494613647,-0.8660435676574707,0.7876959443092346,-0.1719423085451126,-0.8358353972434998,-0.7621462941169739,-0.6443843841552734,0.8496168851852417,-0.8258464336395264,-0.8847410678863525,-0.4861263632774353,-0.29726743698120117,-0.2052939534187317,0.7026888132095337,-0.5754186511039734,-0.18612925708293915,-0.8871164321899414,-0.8458674550056458,-0.824345588684082,-0.832332968711853,-0.8368880748748779,-0.24901580810546875,-0.7948980927467346,-0.7070349454879761,-0.8316754102706909,-0.891958475112915,-0.78310227394104,0.8860222697257996,0.7186194658279419,-0.813707709312439
-0.7949721217155457,0.743140697479248,0.5588275194168091,-0.6974188685417175,0.7371206879615784,0.7778189778327942,0.626941978931427,0.1275569647550583,-0.7272706031799316,0.37704360485076904,0.7970849871635437,0.6271257400512695,-0.6929236650466919,0.38604074716567993,0.7764341831207275,-0.5096221566200256,0.7011302709579468,-0.7598838210105896,1.0,0.7922559976577759,0.8500306010246277,0.7244297862052917,0.760681688785553,0.7933659553527832,0.7173629999160767,0.8257946372032166,-0.7173005938529968,0.7793152928352356,0.8535270690917969,0.7720258235931396,0.4245290756225586,0.33582645654678345,-0.6642839312553406,0.6624683737754822,0.8734152317047119,0.8173433542251587,0.7737083435058594,0.30662208795547485,0.7346574664115906,0.2297028750181198,0.5512688159942627,0.7099989056587219,0.7295525074005127,0.6354213356971741,0.5499276518821716,0.11819690465927124,0.20814749598503113,0.7213267087936401,-0.7499080896377563,-0.7772177457809448,0.7650279998779297,0.5546680688858032,0.7729608416557312,0.641298770904541,0.505260705947876,-0.6995925903320312,0.7933498620986938,-0.7684075832366943,0.1996663361787796,0.396403968334198,-0.6415021419525146,0.8332842588424683,-0.7377578616142273,-0.764863908290863,0.9034594893455505,0.824621319770813,0.09558461606502533,0.7557386159896851,0.7518854141235352,0.47564148902893066,0.5733643174171448,0.7247958183288574,-0.8703171014785767,0.11252181231975555,0.7187369465827942,0.7348939180374146,0.6406552195549011,-0.762863039970398,0.7513894438743591,0.7696630954742432,0.5082608461380005,0.5188643336296082,0.12296836823225021,-0.727591872215271,0.3292712867259979,0.0508216954767704,0.7004794478416443,0.8145328760147095,0.727469265460968,0.6240768432617188,0.665401041507721,0.19629047811031342,0.7417668700218201,0.7197897434234619,0.6897132992744446,0.7965745329856873,0.6074864268302917,-0.6780055165290833,-0.6973271369934082,0.7075333595275879
-0.8469515442848206,0.8207751512527466,0.6194617748260498,-0.68857741355896,0.8254361748695374,0.7957122325897217,0.7889600992202759,0.37324783205986023,-0.7943728566169739,0.43153753876686096,0.7487276792526245,0.5755773186683655,-0.7501670718193054,0.5678238868713379,0.8881628513336182,-0.6215144395828247,0.8010463118553162,-0.7688543200492859,0.7922559976577759,1.0,0.7258645296096802,0.708654522895813,0.86817467212677,0.8912346959114075,0.8083134293556213,0.8823148012161255,-0.823943018913269,0.8324295282363892,0.8400164246559143,0.7645507454872131,0.2641109824180603,0.15748807787895203,-0.8072221875190735,0.7772988080978394,0.8430141806602478,0.8608511090278625,0.5968535542488098,0.2233237624168396,0.774985134601593,0.3659655451774597,0.45177510380744934,0.7584922909736633,0.8731042742729187,0.6904257535934448,0.4827272295951843,0.08318673074245453,0.35405558347702026,0.8281248211860657,-0.734153151512146,-0.7427068948745728,0.9040131568908691,0.6244001388549805,0.888154149055481,0.8127616047859192,0.6739328503608704,-0.711574912071228,0.7035085558891296,-0.8874256014823914,0.28852593898773193,0.5581194162368774,-0.6424061059951782,0.8653062582015991,-0.7938293814659119,-0.8637132048606873,0.8011318445205688,0.865109384059906,0.17489896714687347,0.8369417786598206,0.8413136005401611,0.6035466194152832,0.6917131543159485,0.7994638085365295,-0.8370954394340515,0.05106294900178909,0.805903434753418,0.7798477411270142,0.6362601518630981,-0.804181694984436,0.8069697618484497,0.8342667818069458,0.7136481404304504,0.18976227939128876,0.21954545378684998,-0.7509627938270569,0.44238993525505066,0.14622968435287476,0.8197320699691772,0.8961251378059387,0.740953803062439,0.7589314579963684,0.8265984654426575,0.08781873434782028,0.7975790500640869,0.7558842301368713,0.8026705980300903,0.8420473337173462,0.7231375575065613,-0.8661901950836182,-0.7853730916976929,0.8305725455284119
