1.0,-0.9999993443489075,-0.9907069802284241,0.9996945858001709,-0.9998156428337097,-0.9877239465713501,-0.9710522890090942,-0.9753402471542358,0.9995251893997192,-0.999677300453186,-0.9993290901184082,-0.9990648031234741,0.9998549818992615,-0.9927127957344055,-0.9993554949760437,0.9989718198776245,-0.9966766238212585,0.9995375871658325,-0.9962059259414673,-0.9961784482002258,-0.9995523691177368,-0.9916728138923645,-0.9953875541687012,-0.9987912178039551,-0.9976191520690918,-0.9919994473457336,0.9999898672103882,-0.9912450909614563,-0.9937066435813904,-0.9995886087417603,-0.9993515014648438,-0.9810206294059753,0.9998704195022583,-0.9999436736106873,-0.9998254179954529,-0.9980579018592834,-0.9997612833976746,-0.8405432105064392,-0.9917582869529724,-0.9901146292686462,-0.9956766366958618,-0.9999834895133972,-0.9537646174430847,-0.2027762234210968,-0.9187675714492798,-0.9869475364685059,-0.9935374855995178,-0.9991610050201416,0.9990971088409424,0.9999710321426392,-0.9913551211357117,-0.9995982050895691,-0.9929958581924438,-0.9996329545974731,-0.8990846872329712,0.9995889067649841,-0.9999575018882751,0.999841570854187,-0.9995793104171753,-0.9989510774612427,0.9999992847442627,-0.999992847442627,0.9998006224632263,0.9998329281806946,-0.9971703886985779,-0.9998384118080139,-0.9621269702911377,-0.9937359690666199,-0.9995489120483398,-0.9997304677963257,-0.9965026378631592,-0.9984312057495117,0.9996628165245056,-0.9928747415542603,-0.9990832209587097,-0.9986958503723145,-0.9596535563468933,0.999812126159668,-0.9867759346961975,-0.9811776876449585,-0.9970895648002625,-0.9994696974754333,-0.9898605346679688,0.9998452067375183,-0.9794289469718933,-0.9995333552360535,-0.9986363053321838,-0.9936306476593018,-0.9996784329414368,-0.9944394826889038,-0.9997719526290894,-0.9955799579620361,-0.9832460284233093,-0.9997966885566711,-0.9978563785552979,-0.9991172552108765,-0.9718210697174072,0.999678373336792,0.9997842311859131,-0.9979743361473083
-0.9999993443489075,1.0,0.9908653497695923,-0.9996649622917175,0.9997925162315369,0.9879059791564941,0.9713308811187744,0.9755975008010864,-0.9994884729385376,0.9996468424797058,0.9993711709976196,0.9991147518157959,-0.9998342990875244,0.9928529262542725,0.9993128776550293,-0.9989181756973267,0.9967712163925171,-0.9995014071464539,0.9963070154190063,0.9962800741195679,0.9995867609977722,0.9918226599693298,0.9952747821807861,0.9988479018211365,0.9976992011070251,0.9918510317802429,-0.9999839067459106,0.9913988709449768,0.9935750961303711,0.9995543956756592,0.9993928670883179,0.9812465906143188,-0.999850869178772,0.9999305605888367,0.9998466968536377,0.9979843497276306,0.9997351765632629,0.8411760926246643,0.9919075965881348,0.9902779459953308,0.9957844614982605,0.9999759793281555,0.9534125328063965,0.20163118839263916,0.9183053970336914,0.9871351718902588,0.9936694502830505,0.9991123676300049,-0.999046802520752,-0.9999792575836182,0.9912009835243225,0.9995644092559814,0.9931333065032959,0.9996007084846497,0.8995959162712097,-0.9995546340942383,0.9999675750732422,-0.9998199939727783,0.9996123909950256,0.9990038275718689,-0.999997079372406,0.9999876618385315,-0.9997764825820923,-0.9998109936714172,0.997257649898529,0.9998587965965271,0.9624450206756592,0.9938659071922302,0.9995131492614746,0.9997027516365051,0.9965996742248535,0.9984959959983826,-0.9996317028999329,0.9930134415626526,0.9990323781967163,0.9987549185752869,0.9599816799163818,-0.999788761138916,0.9865856170654297,0.9814026951789856,0.9969996809959412,0.9994309544563293,0.9896937608718872,-0.9998239874839783,0.9791921973228455,0.9994969367980957,0.9985746741294861,0.9937617778778076,0.9997074007987976,0.9943156242370605,0.9997962117195129,0.9954693913459778,0.9830323457717896,0.9997724294662476,0.9979324340820312,0.9991657733917236,0.9720959067344666,-0.9996480345726013,-0.999759316444397,0.998047947883606
-0.9907069802284241,0.9908653497695923,1.0,-0.9870424270629883,0.9879122376441956,0.9997915625572205,0.9945173263549805,0.9962954521179199,-0.9860456585884094,0.9869322776794434,0.9950236678123474,0.9956613183021545,-0.9882461428642273,0.9998777508735657,0.9851856827735901,-0.9835221171379089,0.9984941482543945,-0.986113429069519,0.9987850785255432,0.99880051612854,0.9943326115608215,0.9999733567237854,0.9730890989303589,0.9961951375007629,0.9977282285690308,0.9656100273132324,-0.9900845885276794,0.9999918937683105,0.9692369103431702,0.9863979816436768,0.9949623942375183,0.9982774257659912,-0.9883894324302673,0.9892079830169678,0.993075430393219,0.9803103804588318,0.9874991774559021,0.9064165949821472,0.9999682903289795,0.9999907612800598,0.9990577101707458,0.9899067282676697,0.9040217995643616,0.06770395487546921,0.8565314412117004,0.999679684638977,0.9997426867485046,0.9843053221702576,-0.9840339422225952,-0.9917131066322327,0.9642966985702515,0.9864537119865417,0.9998378753662109,0.9866591691970825,0.950272798538208,-0.9864000082015991,0.991917610168457,-0.9881282448768616,0.9942352771759033,0.99589604139328,-0.9905379414558411,0.9901823997497559,-0.9877929091453552,-0.9880563020706177,0.9981285929679871,0.9929912090301514,0.9902634620666504,0.999701201915741,0.9861754775047302,0.9872825145721436,0.9986075758934021,0.9967684149742126,-0.9868407249450684,0.9998557567596436,0.9839752912521362,0.9963592290878296,0.9889804124832153,-0.9878837466239929,0.9555591940879822,0.9983247518539429,0.9774541258811951,0.9857528209686279,0.961341917514801,-0.9881610870361328,0.9428808093070984,0.9860896468162537,0.982255220413208,0.9997235536575317,0.9938374757766724,0.9708746075630188,0.9933851957321167,0.9735537171363831,0.9493157267570496,0.9877632856369019,0.9974841475486755,0.9955459237098694,0.9948508143424988,-0.9869392514228821,-0.9876679182052612,0.9973530769348145
0.9996945858001709,-0.9996649622917175,-0.9870424270629883,1.0,-0.999984860420227,-0.9835611581802368,-0.9648513197898865,-0.9695868492126465,0.9999815225601196,-0.9999998211860657,-0.9981184601783752,-0.9976907968521118,0.999970555305481,-0.9894307255744934,-0.9999373555183411,0.9997872710227966,-0.9943587183952332,0.9999837279319763,-0.9937505125999451,-0.993715226650238,-0.998507559299469,-0.9881864786148071,-0.9974547028541565,-0.997270941734314,-0.995609700679779,-0.994816780090332,0.99979567527771,-0.987678587436676,-0.9961718916893005,-0.9999921321868896,-0.9981561303138733,-0.9759279489517212,0.9999627470970154,-0.9999005198478699,-0.9990580677986145,-0.9992927312850952,-0.9999958872795105,-0.8268957138061523,-0.9882885217666626,-0.9863451719284058,-0.9930762648582458,-0.9998202919960022,-0.960902214050293,-0.22691835463047028,-0.9282453060150146,-0.982665479183197,-0.9904282689094543,-0.9998679757118225,0.9998420476913452,0.9994773268699646,-0.9942953586578369,-0.9999935030937195,-0.9897720217704773,-0.9999972581863403,-0.8879892826080322,0.9999922513961792,-0.9994244575500488,0.9999760389328003,-0.998556911945343,-0.9975138902664185,0.9997243285179138,-0.9997813105583191,0.9999887347221375,0.9999792575836182,-0.9950075149536133,-0.9990888237953186,-0.9550950527191162,-0.9906699657440186,-0.9999858140945435,-0.9999988675117493,-0.9941326975822449,-0.9967421889305115,0.9999991655349731,-0.9896259307861328,-0.9998360872268677,-0.9971286654472351,-0.9524101614952087,0.9999857544898987,-0.990480899810791,-0.9761046767234802,-0.9986693263053894,-0.9999692440032959,-0.993069052696228,0.9999745488166809,-0.9841173887252808,-0.999983012676239,-0.9996216297149658,-0.9905417561531067,-0.9987460970878601,-0.9967386722564697,-0.9989387392997742,-0.9975972175598145,-0.9874511957168579,-0.9999896287918091,-0.9959341883659363,-0.9977737665176392,-0.9656976461410522,0.9999998211860657,0.9999921917915344,-0.9960969090461731
-0.9998156428337097,0.9997925162315369,0.9879122376441956,-0.999984860420227,1.0,0.9845420718193054,0.9662860631942749,0.9709219336509705,-0.999932587146759,0.9999808073043823,0.9984415173530579,0.998050332069397,-0.9999976754188538,0.990215539932251,0.9998606443405151,-0.9996582269668579,0.9949283599853516,-0.9999372363090515,0.9943509101867676,0.9943175315856934,0.9987936615943909,0.9890167117118835,0.9970464706420898,0.9976629018783569,0.9961108565330505,0.9942407608032227,-0.9998919367790222,0.9885267615318298,0.9956746697425842,0.9999552369117737,0.9984756708145142,0.9771159887313843,-0.9999951720237732,0.9999629855155945,0.9992823600769043,0.9990701675415039,0.9999964833259583,0.829984724521637,0.9891151189804077,0.9872384667396545,0.9937090873718262,0.9999097585678101,0.9593605399131775,0.22154362499713898,0.9261797666549683,0.9836729764938354,0.9911744594573975,0.9997631907463074,-0.999728798866272,-0.9996405839920044,0.9936919212341309,0.9999582767486572,0.9905439019203186,0.9999690055847168,0.8905120491981506,-0.9999551177024841,0.9995962977409363,-0.9999991059303284,0.9988378286361694,0.9978874921798706,-0.999838650226593,0.999881386756897,-0.9999997019767761,-0.9999995827674866,0.9955428242683411,0.9993090629577637,0.9567146301269531,0.9914067387580872,0.9999414086341858,0.9999920725822449,0.9947141408920288,0.9971718192100525,-0.9999770522117615,0.9904032945632935,0.9997210502624512,0.9975312352180481,0.9540767669677734,-1.0,0.9897065758705139,0.9772882461547852,0.9983697533607483,0.999910831451416,0.9924056529998779,-0.9999988675117493,0.9831233620643616,0.9999356865882874,0.9994547367095947,0.9912834763526917,0.9990071058273315,0.9962784051895142,0.9991776347160339,0.9971998333930969,0.9865652918815613,0.999999463558197,0.9964158535003662,0.9981263875961304,0.9671151041984558,-0.9999810457229614,-0.9999988675117493,0.9965684413909912
-0.9877239465713501,0.9879059791564941,0.9997915625572205,-0.9835611581802368,0.9845420718193054,1.0,0.9964447617530823,0.997843325138092,-0.9824419021606445,0.9834372997283936,0.9927824139595032,0.9935542941093445,-0.9849194884300232,0.9993501305580139,0.9814797043800354,-0.9796267151832581,0.9971662759780884,-0.9825177192687988,0.9975709319114685,0.9975928664207458,0.991955041885376,0.9996160864830017,0.9681825637817383,0.9942084550857544,0.9961451292037964,0.9601014256477356,-0.9870107173919678,0.9997016191482544,0.9640105962753296,0.9828371405601501,0.992708683013916,0.9992671608924866,-0.9850818514823914,0.9860108494758606,0.9904704093933105,0.976075291633606,0.9840757846832275,0.9148499369621277,0.9995973706245422,0.9998698830604553,0.9979636073112488,0.9868074059486389,0.8951069712638855,0.047323282808065414,0.8458176255226135,0.9999879598617554,0.9990712404251099,0.9804977178573608,-0.9801956415176392,-0.9888839721679688,0.95868980884552,0.9828994870185852,0.999261736869812,0.983130156993866,0.9564318060874939,-0.9828392863273621,0.9891208410263062,-0.9847861528396606,0.9918394684791565,0.9938411116600037,-0.987529993057251,0.9871227145195007,-0.9844071269035339,-0.9847047924995422,0.9966720938682556,0.9903716444969177,0.9928986430168152,0.9989937543869019,0.9825873374938965,0.9838314652442932,0.997322678565979,0.9949209094047546,-0.9833341836929321,0.9993005394935608,0.9801303744316101,0.9944112300872803,0.9917964935302734,-0.9845100045204163,0.9493421316146851,0.9992976784706116,0.9729401469230652,0.9821138978004456,0.9555205702781677,-0.9848235249519348,0.9358839392662048,0.982491135597229,0.9782219529151917,0.9990353584289551,0.9913674592971802,0.9657815098762512,0.9908339977264404,0.9686872959136963,0.9427014589309692,0.9843737483024597,0.9958291053771973,0.9934138655662537,0.9967125654220581,-0.9834451079368591,-0.9842660427093506,0.9956609606742859
-0.9710522890090942,0.9713308811187744,0.9945173263549805,-0.9648513197898865,0.9662860631942749,0.9964447617530823,1.0,0.9998259544372559,-0.9632311463356018,0.9646711349487305,0.9791491627693176,0.9804721474647522,-0.966841995716095,0.9927604794502258,0.9618512988090515,-0.9592246413230896,0.9872831702232361,-0.9633404016494751,0.9881560206413269,0.9882041811943054,0.9777636528015137,0.9937282204627991,0.9436576962471008,0.9816201329231262,0.9852133393287659,0.9331279993057251,-0.9699668288230896,0.9940896034240723,0.9381848573684692,0.9638012647628784,0.9790240526199341,0.9989395141601562,-0.9670818448066711,0.9684628844261169,0.975346028804779,0.9542867541313171,0.9656021595001221,0.9456164240837097,0.9936533570289612,0.9949566125869751,0.9890419244766235,0.9696595072746277,0.8543626070022583,-0.03699861466884613,0.7978667616844177,0.9968453645706177,0.9918894171714783,0.9604545831680298,-0.9600271582603455,-0.9728415012359619,0.9313168525695801,0.9638915657997131,0.9924728274345398,0.9642255902290344,0.977628231048584,-0.9638043642044067,0.9732109904289246,-0.9666452407836914,0.9775723218917847,0.9809718132019043,-0.9707558751106262,0.9701364636421204,-0.9660876989364624,-0.9665253162384033,0.9862613081932068,0.9751879572868347,0.9993911385536194,0.9916638731956482,0.9634408354759216,0.9652454257011414,0.9876161813735962,0.9829034209251404,-0.9645214080810547,0.9925973415374756,0.9599350094795227,0.9819813966751099,0.9990395903587341,-0.9662386178970337,0.9194926023483276,0.9989017248153687,0.9500150084495544,0.9627593159675598,0.9272767901420593,-0.9667002558708191,0.9028754830360413,0.9633021950721741,0.9572576880455017,0.9917842745780945,0.9767971038818359,0.9404977560043335,0.9759308695793152,0.9443260431289673,0.9112417101860046,0.9660386443138123,0.9846022129058838,0.9802290201187134,0.999994695186615,-0.9646826982498169,-0.9658808708190918,0.9842814207077026
-0.9753402471542358,0.9755975008010864,0.9962954521179199,-0.9695868492126465,0.9709219336509705,0.997843325138092,0.9998259544372559,1.0,-0.9680767059326172,0.9694190621376038,0.9827691316604614,0.9839709401130676,-0.9714386463165283,0.9948288202285767,0.9667884111404419,-0.9643316268920898,0.9900776147842407,-0.9681786298751831,0.9908472895622253,0.9908896684646606,0.98150634765625,0.9956417083740234,0.949668288230896,0.9850100874900818,0.9882388710975647,0.9396744966506958,-0.9743367433547974,0.9959421157836914,0.9444801807403564,0.9686083793640137,0.9826552867889404,0.9996247887611389,-0.9716615676879883,0.9729433059692383,0.9792940616607666,0.9596976637840271,0.970285952091217,0.9393822550773621,0.9955793023109436,0.9966550469398499,0.9916245937347412,0.9740522503852844,0.8639105558395386,-0.01834581047296524,0.8089761137962341,0.9981527328491211,0.994088351726532,0.9654827117919922,-0.9650828242301941,-0.9769911170005798,0.9379503726959229,0.9686926603317261,0.9945852160453796,0.9690038561820984,0.9735332727432251,-0.9686113595962524,0.9773315787315369,-0.9712559580802917,0.9813317656517029,0.9844236969947815,-0.9750663638114929,0.9744935631752014,-0.9707375764846802,-0.9711444973945618,0.9891719818115234,0.9791489839553833,0.998566210269928,0.9938954710960388,0.96827232837677,0.9699537754058838,0.9903717637062073,0.9861679077148438,-0.9692795872688293,0.9946907162666321,0.9649965167045593,0.9853365421295166,0.9980481266975403,-0.9708779454231262,0.9266677498817444,0.9996021389961243,0.9556752443313599,0.9676364064216614,0.9341007471084595,-0.971307098865509,0.9107398390769958,0.9681429862976074,0.9624879956245422,0.9939984679222107,0.9806232452392578,0.9466742277145386,0.9798302054405212,0.9503006935119629,0.9187682867050171,0.9706920385360718,0.9876925349235535,0.9837503433227539,0.9998810887336731,-0.9694298505783081,-0.97054523229599,0.98740553855896
0.9995251893997192,-0.9994884729385376,-0.9860456585884094,0.9999815225601196,-0.999932587146759,-0.9824419021606445,-0.9632311463356018,-0.9680767059326172,1.0,-0.9999853372573853,-0.9977261424064636,-0.997258186340332,0.9999050498008728,-0.9885284304618835,-0.999987006187439,0.999894380569458,-0.9936934113502502,0.9999998807907104,-0.993051290512085,-0.9930143356323242,-0.9981560111045837,-0.9872337579727173,-0.9978710412979126,-0.9968021512031555,-0.9950206279754639,-0.9954181909561157,0.9996537566184998,-0.9867061376571655,-0.9966862797737122,-0.9999977946281433,-0.9977673888206482,-0.9745802283287048,0.9998915791511536,-0.9997958540916443,-0.9987749457359314,-0.9995034337043762,-0.9999597072601318,-0.8234517574310303,-0.9873397350311279,-0.9853227734565735,-0.9923416376113892,-0.9996861815452576,-0.962572455406189,-0.2328519970178604,-0.9304958581924438,-0.9815168380737305,-0.9895683526992798,-0.9999485611915588,0.9999317526817322,0.9992617964744568,-0.9949271082878113,-0.9999969601631165,-0.9888837933540344,-0.9999930262565613,-0.8851689696311951,0.9999977946281433,-0.9991989135742188,0.9999152421951294,-0.9982109665870667,-0.9970657825469971,0.9995625615119934,-0.9996351003646851,0.9999412894248962,0.9999213218688965,-0.9943805932998657,-0.9988100528717041,-0.953270673751831,-0.9898207187652588,-0.9999995231628418,-0.9999711513519287,-0.9934547543525696,-0.9962319135665894,0.9999882578849792,-0.9887316226959229,-0.999927818775177,-0.9966484308242798,-0.950533926486969,0.999934732913971,-0.9913017153739929,-0.9747616052627563,-0.9989652633666992,-0.9999985098838806,-0.9937670826911926,0.9999125003814697,-0.9851813316345215,-0.9999998807907104,-0.9997708201408386,-0.9896867871284485,-0.9984223246574402,-0.9972121119499207,-0.9986395239830017,-0.998000979423523,-0.9883958101272583,-0.9999432563781738,-0.9953663945198059,-0.9973486065864563,-0.9640963673591614,0.9999850392341614,0.99994957447052,-0.995540201663971
-0.999677300453186,0.9996468424797058,0.9869322776794434,-0.9999998211860657,0.9999808073043823,0.9834372997283936,0.9646711349487305,0.9694190621376038,-0.9999853372573853,1.0,0.998076319694519,0.9976441860198975,-0.9999650120735168,0.9893313646316528,0.9999449253082275,-0.9998010396957397,0.9942857623100281,-0.9999874234199524,0.9936738610267639,0.993638277053833,0.9984700083732605,0.9880813956260681,0.9975034594535828,0.9972200989723206,0.9955454468727112,0.994886040687561,-0.999781608581543,0.9875711798667908,0.9962313175201416,0.9999945759773254,0.9981142282485962,0.9757784008979797,-0.9999565482139587,0.9998904466629028,0.999028205871582,0.9993183016777039,0.999993622303009,0.8265106081962585,0.9881837368011475,0.9862322211265564,0.9929956793785095,0.9998071193695068,0.9610915184020996,0.22758498787879944,0.928499698638916,0.9825382828712463,0.9903335571289062,0.9998788833618164,-0.9998539090156555,-0.9994551539421082,0.9943680167198181,0.9999956488609314,0.9896741509437561,0.9999986886978149,0.8876742720603943,-0.9999945163726807,0.9994009137153625,-0.9999710321426392,0.9985198974609375,0.9974654912948608,-0.9997080564498901,0.9997666478157043,-0.9999852776527405,-0.9999745488166809,0.9949390292167664,0.9990594387054443,0.9548919796943665,0.9905766248703003,0.9999892115592957,0.9999976754188538,0.9940584897994995,0.9966866970062256,-0.9999998211860657,0.9895274639129639,0.9998483061790466,0.9970765709877014,0.9522011876106262,-0.9999819993972778,0.9905748963356018,0.975955605506897,0.9987044334411621,0.999974250793457,0.9931492209434509,-0.9999693632125854,0.9842386245727539,0.9999867081642151,0.999640166759491,0.9904475808143616,0.9987116456031799,0.9967937469482422,0.9989070296287537,0.9976443648338318,0.9875590205192566,0.9999862909317017,0.9958721995353699,0.9977278709411621,0.9655196666717529,-0.9999998807907104,-0.9999893307685852,0.996036171913147
-0.9993290901184082,0.9993711709976196,0.9950236678123474,-0.9981184601783752,0.9984415173530579,0.9927824139595032,0.9791491627693176,0.9827691316604614,-0.9977261424064636,0.998076319694519,1.0,0.9999780058860779,-0.9985600113868713,0.9964601397514343,0.997370183467865,-0.9966411590576172,0.9989913702011108,-0.9977535009384155,0.9987248182296753,0.9987089037895203,0.9999775290489197,0.995724081993103,0.9912062287330627,0.9999212622642517,0.9994755983352661,0.9867103695869446,-0.9991540312767029,0.9954156875610352,0.9889376163482666,0.9978674054145813,0.9999998211860657,0.9874639511108398,-0.9986100792884827,0.9988842010498047,0.9998390078544617,0.9951068758964539,0.998290479183197,0.8598203659057617,0.9957854151725769,0.9945873022079468,0.9984105229377747,0.999101459980011,0.9421170949935913,0.16677643358707428,0.9036917090415955,0.9921834468841553,0.9970278739929199,0.9969906806945801,-0.9968708157539368,-0.9995788335800171,0.9858846664428711,0.9978894591331482,0.9966568350791931,0.9979704022407532,0.9145148396492004,-0.9978681802749634,0.9996238946914673,-0.9985186457633972,0.9999709129333496,0.9999579787254333,-0.9992830157279968,0.9991825222969055,-0.9983982443809509,-0.9984930157661438,0.999254584312439,0.9998258948326111,0.9714654088020325,0.9971621632575989,0.9977784752845764,0.9982095956802368,0.998894453048706,0.9998120069503784,-0.9980409145355225,0.9965729117393494,0.9968447685241699,0.9998956918716431,0.9693080186843872,-0.9984311461448669,0.9801772236824036,0.9875918030738831,0.9936283826828003,0.9976065754890442,0.9839940071105957,-0.9985302090644836,0.9713811874389648,0.9977439045906067,0.9960543513298035,0.9970910549163818,0.9999364614486694,0.9899154305458069,0.9998831748962402,0.9914722442626953,0.9759102463722229,0.9983875155448914,0.9995837807655334,0.99998539686203,0.9798021912574768,-0.9980789422988892,-0.9983526468276978,0.9996347427368164
-0.9990648031234741,0.9991147518157959,0.9956613183021545,-0.9976907968521118,0.998050332069397,0.9935542941093445,0.9804721474647522,0.9839709401130676,-0.997258186340332,0.9976441860198975,0.9999780058860779,1.0,-0.9981832504272461,0.99699467420578,0.9968686699867249,-0.9960774183273315,0.9992666840553284,-0.9972882866859436,0.9990371465682983,0.9990233778953552,0.9999111890792847,0.9963136911392212,0.9903088212013245,0.9999823570251465,0.9996680021286011,0.9856132864952087,-0.9988600611686707,0.9960269331932068,0.9879341721534729,0.9974136352539062,0.9999738335609436,0.9884870648384094,-0.9982394576072693,0.9985496997833252,0.9996984004974365,0.99443119764328,0.9978817701339722,0.8631807565689087,0.9963706731796265,0.9952530860900879,0.9987615942955017,0.9987990856170654,0.939877450466156,0.16024737060070038,0.9008381962776184,0.9929876327514648,0.9975159168243408,0.996455729007721,-0.9963257908821106,-0.9993649125099182,0.9847550392150879,0.9974378943443298,0.9971756339073181,0.9975269436836243,0.9171721935272217,-0.9974144697189331,0.9994205832481384,-0.998136579990387,0.9998986124992371,0.9999967813491821,-0.9990105628967285,0.998893141746521,-0.9980019927024841,-0.9981079697608948,0.9994882345199585,0.9996803998947144,0.9730137586593628,0.9976385235786438,0.9973158240318298,0.9977918267250061,0.9991836547851562,0.9999184012413025,-0.9976049661636353,0.9970985054969788,0.9962975382804871,0.9999693632125854,0.9709137678146362,-0.9980388283729553,0.9788447022438049,0.9886095523834229,0.9928606748580933,0.9971271753311157,0.9827931523323059,-0.998149573802948,0.9697879552841187,0.9972777962684631,0.995445191860199,0.9975736737251282,0.9998399615287781,0.9889562726020813,0.9997602701187134,0.9905880689620972,0.974445104598999,0.9979898929595947,0.9997527003288269,0.9999992847442627,0.9811039566993713,-0.9976471066474915,-0.9979512095451355,0.9997915625572205
0.9998549818992615,-0.9998342990875244,-0.9882461428642273,0.999970555305481,-0.9999976754188538,-0.9849194884300232,-0.966841995716095,-0.9714386463165283,0.9999050498008728,-0.9999650120735168,-0.9985600113868713,-0.9981832504272461,1.0,-0.9905158281326294,-0.9998219013214111,0.9995992183685303,-0.995144248008728,0.9999105334281921,-0.9945786595344543,-0.9945459365844727,-0.9988977313041687,-0.9893348217010498,-0.9968776106834412,-0.9978088140487671,-0.9962995648384094,-0.9940062165260315,0.9999215602874756,-0.9888519048690796,-0.9954708814620972,-0.9999321699142456,-0.9985929727554321,-0.97757488489151,0.9999995827674866,-0.9999793767929077,-0.999362051486969,-0.9989742636680603,-0.9999884963035583,-0.8311920166015625,-0.9894317984580994,-0.9875816106796265,-0.9939495921134949,-0.999936580657959,-0.9587464928627014,-0.2194288969039917,-0.9253600239753723,-0.9840607643127441,-0.9914596676826477,-0.9997135996818542,0.999675989151001,0.9996962547302246,-0.9934465289115906,-0.9999361038208008,-0.9908390641212463,-0.9999494552612305,-0.8914963603019714,0.9999322891235352,-0.999655544757843,0.9999998211860657,-0.998940110206604,-0.9980259537696838,0.9998752474784851,-0.9999125599861145,0.9999956488609314,0.9999992251396179,-0.9957450032234192,-0.9993873238563538,-0.9573432207107544,-0.9916879534721375,-0.9999154210090637,-0.9999809265136719,-0.9949344396591187,-0.9973325133323669,0.9999600052833557,-0.9907005429267883,-0.9996674656867981,-0.9976810812950134,-0.9547240138053894,0.9999971985816956,-0.9893940091133118,-0.977745532989502,-0.9982436895370483,-0.9998793601989746,-0.9921366572380066,0.9999998211860657,-0.9827243089675903,-0.9999086856842041,-0.9993808269500732,-0.9915667772293091,-0.9991014003753662,-0.9960892796516418,-0.9992631077766418,-0.9970354437828064,-0.9862086176872253,-0.9999951124191284,-0.9965968132019043,-0.9982568025588989,-0.9676642417907715,0.9999653100967407,0.9999929070472717,-0.9967456459999084
-0.9927127957344055,0.9928529262542725,0.9998777508735657,-0.9894307255744934,0.990215539932251,0.9993501305580139,0.9927604794502258,0.9948288202285767,-0.9885284304618835,0.9893313646316528,0.9964601397514343,0.99699467420578,-0.9905158281326294,1.0,0.9877469539642334,-0.9862288236618042,0.9992299675941467,-0.9885897636413574,0.9994335770606995,0.9994440674781799,0.9958735704421997,0.9999651908874512,0.9765734672546387,0.9974361062049866,0.9986596703529358,0.9695577621459961,-0.9921602010726929,0.9999324679374695,0.972967267036438,0.9888477921485901,0.9964082837104797,0.9972379803657532,-0.9906445741653442,0.991378128528595,0.9947910308837891,0.9832783341407776,0.9898434281349182,0.8997006416320801,0.999970555305481,0.9998015761375427,0.9996142387390137,0.9920018315315247,0.9105960726737976,0.08329735696315765,0.864497184753418,0.9991617202758789,0.9999751448631287,0.9869444370269775,-0.9866967797279358,-0.9936008453369141,0.9683199524879456,0.9888981580734253,0.9999971985816956,0.9890841841697693,0.9452868103981018,-0.9888496994972229,0.9937804937362671,-0.9904098510742188,0.9957904815673828,0.997189462184906,-0.9925628900527954,0.9922471642494202,-0.9901080131530762,-0.9903450012207031,0.9989627599716187,0.9947180151939392,0.98796546459198,0.9999611377716064,0.9886459708213806,0.9896477460861206,0.9993103742599487,0.9979026913642883,-0.9892484545707703,0.9999991059303284,0.9866431951522827,0.9975704550743103,0.9865444898605347,-0.9901899099349976,0.9600522518157959,0.9972978234291077,0.980636477470398,0.988262414932251,0.9655301570892334,-0.9904394149780273,0.9479747414588928,0.9885683655738831,0.9850679636001587,0.9999690055847168,0.9954493045806885,0.9745023846626282,0.9950593113899231,0.9770073294639587,0.9541148543357849,0.9900811910629272,0.9984707236289978,0.9968984723091125,0.9931445121765137,-0.9893378019332886,-0.9899954199790955,0.9983680844306946
-0.9993554949760437,0.9993128776550293,0.9851856827735901,-0.9999373555183411,0.9998606443405151,0.9814797043800354,0.9618512988090515,0.9667884111404419,-0.999987006187439,0.9999449253082275,0.997370183467865,0.9968686699867249,-0.9998219013214111,0.9877469539642334,1.0,-0.9999554753303528,0.9931098222732544,-0.9999849200248718,0.9924395680427551,0.9924009442329407,0.9978342652320862,0.98641037940979,0.9981900453567505,0.9963826537132263,0.994500458240509,0.9958919286727905,-0.999506950378418,0.9858662486076355,0.9970873594284058,0.9999740123748779,0.9974146485328674,0.9734272956848145,-0.9998037815093994,0.9996801018714905,0.9985101819038391,0.9996509552001953,0.9999011158943176,0.8205534219741821,0.9865197539329529,0.9844412803649902,0.9917001724243164,0.9995457530021667,0.963939368724823,0.23779848217964172,0.9323481321334839,0.9805302023887634,0.9888224005699158,0.9999871253967285,-0.999978244304657,-0.9990534782409668,0.9954262971878052,0.9999715089797974,0.9881143569946289,0.9999611377716064,0.882789671421051,-0.9999738335609436,0.9989823698997498,-0.999836266040802,0.9978935718536377,0.9966633915901184,-0.9993990659713745,0.9994847774505615,-0.9998729825019836,-0.9998445510864258,0.9938289523124695,0.9985489249229431,0.9517208337783813,0.9890836477279663,0.9999827146530151,0.9999195337295532,0.9928604960441589,0.9957776069641113,-0.9999505281448364,0.9879570007324219,0.9999760985374451,0.9962192177772522,0.9489407539367676,-0.9998636245727539,0.9919586777687073,0.973612904548645,0.9991837739944458,0.9999943375587463,0.9943216443061829,-0.9998323321342468,0.9860414266586304,0.9999856948852539,0.9998667240142822,0.988944947719574,0.9981236457824707,0.9975789785385132,0.9983610510826111,0.9983097910881042,0.9891560077667236,0.9998759627342224,0.9948641061782837,0.9969654679298401,0.9627325534820557,-0.9999443292617798,-0.9998854994773865,0.9950471520423889
0.9989718198776245,-0.9989181756973267,-0.9835221171379089,0.9997872710227966,-0.9996582269668579,-0.9796267151832581,-0.9592246413230896,-0.9643316268920898,0.999894380569458,-0.9998010396957397,-0.9966411590576172,-0.9960774183273315,0.9995992183685303,-0.9862288236618042,-0.9999554753303528,1.0,-0.9919587969779968,0.9998884201049805,-0.99123615026474,-0.9911946058273315,-0.9971684813499451,-0.9848146438598633,-0.9987133741378784,-0.9955357909202576,-0.9934671521186829,-0.9967026710510254,0.9991658926010132,-0.9842399954795837,-0.9977632164955139,-0.9998612999916077,-0.9966914057731628,-0.9712212085723877,0.9995720982551575,-0.9993966221809387,-0.9979503750801086,-0.9998558163642883,-0.9997238516807556,-0.8151187896728516,-0.9849302172660828,-0.9827378988265991,-0.9904417395591736,-0.9992164373397827,-0.9664096236228943,-0.24696116149425507,-0.935721218585968,-0.9786319732666016,-0.9873700737953186,-0.9999904036521912,0.9999960660934448,0.9985979199409485,-0.9962840676307678,-0.9998553395271301,-0.9866185784339905,-0.999833345413208,-0.8783136606216431,0.9998608827590942,-0.9985118508338928,0.9996206760406494,-0.997236430644989,-0.9958478808403015,0.9990271329879761,-0.9991371035575867,0.9996781349182129,0.9996334314346313,-0.9927370548248291,-0.9979958534240723,-0.9487792253494263,-0.9876478314399719,-0.999882698059082,-0.9997550249099731,-0.9916897416114807,-0.9948661923408508,0.9998121857643127,-0.9864515066146851,-0.9999969601631165,-0.995354413986206,-0.9459192156791687,0.9996629357337952,-0.9931097030639648,-0.9714142084121704,-0.9995207190513611,-0.9999182820320129,-0.9952822923660278,0.9996147155761719,-0.9875699877738953,-0.9998905062675476,-0.9999763369560242,-0.9875003099441528,-0.9975008964538574,-0.998191237449646,-0.9977760314941406,-0.998814046382904,-0.990498960018158,-0.9996827840805054,-0.9938638210296631,-0.9961857199668884,-0.9601353406906128,0.9998002648353577,0.9996980428695679,-0.9940640330314636
-0.9966766238212585,0.9967712163925171,0.9984941482543945,-0.9943587183952332,0.9949283599853516,0.9971662759780884,0.9872831702232361,0.9900776147842407,-0.9936934113502502,0.9942857623100281,0.9989913702011108,0.9992666840553284,-0.995144248008728,0.9992299675941467,0.9931098222732544,-0.9919587969779968,1.0,-0.9937388896942139,0.9999843835830688,0.9999825954437256,0.9986674785614014,0.9988676905632019,0.9842647314071655,0.9994760155677795,0.9999215006828308,0.9784188866615295,-0.9962997436523438,0.9987063407897949,0.9812796711921692,0.9939299821853638,0.9989635348320007,0.9935557246208191,-0.9952363967895508,0.9957560300827026,0.9980246424674988,0.9896667003631592,0.9946592450141907,0.8818803429603577,0.9988992214202881,0.9982496500015259,0.9999341368675232,0.9961907267570496,0.92611163854599,0.1223343163728714,0.8835535645484924,0.9967859983444214,0.9994816780090332,0.9925040602684021,-0.9923158288002014,-0.9972673654556274,0.977372407913208,0.9939672350883484,0.9993202090263367,0.994104266166687,0.9317579865455627,-0.9939312934875488,0.9973844885826111,-0.9950682520866394,0.9986200928688049,0.9993613362312317,-0.9965750575065613,0.9963594675064087,-0.994850754737854,-0.9950217008590698,0.9999801516532898,0.9979795217514038,0.9811356663703918,0.9995368123054504,0.9937807321548462,0.994516909122467,0.9999977946281433,0.9996740221977234,-0.9942249655723572,0.9992820620536804,0.9922751188278198,0.9995356798171997,0.9793696999549866,-0.9949100613594055,0.970292329788208,0.9936473369598389,0.9875654578208923,0.993495523929596,0.9749999046325684,-0.9950895309448242,0.9597357511520386,0.9937229752540588,0.991064727306366,0.9995077848434448,0.9984217286109924,0.9825560450553894,0.9981886148452759,0.9846205115318298,0.9651294350624084,0.9948316216468811,0.9998709559440613,0.9992187023162842,0.9877930283546448,-0.9942904114723206,-0.9947694540023804,0.9998400211334229
0.9995375871658325,-0.9995014071464539,-0.986113429069519,0.9999837279319763,-0.9999372363090515,-0.9825177192687988,-0.9633404016494751,-0.9681786298751831,0.9999998807907104,-0.9999874234199524,-0.9977535009384155,-0.9972882866859436,0.9999105334281921,-0.9885897636413574,-0.9999849200248718,0.9998884201049805,-0.9937388896942139,1.0,-0.9930992126464844,-0.9930622577667236,-0.9981806874275208,-0.9872985482215881,-0.9978442192077637,-0.9968348145484924,-0.9950612187385559,-0.9953791499137878,0.9996644854545593,-0.9867722392082214,-0.9966531991958618,-0.9999986290931702,-0.997794508934021,-0.9746712446212769,0.9998974800109863,-0.9998039603233337,-0.9987949728965759,-0.9994903802871704,-0.9999634027481079,-0.8236827254295349,-0.9874042868614197,-0.985392153263092,-0.9923918843269348,-0.9996962547302246,-0.9624620079994202,-0.23245596885681152,-0.9303467869758606,-0.9815946817398071,-0.9896268844604492,-0.9999442100524902,0.9999270439147949,0.9992774128913879,-0.994886040687561,-0.9999977946281433,-0.9889443516731262,-0.9999945163726807,-0.885358452796936,0.9999984502792358,-0.9992151260375977,0.999920666217804,-0.9982352256774902,-0.997096836566925,0.9995744824409485,-0.9996460676193237,0.9999455213546753,0.9999263882637024,-0.9944236278533936,-0.9988298416137695,-0.9533937573432922,-0.9898784756660461,-1.0,-0.9999740719795227,-0.9935013055801392,-0.9962671995162964,0.9999901652336121,-0.9887925982475281,-0.9999229311943054,-0.9966816306114197,-0.9506604075431824,0.9999393224716187,-0.9912479519844055,-0.9748525023460388,-0.9989467263221741,-0.999997615814209,-0.9937216639518738,0.9999178051948547,-0.9851114153862,-1.0,-0.9997619986534119,-0.989745020866394,-0.9984451532363892,-0.9971816539764404,-0.9986605644226074,-0.99797523021698,-0.9883337020874023,-0.9999476075172424,-0.995405375957489,-0.9973781704902649,-0.9642044901847839,0.9999872446060181,0.9999536275863647,-0.9955785870552063
-0.9962059259414673,0.9963070154190063,0.9987850785255432,-0.9937505125999451,0.9943509101867676,0.9975709319114685,0.9881560206413269,0.9908472895622253,-0.993051290512085,0.9936738610267639,0.9987248182296753,0.9990371465682983,-0.9945786595344543,0.9994335770606995,0.9924395680427551,-0.99123615026474,0.9999843835830688,-0.9930992126464844,1.0,0.9999999403953552,0.9983634352684021,0.9991179704666138,0.9832621216773987,0.9992794394493103,0.9998357892036438,0.9772490859031677,-0.9958040118217468,0.9989748597145081,0.9801883101463318,0.9932997226715088,0.9986936450004578,0.9941734671592712,-0.9946761131286621,0.995226263999939,0.9976581335067749,0.9888501167297363,0.9940668940544128,0.8845008611679077,0.9991457462310791,0.9985645413398743,0.9999827146530151,0.9956879019737244,0.9239892959594727,0.11678710579872131,0.8809232115745544,0.9972180724143982,0.999646008014679,0.9918058514595032,-0.9916090369224548,-0.9968391060829163,0.9761753082275391,0.9933388829231262,0.9995105862617493,0.9934829473495483,0.933772087097168,-0.9933010935783386,0.9969651103019714,-0.9944984316825867,0.9983111619949341,0.999146044254303,-0.9960974454879761,0.9958676099777222,-0.994269073009491,-0.9944493770599365,0.9999293684959412,0.9976089596748352,0.9822003841400146,0.9996912479400635,0.9931429028511047,0.9939171671867371,0.9999939799308777,0.999515950679779,-0.9936099052429199,0.999478280544281,0.9915664792060852,0.9993498921394348,0.98048335313797,-0.9943313002586365,0.968925416469574,0.9942605495452881,0.9866715669631958,0.9928438663482666,0.9737430810928345,-0.9945208430290222,0.9581514000892639,0.9930824041366577,0.9903039932250977,0.9996674656867981,0.9980923533439636,0.9815016388893127,0.9978369474411011,0.9836291074752808,0.9636516571044922,0.9942486882209778,0.9997655153274536,0.9989822506904602,0.9886478781700134,-0.9936785697937012,-0.9941831827163696,0.9997244477272034
-0.9961784482002258,0.9962800741195679,0.99880051612854,-0.993715226650238,0.9943175315856934,0.9975928664207458,0.9882041811943054,0.9908896684646606,-0.9930143356323242,0.993638277053833,0.9987089037895203,0.9990233778953552,-0.9945459365844727,0.9994440674781799,0.9924009442329407,-0.9911946058273315,0.9999825954437256,-0.9930622577667236,0.9999999403953552,1.0,0.9983455538749695,0.9991310834884644,0.9832047820091248,0.9992674589157104,0.9998301863670349,0.9771822690963745,-0.9957752227783203,0.9989890456199646,0.9801259636878967,0.9932634234428406,0.9986775517463684,0.9942073822021484,-0.99464350938797,0.9951955676078796,0.9976365566253662,0.9888030290603638,0.9940326809883118,0.8846476078033447,0.9991587400436401,0.9985813498497009,0.9999845027923584,0.9956586360931396,0.9238690137863159,0.11647467315196991,0.880774199962616,0.9972415566444397,0.9996542930603027,0.9917656183242798,-0.9915683269500732,-0.9968140721321106,0.9761069416999817,0.9933026432991028,0.9995203018188477,0.9934470653533936,0.9338846802711487,-0.9932648539543152,0.9969406127929688,-0.9944655299186707,0.9982927441596985,0.9991330504417419,-0.9960696697235107,0.9958390593528748,-0.9942353367805481,-0.9944162368774414,0.9999255537986755,0.9975872039794922,0.9822595119476318,0.9996989965438843,0.9931062459945679,0.993882417678833,0.9999927878379822,0.9995061755180359,-0.9935742020606995,0.999488353729248,0.9915255308151245,0.9993385672569275,0.9805452227592468,-0.9942979216575623,0.9688476324081421,0.9942941665649414,0.9866204261779785,0.9928062558174133,0.9736714959144592,-0.994488000869751,0.9580613374710083,0.9930455088615417,0.9902603030204773,0.9996755719184875,0.9980729222297668,0.9814413785934448,0.9978162050247192,0.983572244644165,0.9635677933692932,0.9942150115966797,0.999758780002594,0.9989680647850037,0.9886950850486755,-0.9936434030532837,-0.9941492676734924,0.9997170567512512
