1.0,-0.9377846717834473,-0.7291837334632874,0.8992387056350708,-0.893679141998291,-0.9069661498069763,-0.8964784741401672,-0.8151983618736267,0.9361017346382141,-0.8860949277877808,-0.8013219237327576,-0.9039770364761353,0.9374811053276062,-0.21148808300495148,-0.8948949575424194,0.7234421372413635,-0.5056850910186768,0.9293930530548096,-0.2831088602542877,-0.6726948022842407,-0.9091989994049072,-0.7453078627586365,-0.9037717580795288,-0.9502766132354736,-0.813596248626709,-0.7839323282241821,0.9621692895889282,-0.93582683801651,-0.8493323922157288,-0.902527928352356,-0.8995006680488586,-0.9220566153526306,0.8722625374794006,-0.8554893732070923,-0.7522120475769043,-0.7480764389038086,-0.2788253128528595,-0.7483782768249512,-0.2878435552120209,-0.6305215358734131,-0.22927939891815186,-0.43959859013557434,-0.916746199131012,-0.36266639828681946,-0.18166401982307434,-0.27727824449539185,-0.8051530718803406,-0.9156796932220459,0.865660548210144,0.9328098297119141,-0.6343639492988586,-0.3804687261581421,-0.8757290244102478,-0.9186504483222961,-0.34029078483581543,0.8504736423492432,-0.3076814115047455,0.9212188720703125,-0.7129421830177307,-0.906448483467102,0.946285605430603,-0.729624330997467,0.9262698888778687,0.9300171732902527,-0.7799959182739258,-0.9230476021766663,-0.28868982195854187,-0.8938058614730835,-0.9137606620788574,-0.8381758332252502,-0.7822744846343994,-0.9295331835746765,0.8178624510765076,-0.8267577886581421,-0.8981937170028687,-0.4548965096473694,-0.6804637908935547,0.8616635203361511,-0.263188898563385,-0.8726596236228943,-0.21389232575893402,-0.443661630153656,-0.25400152802467346,0.9211872220039368,-0.8550294041633606,-0.8912282586097717,-0.9463061094284058,-0.7833162546157837,-0.859140932559967,-0.5299750566482544,-0.32595664262771606,-0.8499245643615723,-0.8672010898590088,-0.8014217615127563,-0.9043352007865906,-0.8647525310516357,-0.31769275665283203,0.8077054619789124,0.8778155446052551,-0.8911048173904419
-0.9377846717834473,1.0,0.7937673330307007,-0.898426353931427,0.903091311454773,0.909324049949646,0.9043208956718445,0.8533943295478821,-0.9254039525985718,0.9303017854690552,0.9185865521430969,0.8916361331939697,-0.9202970266342163,0.1358802765607834,0.8825308680534363,-0.708076536655426,0.5168067812919617,-0.9178986549377441,0.17365530133247375,0.6434032320976257,0.9171132445335388,0.7187638282775879,0.9555045366287231,0.9776014089584351,0.883952260017395,0.8968770503997803,-0.958441436290741,0.9580742716789246,0.8485488891601562,0.8842455148696899,0.8343643546104431,0.870704174041748,-0.8823534250259399,0.8760004639625549,0.7143757939338684,0.7965971231460571,0.26459869742393494,0.7416043281555176,0.29829442501068115,0.6558623909950256,0.19909228384494781,0.5158442258834839,0.9234820604324341,0.3763332664966583,0.10085529088973999,0.3205307424068451,0.7561213970184326,0.9631076455116272,-0.8890488147735596,-0.878785252571106,0.5491065979003906,0.23122470080852509,0.7875271439552307,0.9525792002677917,0.25987792015075684,-0.8641964197158813,0.32373228669166565,-0.8982890248298645,0.6654577851295471,0.8999138474464417,-0.9192967414855957,0.8082131743431091,-0.9396163821220398,-0.9322779178619385,0.8170087933540344,0.9342609643936157,0.3645300567150116,0.8937823176383972,0.9159611463546753,0.8864416480064392,0.7479324340820312,0.9517900347709656,-0.7237376570701599,0.8493756055831909,0.9489086270332336,0.43076395988464355,0.5532875657081604,-0.8370218873023987,0.33601826429367065,0.9132319092750549,0.1609799563884735,0.3666839599609375,0.27709707617759705,-0.8923760652542114,0.8765202760696411,0.8720589876174927,0.9500423669815063,0.8355203866958618,0.9088046550750732,0.5809391736984253,0.2692626118659973,0.813810408115387,0.8973785042762756,0.6919532418251038,0.8896966576576233,0.906947672367096,0.23791003227233887,-0.856701672077179,-0.7729793787002563,0.8093196153640747
-0.7291837334632874,0.7937673330307007,1.0,-0.830847978591919,0.7896491885185242,0.6796526312828064,0.8833972811698914,0.6662808060646057,-0.8052576780319214,0.8456591367721558,0.7649780511856079,0.8105697631835938,-0.7796505689620972,0.16406890749931335,0.7329155802726746,-0.6132412552833557,0.2722403109073639,-0.8062294125556946,0.2285802662372589,0.45277470350265503,0.8066399693489075,0.5977708101272583,0.8186398148536682,0.7203460335731506,0.8334221839904785,0.8354892730712891,-0.7770077586174011,0.8723387122154236,0.7587891221046448,0.6676627993583679,0.7387481927871704,0.7070593237876892,-0.822860598564148,0.8665537238121033,0.5230859518051147,0.8343399167060852,0.12306288629770279,0.544949471950531,0.43293213844299316,0.67569899559021,0.019955310970544815,0.33493903279304504,0.7417935132980347,0.26229023933410645,0.14786338806152344,0.23671549558639526,0.6177716851234436,0.8269051313400269,-0.7239363789558411,-0.7155470252037048,0.42784079909324646,0.46255213022232056,0.6757171154022217,0.8105865120887756,0.3594664931297302,-0.8122729659080505,0.28757861256599426,-0.8123831152915955,0.7649029493331909,0.8050996661186218,-0.7758407592773438,0.6616392731666565,-0.8567458987236023,-0.8233800530433655,0.8255440592765808,0.7517952919006348,0.4008116126060486,0.8082228899002075,0.7242881655693054,0.6769159436225891,0.654909610748291,0.800460934638977,-0.4591008722782135,0.7711283564567566,0.8308947682380676,0.04823806881904602,0.544447660446167,-0.7362147569656372,0.1664692461490631,0.7223197817802429,0.08025100082159042,0.4452981948852539,0.21445539593696594,-0.7410235404968262,0.8103377819061279,0.8074965476989746,0.8442183136940002,0.6624066829681396,0.7521611452102661,0.5085761547088623,0.22486281394958496,0.6012161374092102,0.6623576283454895,0.6311038732528687,0.7144791483879089,0.7906715869903564,0.051733601838350296,-0.6962159276008606,-0.6336703896522522,0.5751860737800598
0.8992387056350708,-0.898426353931427,-0.830847978591919,1.0,-0.8948187828063965,-0.8220646381378174,-0.9202922582626343,-0.6834408640861511,0.9504737854003906,-0.9314813613891602,-0.8670032620429993,-0.9613806009292603,0.9705455303192139,-0.25759389996528625,-0.8808978796005249,0.7654502391815186,-0.525568425655365,0.9462756514549255,-0.22528226673603058,-0.6885530352592468,-0.9602766036987305,-0.656384289264679,-0.922758162021637,-0.9026961326599121,-0.888179361820221,-0.8717208504676819,0.948168158531189,-0.9331711530685425,-0.8950739502906799,-0.8384652137756348,-0.7841388583183289,-0.8144955039024353,0.9572160243988037,-0.8151508569717407,-0.6775445342063904,-0.7878010869026184,-0.27854233980178833,-0.7563546895980835,-0.3399966359138489,-0.7879427075386047,-0.26714056730270386,-0.45771297812461853,-0.9002130031585693,-0.37519630789756775,-0.20204989612102509,-0.4211691915988922,-0.7594945430755615,-0.9282454252243042,0.8819422125816345,0.9393766522407532,-0.4520031809806824,-0.3601141571998596,-0.8322315812110901,-0.8912751078605652,-0.4465775191783905,0.8455856442451477,-0.30313950777053833,0.9479302763938904,-0.689459502696991,-0.8650237917900085,0.9622986316680908,-0.82345050573349,0.9600944519042969,0.9439522624015808,-0.8554901480674744,-0.9308829307556152,-0.3784466087818146,-0.947869598865509,-0.8809771537780762,-0.7824949026107788,-0.809941828250885,-0.9278848171234131,0.6786580681800842,-0.7445033192634583,-0.880998969078064,-0.2894897162914276,-0.6684781908988953,0.8313426971435547,-0.33324986696243286,-0.8989463448524475,-0.2218792587518692,-0.4178406000137329,-0.2659468352794647,0.8989199995994568,-0.9462984204292297,-0.9384341835975647,-0.9479603171348572,-0.8845952153205872,-0.8073985576629639,-0.4123304486274719,-0.2639658749103546,-0.7149468064308167,-0.8781476616859436,-0.6880550980567932,-0.8792370557785034,-0.8038013577461243,-0.28450122475624084,0.7278837561607361,0.8425284028053284,-0.8286206126213074
-0.893679141998291,0.903091311454773,0.7896491885185242,-0.8948187828063965,1.0,0.8303300142288208,0.8704636693000793,0.743358850479126,-0.8858159780502319,0.8711711168289185,0.8367683291435242,0.8629270195960999,-0.8879797458648682,0.07910498976707458,0.8233574032783508,-0.76375412940979,0.5112693309783936,-0.8834173083305359,0.14852860569953918,0.5336422324180603,0.8857120871543884,0.5895541906356812,0.897743821144104,0.8834447264671326,0.8120039105415344,0.8256226778030396,-0.8847772479057312,0.9008227586746216,0.7964305877685547,0.8181236982345581,0.7792491316795349,0.8582853674888611,-0.891170859336853,0.8316360712051392,0.7797990441322327,0.7635829448699951,0.17959095537662506,0.6532361507415771,0.31514254212379456,0.6384819746017456,0.18650072813034058,0.5081721544265747,0.9269433617591858,0.5040127038955688,0.049250517040491104,0.3387436866760254,0.6046040058135986,0.9303897023200989,-0.812886118888855,-0.8782901763916016,0.634921133518219,0.49600642919540405,0.904967725276947,0.9334164261817932,0.4931529462337494,-0.7768589854240417,0.27088025212287903,-0.8682112693786621,0.6050746440887451,0.8703932166099548,-0.9057896137237549,0.8308597207069397,-0.918585479259491,-0.8985074162483215,0.8862937688827515,0.8765869140625,0.20596130192279816,0.8438588976860046,0.8779417276382446,0.7433058023452759,0.6844865679740906,0.9087679386138916,-0.7047176957130432,0.8081844449043274,0.897005558013916,0.3798609972000122,0.6839475035667419,-0.7565110921859741,0.3489643633365631,0.9008155465126038,0.1404535472393036,0.4548276960849762,0.27596625685691833,-0.8475745916366577,0.8552603721618652,0.8419975638389587,0.912641167640686,0.7747253179550171,0.8748353123664856,0.40851008892059326,0.20209723711013794,0.7164356708526611,0.8590896725654602,0.7416571974754333,0.870922327041626,0.8545840382575989,0.24173247814178467,-0.7878507375717163,-0.7795832753181458,0.7964823842048645
-0.9069661498069763,0.909324049949646,0.6796526312828064,-0.8220646381378174,0.8303300142288208,1.0,0.8871989846229553,0.7952980995178223,-0.8603563904762268,0.8481054306030273,0.8386825919151306,0.8310456275939941,-0.8880537152290344,0.2657475769519806,0.9046033024787903,-0.7453460693359375,0.4163421392440796,-0.8653316497802734,0.31107082962989807,0.5242193937301636,0.8173904418945312,0.5673285126686096,0.8456493616104126,0.9056043028831482,0.786895751953125,0.84787517786026,-0.9205643534660339,0.8800824880599976,0.8154534101486206,0.8753066062927246,0.8461458086967468,0.8191585540771484,-0.8661053776741028,0.8242713809013367,0.6289837956428528,0.7636623382568359,0.2901601195335388,0.7084637880325317,0.3161334693431854,0.620917797088623,0.2145715057849884,0.4826961159706116,0.8353455066680908,0.46908923983573914,0.07026694715023041,0.16061124205589294,0.7309989929199219,0.9031011462211609,-0.8675275444984436,-0.8436369895935059,0.4734264612197876,0.3108251094818115,0.8233258724212646,0.8740139603614807,0.122291699051857,-0.8446476459503174,0.4639671742916107,-0.8039180636405945,0.695777177810669,0.7856990098953247,-0.8695069551467896,0.7933317422866821,-0.867154598236084,-0.9070101976394653,0.7814489603042603,0.8820738792419434,0.2521447241306305,0.8223684430122375,0.8868886828422546,0.8153389096260071,0.7076364159584045,0.8572661876678467,-0.7562314867973328,0.8032315373420715,0.9233105778694153,0.447287917137146,0.5137121081352234,-0.8037728071212769,0.4967121183872223,0.9158633351325989,0.11117030680179596,0.41833892464637756,0.24104362726211548,-0.8465112447738647,0.7997550368309021,0.7644102573394775,0.8884326815605164,0.730316162109375,0.8901229500770569,0.4470609724521637,0.27792301774024963,0.8071134090423584,0.8607125282287598,0.705705463886261,0.8385626077651978,0.7759754657745361,0.36014944314956665,-0.7945645451545715,-0.7999480366706848,0.8148699402809143
-0.8964784741401672,0.9043208956718445,0.8833972811698914,-0.9202922582626343,0.8704636693000793,0.8871989846229553,1.0,0.7087398171424866,-0.9444697499275208,0.894419252872467,0.8839234709739685,0.9080651998519897,-0.9176241755485535,0.3094674050807953,0.907413125038147,-0.7214101552963257,0.3088819980621338,-0.9548808336257935,0.31746894121170044,0.5115063786506653,0.9103764891624451,0.6053868532180786,0.9135869741439819,0.8885987997055054,0.844235360622406,0.8901426196098328,-0.9339196085929871,0.9638145565986633,0.8276488780975342,0.8200312256813049,0.8494794368743896,0.8343543410301208,-0.9253078103065491,0.8974006175994873,0.6378795504570007,0.8374286890029907,0.2682960033416748,0.6571123600006104,0.39023157954216003,0.7169529795646667,0.1320788413286209,0.5188462138175964,0.8714796304702759,0.4278844892978668,0.17225809395313263,0.3626130521297455,0.7752893567085266,0.9271599054336548,-0.85670405626297,-0.900028645992279,0.5017674565315247,0.4453240633010864,0.8363397121429443,0.9004510045051575,0.2783260643482208,-0.8810810446739197,0.41879576444625854,-0.9390729069709778,0.7954303026199341,0.8316810131072998,-0.9149966835975647,0.800527811050415,-0.9655424952507019,-0.9686030745506287,0.8834283351898193,0.8815113306045532,0.31804290413856506,0.9170956611633301,0.8749290108680725,0.7461795806884766,0.7333201169967651,0.8983246088027954,-0.6550336480140686,0.8437634110450745,0.9270673990249634,0.3352523744106293,0.6667953133583069,-0.8500821590423584,0.3095215857028961,0.8654821515083313,0.14878402650356293,0.4652893841266632,0.1805831491947174,-0.8270298838615417,0.9228084683418274,0.8862101435661316,0.9557827115058899,0.7394887208938599,0.8867555856704712,0.5971598029136658,0.22136713564395905,0.6960493326187134,0.8166411519050598,0.7435653805732727,0.8628255128860474,0.8250980377197266,0.28459131717681885,-0.8032397627830505,-0.8107963800430298,0.7414218783378601
-0.8151983618736267,0.8533943295478821,0.6662808060646057,-0.6834408640861511,0.743358850479126,0.7952980995178223,0.7087398171424866,1.0,-0.7348437309265137,0.7533009648323059,0.6735652685165405,0.7076585292816162,-0.7503737807273865,0.1207318976521492,0.7486292123794556,-0.7057287693023682,0.41897299885749817,-0.7205976843833923,0.12729527056217194,0.5943349599838257,0.694797158241272,0.7102978229522705,0.7785241603851318,0.8282634019851685,0.729762613773346,0.7893397808074951,-0.7759838700294495,0.8050108551979065,0.6897009015083313,0.7161043286323547,0.7433507442474365,0.7932144403457642,-0.6706801056861877,0.7871109843254089,0.578451931476593,0.6459136009216309,0.03766240179538727,0.5560070276260376,0.1642426997423172,0.5010517835617065,0.16471093893051147,0.4275553822517395,0.7665509581565857,0.15145626664161682,0.12486608326435089,0.03608916327357292,0.6571369767189026,0.8133561611175537,-0.7723410129547119,-0.6844085454940796,0.5611429810523987,0.15639042854309082,0.6329571604728699,0.8093926310539246,0.1313973218202591,-0.6745927333831787,0.29306861758232117,-0.6902055740356445,0.6336225867271423,0.8547190427780151,-0.7211596369743347,0.5862376093864441,-0.7638022303581238,-0.7186921834945679,0.6629317402839661,0.7661993503570557,0.28002503514289856,0.6790564060211182,0.7934553623199463,0.852767825126648,0.6262131929397583,0.7729673981666565,-0.6422041058540344,0.8051081895828247,0.8557801246643066,0.4489767253398895,0.35326164960861206,-0.7548216581344604,0.22577275335788727,0.7749418020248413,0.13961419463157654,0.47077155113220215,0.15899451076984406,-0.7947022318840027,0.6449478268623352,0.7073727250099182,0.8139356374740601,0.6596372723579407,0.7918872237205505,0.4923555850982666,0.39905866980552673,0.8351414799690247,0.787641704082489,0.5768792033195496,0.7747570872306824,0.8402936458587646,0.029343416914343834,-0.7135361433029175,-0.6003920435905457,0.7122882008552551
0.9361017346382141,-0.9254039525985718,-0.8052576780319214,0.9504737854003906,-0.8858159780502319,-0.8603563904762268,-0.9444697499275208,-0.7348437309265137,1.0,-0.893669843673706,-0.8509963154792786,-0.9214112758636475,0.9443013072013855,-0.3037707507610321,-0.8932784199714661,0.738730251789093,-0.4070848226547241,0.9858863353729248,-0.25440576672554016,-0.6686627268791199,-0.9655156135559082,-0.701063334941864,-0.928506076335907,-0.9330949783325195,-0.8644278645515442,-0.8452386856079102,0.96502685546875,-0.9514894485473633,-0.8842244744300842,-0.8575494289398193,-0.8211370706558228,-0.8499445915222168,0.9286038279533386,-0.8323333263397217,-0.6603285074234009,-0.7658918499946594,-0.2709878385066986,-0.6825662851333618,-0.3760828375816345,-0.7269335389137268,-0.2622750699520111,-0.5302091240882874,-0.9029796123504639,-0.43729615211486816,-0.22211848199367523,-0.44869711995124817,-0.8042608499526978,-0.9247735738754272,0.8565623760223389,0.9666925072669983,-0.5100855231285095,-0.3448576033115387,-0.8306092023849487,-0.926427960395813,-0.34577804803848267,0.8693922162055969,-0.33003804087638855,0.9595963358879089,-0.7322046160697937,-0.8780341148376465,0.9656035304069519,-0.7912580370903015,0.9707255959510803,0.9670888781547546,-0.8132398128509521,-0.8827388286590576,-0.2849328815937042,-0.9222230911254883,-0.8898928761482239,-0.7992270588874817,-0.726489245891571,-0.9150681495666504,0.7462607026100159,-0.7737441658973694,-0.8877933025360107,-0.4280203580856323,-0.6539583802223206,0.8384753465652466,-0.2777611017227173,-0.8735050559043884,-0.21213586628437042,-0.4260329604148865,-0.32351604104042053,0.8599845767021179,-0.907514750957489,-0.9040654301643372,-0.9661259651184082,-0.8216304183006287,-0.8395490050315857,-0.5890790224075317,-0.332626074552536,-0.7185377478599548,-0.8555364012718201,-0.7316874265670776,-0.8991491198539734,-0.8167088031768799,-0.23254111409187317,0.8019080758094788,0.8261436820030212,-0.8199857473373413
-0.8860949277877808,0.9303017854690552,0.8456591367721558,-0.9314813613891602,0.8711711168289185,0.8481054306030273,0.894419252872467,0.7533009648323059,-0.893669843673706,1.0,0.8622469902038574,0.9263320565223694,-0.9229293465614319,0.2037714421749115,0.8561659455299377,-0.7398015260696411,0.5861301422119141,-0.8927667140960693,0.22560904920101166,0.7081335186958313,0.9406262636184692,0.678831160068512,0.9034778475761414,0.9001025557518005,0.8992764949798584,0.899323582649231,-0.9208162426948547,0.9224687218666077,0.9097432494163513,0.8397521376609802,0.8416811227798462,0.8413525819778442,-0.9090681076049805,0.8847190141677856,0.7115963697433472,0.8245870471000671,0.26643869280815125,0.801198422908783,0.31490209698677063,0.6843183040618896,0.026062147691845894,0.37800243496894836,0.9116571545600891,0.39197397232055664,0.14860990643501282,0.3553585410118103,0.7778882384300232,0.9339455366134644,-0.8582825064659119,-0.8784337639808655,0.40500909090042114,0.2545645236968994,0.7843873500823975,0.915234386920929,0.39148929715156555,-0.8538239598274231,0.3288418650627136,-0.8940192461013794,0.6779199838638306,0.9126009345054626,-0.9060969948768616,0.7634323239326477,-0.9116952419281006,-0.9047163128852844,0.8547831773757935,0.9577030539512634,0.4226763844490051,0.9294214248657227,0.9199293255805969,0.8576022386550903,0.8616575002670288,0.9382262229919434,-0.723560631275177,0.7973247766494751,0.915636420249939,0.23325347900390625,0.5915804505348206,-0.8490354418754578,0.4272192120552063,0.9031639695167542,0.13919121026992798,0.2688547968864441,0.2615760266780853,-0.9039930105209351,0.9033403396606445,0.9113138914108276,0.9438729286193848,0.9141220450401306,0.8426731824874878,0.4643755555152893,0.25292280316352844,0.7129255533218384,0.902001142501831,0.77921462059021,0.8184418082237244,0.8434323072433472,0.20264025032520294,-0.7740567326545715,-0.7988429069519043,0.7752177119255066
-0.8013219237327576,0.9185865521430969,0.7649780511856079,-0.8670032620429993,0.8367683291435242,0.8386825919151306,0.8839234709739685,0.6735652685165405,-0.8509963154792786,0.8622469902038574,1.0,0.8286982178688049,-0.8550583720207214,0.09946611523628235,0.7986186146736145,-0.7000101208686829,0.38681864738464355,-0.8717321157455444,0.1451541930437088,0.4707740545272827,0.8363559246063232,0.4879443943500519,0.9190949201583862,0.8808831572532654,0.8217214941978455,0.89399653673172,-0.8919991254806519,0.904755175113678,0.7630143761634827,0.7976097464561462,0.6588728427886963,0.7601650953292847,-0.8580915927886963,0.8149769306182861,0.5820083618164062,0.8156276941299438,0.3519521951675415,0.6469878554344177,0.29740050435066223,0.65749192237854,0.21255874633789062,0.6330320835113525,0.8601414561271667,0.4272581934928894,0.02307395450770855,0.4174330532550812,0.6706380248069763,0.9234585762023926,-0.8218324780464172,-0.8055314421653748,0.3865320384502411,0.19970443844795227,0.7090498208999634,0.8773111701011658,0.21169251203536987,-0.8325932621955872,0.33328354358673096,-0.8493707776069641,0.6015938520431519,0.7305800914764404,-0.8283446431159973,0.8735561370849609,-0.8936744332313538,-0.8999000191688538,0.8336485624313354,0.8781017065048218,0.4465973973274231,0.8801140189170837,0.8607048988342285,0.7676244378089905,0.6654604077339172,0.8556787371635437,-0.6033636331558228,0.7790976166725159,0.8747203946113586,0.2997022271156311,0.5315127968788147,-0.7496626377105713,0.38692113757133484,0.8725599050521851,0.21574997901916504,0.3803078532218933,0.16743189096450806,-0.7723814845085144,0.8541693091392517,0.8246544599533081,0.8786170482635498,0.7938846945762634,0.8769710659980774,0.5306654572486877,0.1383332908153534,0.6414400935173035,0.8005936145782471,0.5397682189941406,0.7789034843444824,0.8031520247459412,0.3256647288799286,-0.8017066121101379,-0.6796268820762634,0.6530728340148926
-0.9039770364761353,0.8916361331939697,0.8105697631835938,-0.9613806009292603,0.8629270195960999,0.8310456275939941,0.9080651998519897,0.7076585292816162,-0.9214112758636475,0.9263320565223694,0.8286982178688049,1.0,-0.9363137483596802,0.25204676389694214,0.9030699133872986,-0.7535128593444824,0.5531383156776428,-0.9087069630622864,0.27955058217048645,0.7120450735092163,0.9556218385696411,0.6695240139961243,0.8957350850105286,0.896726667881012,0.9172543883323669,0.848197340965271,-0.9394148588180542,0.933557391166687,0.8774344325065613,0.8617963194847107,0.8469807505607605,0.8535850644111633,-0.9188898205757141,0.8032651543617249,0.6931127905845642,0.7842506170272827,0.31203559041023254,0.7456070780754089,0.39761266112327576,0.8105597496032715,0.248125359416008,0.4601629674434662,0.9007334113121033,0.35259726643562317,0.2122124284505844,0.3807976245880127,0.7980599999427795,0.9202607274055481,-0.8669989705085754,-0.8968482613563538,0.4506496489048004,0.3463127911090851,0.829255998134613,0.8865051865577698,0.40019550919532776,-0.8403374552726746,0.25012439489364624,-0.9360989332199097,0.7462413311004639,0.8890539407730103,-0.94112229347229,0.7469220757484436,-0.9253783822059631,-0.912939727306366,0.8531697392463684,0.949739396572113,0.40167784690856934,0.9532320499420166,0.8962970972061157,0.8262888789176941,0.8374310731887817,0.918653666973114,-0.7284775972366333,0.7078651189804077,0.8728733658790588,0.3782294690608978,0.5826217532157898,-0.8446947932243347,0.283281147480011,0.8605101108551025,0.09140041470527649,0.39382681250572205,0.1607069969177246,-0.9313831925392151,0.9329476356506348,0.9312962889671326,0.9246103167533875,0.8726982474327087,0.785645604133606,0.3941749334335327,0.18235579133033752,0.7468190789222717,0.8731968998908997,0.7341130971908569,0.8852042555809021,0.8089318871498108,0.2271372228860855,-0.6883706450462341,-0.8500054478645325,0.7937211394309998
0.9374811053276062,-0.9202970266342163,-0.7796505689620972,0.9705455303192139,-0.8879797458648682,-0.8880537152290344,-0.9176241755485535,-0.7503737807273865,0.9443013072013855,-0.9229293465614319,-0.8550583720207214,-0.9363137483596802,1.0,-0.2407865673303604,-0.914073646068573,0.7501814961433411,-0.49704840779304504,0.9472576379776001,-0.2152668982744217,-0.6711161732673645,-0.9428937435150146,-0.6876688003540039,-0.9094119071960449,-0.9320091605186462,-0.8623601794242859,-0.8782798051834106,0.974208414554596,-0.9308362603187561,-0.8877277374267578,-0.9011485576629639,-0.8402509689331055,-0.8345996737480164,0.9403975009918213,-0.8463619947433472,-0.695024847984314,-0.7954244017601013,-0.28013595938682556,-0.8033315539360046,-0.29259681701660156,-0.7464658617973328,-0.2749290466308594,-0.44090452790260315,-0.9158046841621399,-0.39711999893188477,-0.19609785079956055,-0.3950374126434326,-0.7994384765625,-0.9235838651657104,0.921566367149353,0.944929301738739,-0.5189658403396606,-0.3863896131515503,-0.8516166806221008,-0.8940303325653076,-0.35523417592048645,0.8559181094169617,-0.4549124538898468,0.9328951835632324,-0.7112111449241638,-0.8725522756576538,0.9770147204399109,-0.8042308688163757,0.9495375752449036,0.9451190829277039,-0.8297454714775085,-0.9343996644020081,-0.34281793236732483,-0.9139564633369446,-0.9027789831161499,-0.7995070815086365,-0.8195233941078186,-0.9355824589729309,0.7200531959533691,-0.7793390154838562,-0.900705873966217,-0.3454357981681824,-0.6558949947357178,0.856634259223938,-0.4221979081630707,-0.9273839592933655,-0.23620961606502533,-0.41418102383613586,-0.23136350512504578,0.9190513491630554,-0.9249487519264221,-0.8963762521743774,-0.9574589729309082,-0.8553120493888855,-0.8535051345825195,-0.42902466654777527,-0.35758262872695923,-0.8014618754386902,-0.9083420634269714,-0.6918070316314697,-0.8993102312088013,-0.7988410592079163,-0.2829098701477051,0.7568910717964172,0.8989804983139038,-0.9153950214385986
-0.21148808300495148,0.1358802765607834,0.16406890749931335,-0.25759389996528625,0.07910498976707458,0.2657475769519806,0.3094674050807953,0.1207318976521492,-0.3037707507610321,0.2037714421749115,0.09946611523628235,0.25204676389694214,-0.2407865673303604,1.0,0.459778755903244,-0.2570672631263733,0.09572933614253998,-0.3035079836845398,0.007513310760259628,0.2120160609483719,0.2597030997276306,0.04704451188445091,0.27070119976997375,0.2173655480146408,0.19656874239444733,0.29643625020980835,-0.21394939720630646,0.21895964443683624,0.16659651696681976,0.09560715407133102,0.18182899057865143,0.22248007357120514,-0.29860740900039673,0.16046489775180817,0.21522538363933563,0.19175560772418976,0.04232417047023773,0.2476760894060135,0.09006989002227783,0.2601850926876068,0.09448752552270889,0.07156657427549362,0.09709202498197556,0.09081803262233734,0.047099821269512177,-0.029206058010458946,0.398450642824173,0.1854086071252823,-0.23297473788261414,-0.3138066232204437,-0.033218398690223694,0.07814515382051468,0.2534904479980469,0.1965729296207428,0.07983076572418213,-0.1755937933921814,0.15196669101715088,-0.2699655592441559,0.3218773901462555,0.1948092132806778,-0.2490634173154831,0.2476501613855362,-0.28520289063453674,-0.2748449146747589,0.12041398137807846,0.21735650300979614,0.0829099789261818,0.3383052349090576,0.21493659913539886,0.14989246428012848,0.20423917472362518,0.2607308626174927,-0.24231214821338654,0.1910117119550705,0.1880871206521988,0.15466052293777466,0.28982946276664734,-0.2818727195262909,0.022080643102526665,0.1791294366121292,0.05733722075819969,0.07979997992515564,0.05315795913338661,-0.20212556421756744,0.27229833602905273,0.23079624772071838,0.2755117416381836,0.2678973376750946,0.07719185203313828,0.2671186625957489,0.055169183760881424,0.1768106073141098,0.3031420111656189,0.22504490613937378,0.2267231047153473,0.013556286692619324,0.06287570297718048,-0.23109287023544312,-0.28969284892082214,0.2019408941268921
-0.8948949575424194,0.8825308680534363,0.7329155802726746,-0.8808978796005249,0.8233574032783508,0.9046033024787903,0.907413125038147,0.7486292123794556,-0.8932784199714661,0.8561659455299377,0.7986186146736145,0.9030699133872986,-0.914073646068573,0.459778755903244,1.0,-0.6930837035179138,0.5023987889289856,-0.8945003151893616,0.2026110589504242,0.6068928241729736,0.8860320448875427,0.6203579306602478,0.8964218497276306,0.9193674325942993,0.8492259383201599,0.8672160506248474,-0.9173054099082947,0.8854159712791443,0.7668229937553406,0.8370005488395691,0.8676654696464539,0.8250145316123962,-0.8853955268859863,0.7897875308990479,0.7413337230682373,0.7776986360549927,0.20540545880794525,0.7330586910247803,0.4046945869922638,0.7683073282241821,0.2566441595554352,0.44797611236572266,0.8377729654312134,0.39196887612342834,0.1134125217795372,0.2571095824241638,0.7844778895378113,0.8837311863899231,-0.8919200897216797,-0.8563108444213867,0.5240848660469055,0.36803746223449707,0.8328590989112854,0.8542375564575195,0.24600033462047577,-0.8177869915962219,0.4343942105770111,-0.8844617009162903,0.7313690781593323,0.8410870432853699,-0.914657473564148,0.7654529213905334,-0.9112704396247864,-0.9050999879837036,0.7960344552993774,0.9005171060562134,0.2878734767436981,0.8778482675552368,0.861609935760498,0.8010813593864441,0.7415095567703247,0.9225377440452576,-0.7128276228904724,0.736018180847168,0.8770917654037476,0.4836879074573517,0.5384021401405334,-0.8343968391418457,0.38593268394470215,0.8707402348518372,0.19393117725849152,0.38959801197052,0.14740467071533203,-0.8851678967475891,0.8959117531776428,0.7998140454292297,0.9057559967041016,0.7681698203086853,0.8020592927932739,0.454938679933548,0.15151502192020416,0.8038578033447266,0.903580904006958,0.6991288661956787,0.8800712823867798,0.7371836304664612,0.225693017244339,-0.758969247341156,-0.8695732951164246,0.8182734251022339
0.7234421372413635,-0.708076536655426,-0.6132412552833557,0.7654502391815186,-0.76375412940979,-0.7453460693359375,-0.7214101552963257,-0.7057287693023682,0.738730251789093,-0.7398015260696411,-0.7000101208686829,-0.7535128593444824,0.7501814961433411,-0.2570672631263733,-0.6930837035179138,1.0,-0.34208226203918457,0.7466503381729126,-0.15057793259620667,-0.4841102957725525,-0.6999078989028931,-0.4375343918800354,-0.7353256344795227,-0.6841821074485779,-0.7045591473579407,-0.7699335217475891,0.7522201538085938,-0.7602514028549194,-0.7039165496826172,-0.6257978677749634,-0.5819320678710938,-0.7117258906364441,0.7270931601524353,-0.6914425492286682,-0.5220229029655457,-0.6284385323524475,-0.2681605815887451,-0.5557951927185059,-0.2781442701816559,-0.5941982865333557,-0.18843640387058258,-0.5886802077293396,-0.7742631435394287,-0.3203306794166565,-0.17624306678771973,-0.2394954264163971,-0.6479884386062622,-0.8057558536529541,0.7084804177284241,0.7422499656677246,-0.40643060207366943,-0.2665559947490692,-0.7292841076850891,-0.7845394611358643,-0.3033127188682556,0.6214298605918884,-0.28075045347213745,0.7393398880958557,-0.6711183786392212,-0.7199341654777527,0.7066555619239807,-0.6559693813323975,0.7752243876457214,0.7478626370429993,-0.7972432971000671,-0.7737638354301453,-0.20725388824939728,-0.7699723243713379,-0.8538883924484253,-0.7601588368415833,-0.6543359756469727,-0.6836811304092407,0.7268369793891907,-0.7083882093429565,-0.745269775390625,-0.2406281679868698,-0.49251556396484375,0.7486542463302612,-0.37283632159233093,-0.7846810221672058,-0.16529636085033417,-0.5334660410881042,-0.20214341580867767,0.7182674407958984,-0.6767603754997253,-0.79381263256073,-0.799519419670105,-0.7612648010253906,-0.7621630430221558,-0.2765844166278839,-0.22333236038684845,-0.5456812381744385,-0.7306230068206787,-0.6247304081916809,-0.7375474572181702,-0.7074445486068726,-0.23808173835277557,0.5811783075332642,0.6517236828804016,-0.6118587255477905
-0.5056850910186768,0.5168067812919617,0.2722403109073639,-0.525568425655365,0.5112693309783936,0.4163421392440796,0.3088819980621338,0.41897299885749817,-0.4070848226547241,0.5861301422119141,0.38681864738464355,0.5531383156776428,-0.49704840779304504,0.09572933614253998,0.5023987889289856,-0.34208226203918457,1.0,-0.40953168272972107,0.028182469308376312,0.6786374449729919,0.5115175247192383,0.31723734736442566,0.5201693773269653,0.5696980357170105,0.47377339005470276,0.4374725818634033,-0.4756079614162445,0.40231090784072876,0.5088968276977539,0.504445493221283,0.447625070810318,0.5104484558105469,-0.4947833716869354,0.3071565330028534,0.6446897983551025,0.3220820128917694,-0.052926477044820786,0.5749853849411011,0.13486909866333008,0.43350255489349365,0.20794343948364258,0.0895841047167778,0.526290237903595,0.26734331250190735,0.12671062350273132,0.04674113914370537,0.32088369131088257,0.4953680634498596,-0.5363175272941589,-0.4602149426937103,0.20194044709205627,-0.07883225381374359,0.42547672986984253,0.488273948431015,0.5455886125564575,-0.35960114002227783,-0.10032472014427185,-0.4248339831829071,0.008391916751861572,0.570305585861206,-0.5331491827964783,0.4785154461860657,-0.4426354169845581,-0.4307376742362976,0.4272572994232178,0.6247193813323975,0.3177984654903412,0.5098191499710083,0.49130383133888245,0.543298065662384,0.550794243812561,0.6200159192085266,-0.5126734375953674,0.2642586827278137,0.4400795102119446,0.18880991637706757,0.19370463490486145,-0.43942707777023315,0.3284190893173218,0.5209930539131165,0.08677489310503006,-0.11311396211385727,0.17927561700344086,-0.6094735860824585,0.49065423011779785,0.4783783257007599,0.43842777609825134,0.6921562552452087,0.33506178855895996,-0.06362494081258774,-0.07995476573705673,0.5245464444160461,0.6474180221557617,0.43878868222236633,0.4300321042537689,0.44143664836883545,0.20275579392910004,-0.44441112875938416,-0.4702132046222687,0.49843287467956543
0.9293930530548096,-0.9178986549377441,-0.8062294125556946,0.9462756514549255,-0.8834173083305359,-0.8653316497802734,-0.9548808336257935,-0.7205976843833923,0.9858863353729248,-0.8927667140960693,-0.8717321157455444,-0.9087069630622864,0.9472576379776001,-0.3035079836845398,-0.8945003151893616,0.7466503381729126,-0.40953168272972107,1.0,-0.2616187632083893,-0.6460393667221069,-0.943280816078186,-0.6288019418716431,-0.9419607520103455,-0.9276174902915955,-0.8325334787368774,-0.8613789081573486,0.9641708731651306,-0.9526979923248291,-0.8755402565002441,-0.869417667388916,-0.815015971660614,-0.8527169823646545,0.9204803705215454,-0.8495619893074036,-0.648962140083313,-0.7791105508804321,-0.2450902909040451,-0.6887738704681396,-0.39654234051704407,-0.7445535063743591,-0.2709850072860718,-0.5600060820579529,-0.9083579778671265,-0.47360920906066895,-0.2206956148147583,-0.4665110111236572,-0.8249090909957886,-0.9151914119720459,0.8752073645591736,0.9627171754837036,-0.5299946069717407,-0.3563099503517151,-0.8162724375724792,-0.9273058176040649,-0.38490456342697144,0.8666818141937256,-0.40394333004951477,0.9660985469818115,-0.7236445546150208,-0.8646490573883057,0.9614156484603882,-0.8109885454177856,0.9785111546516418,0.97877436876297,-0.8449410796165466,-0.8833637237548828,-0.308595210313797,-0.9319877624511719,-0.9052606821060181,-0.7837107181549072,-0.7312542796134949,-0.9149887561798096,0.7596489191055298,-0.8020557165145874,-0.8810850381851196,-0.35231226682662964,-0.6639478802680969,0.8710259199142456,-0.3089703917503357,-0.8678265810012817,-0.2405932992696762,-0.4017305374145508,-0.24633614718914032,0.8363606929779053,-0.9099636673927307,-0.9087446928024292,-0.971264660358429,-0.8196011185646057,-0.8721487522125244,-0.6074421405792236,-0.33404481410980225,-0.7219627499580383,-0.8482044339179993,-0.7350613474845886,-0.8877692818641663,-0.8187583684921265,-0.29458433389663696,0.8371460437774658,0.8395513296127319,-0.8104111552238464
-0.2831088602542877,0.17365530133247375,0.2285802662372589,-0.22528226673603058,0.14852860569953918,0.31107082962989807,0.31746894121170044,0.12729527056217194,-0.25440576672554016,0.22560904920101166,0.1451541930437088,0.27955058217048645,-0.2152668982744217,0.007513310760259628,0.2026110589504242,-0.15057793259620667,0.028182469308376312,-0.2616187632083893,1.0,0.2770006060600281,0.21053314208984375,0.09358532726764679,0.11701700836420059,0.16577939689159393,0.09866747260093689,0.06586507707834244,-0.2524908483028412,0.23659920692443848,0.3643701374530792,0.29300588369369507,0.4410960078239441,0.2196459174156189,-0.2790277302265167,0.20236685872077942,-0.06618126481771469,0.06210782378911972,0.07958877831697464,0.02844228595495224,0.1055784523487091,0.16281253099441528,0.010141242295503616,0.21294352412223816,0.20216473937034607,0.19476796686649323,0.03794872388243675,-0.023829082027077675,0.213974729180336,0.18239186704158783,-0.29538264870643616,-0.29269421100616455,-0.10586025565862656,0.10554882138967514,0.20930925011634827,0.15921169519424438,0.15660472214221954,-0.22395527362823486,0.024900905787944794,-0.205303356051445,0.24086062610149384,0.10543838143348694,-0.23487411439418793,0.09503774344921112,-0.2071937769651413,-0.289373517036438,0.15647892653942108,0.1866510957479477,0.10239086300134659,0.2408810704946518,0.16106536984443665,0.09779861569404602,0.35017868876457214,0.08946911990642548,-0.2092486023902893,0.14112621545791626,0.28046709299087524,0.11342005431652069,0.11596386879682541,-0.36854684352874756,0.04369093105196953,0.16270874440670013,0.07939323782920837,0.20966726541519165,0.06275936216115952,-0.14829404652118683,0.13235794007778168,0.22268155217170715,0.21491007506847382,0.10360921919345856,0.23574385046958923,0.03890987113118172,0.02633153833448887,0.17904743552207947,0.2113197147846222,0.4230700135231018,0.2255346179008484,0.12918052077293396,0.07792085409164429,-0.15023529529571533,-0.2064667046070099,0.11656656861305237
-0.6726948022842407,0.6434032320976257,0.45277470350265503,-0.6885530352592468,0.5336422324180603,0.5242193937301636,0.5115063786506653,0.5943349599838257,-0.6686627268791199,0.7081335186958313,0.4707740545272827,0.7120450735092163,-0.6711161732673645,0.2120160609483719,0.6068928241729736,-0.4841102957725525,0.6786374449729919,-0.6460393667221069,0.2770006060600281,1.0,0.7404299974441528,0.6477275490760803,0.6186729669570923,0.7027193307876587,0.6622058749198914,0.5116416811943054,-0.6547677516937256,0.5891757607460022,0.7951705455780029,0.6216636300086975,0.6137113571166992,0.5921732783317566,-0.5926375389099121,0.45640337467193604,0.4156782627105713,0.3598923683166504,0.021889066323637962,0.588194727897644,0.27680718898773193,0.654843807220459,0.20149627327919006,0.14905138313770294,0.6147160530090332,0.11311540752649307,0.08839061856269836,0.3203488886356354,0.6899596452713013,0.5647850632667542,-0.6063039898872375,-0.6860430240631104,0.20108209550380707,-0.16807886958122253,0.4022178649902344,0.5891388654708862,0.4336215853691101,-0.5282146334648132,0.044992927461862564,-0.6324662566184998,0.37101033329963684,0.7496123909950256,-0.6826304197311401,0.41783958673477173,-0.5998267531394958,-0.5680307745933533,0.4352693557739258,0.6934100389480591,0.2896142899990082,0.6695363521575928,0.6555050015449524,0.7284729480743408,0.7147198915481567,0.6537802815437317,-0.6340563893318176,0.3890659213066101,0.5718567371368408,0.3003612160682678,0.2652202546596527,-0.6362662315368652,0.13322928547859192,0.5881234407424927,0.20277030766010284,0.010099324397742748,0.182219997048378,-0.6970430612564087,0.6252869367599487,0.6992211937904358,0.6603955626487732,0.7689789533615112,0.4317835867404938,0.2685384750366211,0.3960195779800415,0.5794512629508972,0.7206096649169922,0.5779598355293274,0.6345555782318115,0.5705166459083557,0.0947704166173935,-0.40742966532707214,-0.5497050285339355,0.6336284875869751
