1.0,-0.2316983938217163,-0.26626285910606384,0.6235514283180237,-0.3029100298881531,-0.24703964591026306,-0.2481265515089035,-0.2158435732126236,0.5869136452674866,-0.3040752112865448,-0.31444719433784485,-0.3221367299556732,0.5706307291984558,-0.24367955327033997,-0.32354748249053955,0.5582943558692932,-0.22896161675453186,0.6175111532211304,-0.19053037464618683,-0.23641081154346466,-0.28754183650016785,-0.2994767129421234,-0.31419453024864197,-0.3582082688808441,-0.21444584429264069,-0.2376343458890915,0.6238530874252319,-0.21889865398406982,-0.3339281976222992,-0.2574114501476288,-0.18839111924171448,-0.20371147990226746,0.6321110725402832,-0.2869068384170532,-0.2808246910572052,-0.3332093358039856,-0.25816789269447327,-0.22853899002075195,-0.22685690224170685,-0.268284410238266,-0.2553596794605255,-0.2550854980945587,-0.23239947855472565,-0.23139236867427826,-0.1802102029323578,-0.2543448209762573,-0.2665245831012726,-0.28660500049591064,0.5933063626289368,0.6326508522033691,-0.2375556230545044,-0.33130261301994324,-0.31230682134628296,-0.3189687430858612,-0.21211828291416168,0.5764491558074951,-0.24466639757156372,0.5976049304008484,-0.24727405607700348,-0.31313279271125793,0.5604954361915588,-0.31263965368270874,0.5684216022491455,0.5710559487342834,-0.2683665454387665,-0.31302863359451294,-0.2277437150478363,-0.2793411314487457,-0.32921430468559265,-0.23991677165031433,-0.234019473195076,-0.3157355487346649,0.6063790917396545,-0.2499902844429016,-0.36401528120040894,-0.33742859959602356,-0.2579774558544159,0.6038471460342407,-0.24299374222755432,-0.2948042154312134,-0.20532208681106567,-0.1455620676279068,-0.20342418551445007,0.6250855326652527,-0.2573973834514618,-0.24822570383548737,-0.35188013315200806,-0.24139104783535004,-0.3266052305698395,-0.22662986814975739,-0.2372036874294281,-0.27859506011009216,-0.3248477578163147,-0.2679241895675659,-0.21498988568782806,-0.3439193367958069,-0.22165626287460327,0.593367338180542,0.568946361541748,-0.3144228756427765
-0.2316983938217163,1.0,0.13460813462734222,-0.2535599172115326,0.12664860486984253,0.08729883283376694,0.08633774518966675,0.05960012972354889,-0.22971414029598236,0.1159326508641243,0.112519770860672,0.10397361218929291,-0.2269573211669922,0.06937313824892044,0.10835647583007812,-0.2395557463169098,0.05950411409139633,-0.25203678011894226,0.00708323298022151,0.0948738232254982,0.10287749022245407,0.08492258936166763,0.10162784159183502,0.1141219288110733,0.0694604367017746,0.10396700352430344,-0.25030872225761414,0.07691678404808044,0.11248429864645004,0.10970055311918259,0.04066351801156998,0.05941265448927879,-0.2505255937576294,0.08960745483636856,0.08339781314134598,0.09203124046325684,0.09797127544879913,0.07853952050209045,0.054986100643873215,0.11072751134634018,0.09041769802570343,0.08880792558193207,0.058082811534404755,0.09072853624820709,0.0626252144575119,0.1107175275683403,0.08715460449457169,0.1194438561797142,-0.22787180542945862,-0.23888270556926727,0.09140357375144958,0.12138588726520538,0.11151886731386185,0.12770016491413116,0.07029209285974503,-0.23339077830314636,0.06208217889070511,-0.23799525201320648,0.09104365110397339,0.10638119280338287,-0.22591450810432434,0.09870336204767227,-0.23324482142925262,-0.2240646779537201,0.09659473598003387,0.0708857998251915,0.07417260855436325,0.09566335380077362,0.10724405199289322,0.09033914655447006,0.08509688824415207,0.0918557271361351,-0.23347465693950653,0.076530322432518,0.13422659039497375,0.09402871876955032,0.0682775154709816,-0.22094009816646576,0.09700023382902145,0.11620290577411652,0.05675807595252991,0.048772357404232025,0.05246278643608093,-0.2541714012622833,0.07754364609718323,0.0608195923268795,0.12957704067230225,0.08320730179548264,0.09902606904506683,0.06419004499912262,0.08437252044677734,0.10004319250583649,0.11657676100730896,0.1049174964427948,0.09253855794668198,0.1438237577676773,0.056234441697597504,-0.24589379131793976,-0.205540269613266,0.1231665089726448
-0.26626285910606384,0.13460813462734222,1.0,-0.2389637976884842,0.13625827431678772,0.09660475701093674,0.09722799807786942,0.08287492394447327,-0.2665473222732544,0.13017374277114868,0.14152492582798004,0.11263924092054367,-0.2588801980018616,0.1066364049911499,0.1283877193927765,-0.25518515706062317,0.0818428099155426,-0.2662865221500397,0.06347952783107758,0.08412323892116547,0.11714168637990952,0.10231832414865494,0.1020919680595398,0.11645115911960602,0.06530353426933289,0.09434905648231506,-0.27845627069473267,0.08977464586496353,0.11562812328338623,0.1212141364812851,0.1155172660946846,0.06486193090677261,-0.27602285146713257,0.11687964200973511,0.08613761514425278,0.11925505846738815,0.10738866031169891,0.09475263953208923,0.0976664125919342,0.10542738437652588,0.0899575725197792,0.09518568217754364,0.07116665691137314,0.0981929749250412,0.07270210981369019,0.09786447137594223,0.11050530523061752,0.07832880318164825,-0.2695106565952301,-0.2790443003177643,0.09473510086536407,0.12859341502189636,0.1300666779279709,0.12018774449825287,0.07974521815776825,-0.2560727596282959,0.08398035168647766,-0.24358242750167847,0.07623923569917679,0.12051189690828323,-0.23988361656665802,0.12967079877853394,-0.253631591796875,-0.24942298233509064,0.104936383664608,0.12225798517465591,0.0830916166305542,0.1183309331536293,0.12123726308345795,0.08303515613079071,0.08796901255846024,0.11530981212854385,-0.2513551115989685,0.05752797797322273,0.14468641579151154,0.10428543388843536,0.08210203051567078,-0.2468261867761612,0.06876291334629059,0.12076893448829651,0.0760224238038063,0.032327622175216675,0.05729278549551964,-0.27410224080085754,0.10543590039014816,0.08030752092599869,0.14214827120304108,0.0988299772143364,0.13393409550189972,0.09058821946382523,0.0852418839931488,0.12000798434019089,0.15471693873405457,0.08949891477823257,0.0816459059715271,0.12044098228216171,0.0713486522436142,-0.25756630301475525,-0.23251795768737793,0.11686856299638748
0.6235514283180237,-0.2535599172115326,-0.2389637976884842,1.0,-0.32328715920448303,-0.271894246339798,-0.2530531883239746,-0.23107515275478363,0.5969782471656799,-0.3220982551574707,-0.31543034315109253,-0.3001939654350281,0.5886861085891724,-0.2482742965221405,-0.3427315056324005,0.5939391851425171,-0.24699927866458893,0.6366181373596191,-0.1862330287694931,-0.24131831526756287,-0.30841007828712463,-0.32366275787353516,-0.31542184948921204,-0.363020658493042,-0.23959240317344666,-0.2619146406650543,0.6413044929504395,-0.22904172539710999,-0.3624647855758667,-0.25439274311065674,-0.2128642052412033,-0.2072448581457138,0.6502413153648376,-0.3149883449077606,-0.2849501073360443,-0.3270339071750641,-0.25538840889930725,-0.21439357101917267,-0.24848759174346924,-0.28525489568710327,-0.24143937230110168,-0.27420657873153687,-0.24896228313446045,-0.2302088737487793,-0.20516937971115112,-0.28876879811286926,-0.25710341334342957,-0.3017503321170807,0.6278719902038574,0.6458883285522461,-0.24138985574245453,-0.3427961468696594,-0.32484009861946106,-0.32783639430999756,-0.23103150725364685,0.602415144443512,-0.2524355351924896,0.6368635892868042,-0.26415279507637024,-0.30360832810401917,0.5744672417640686,-0.335381418466568,0.598889172077179,0.6212767958641052,-0.27365538477897644,-0.3262387216091156,-0.251695454120636,-0.2829492688179016,-0.3259701728820801,-0.23567669093608856,-0.25910723209381104,-0.3153926134109497,0.6429460048675537,-0.23862634599208832,-0.36220523715019226,-0.3164149224758148,-0.28238922357559204,0.6470735669136047,-0.24553772807121277,-0.3307420611381531,-0.21561212837696075,-0.17147167026996613,-0.21433299779891968,0.629920482635498,-0.27900826930999756,-0.24072039127349854,-0.3561696708202362,-0.25135472416877747,-0.339346706867218,-0.2503429651260376,-0.2295035421848297,-0.3019443452358246,-0.34288254380226135,-0.2688063085079193,-0.2398320585489273,-0.3547479212284088,-0.23369954526424408,0.6219261288642883,0.5936899185180664,-0.32783257961273193
-0.3029100298881531,0.12664860486984253,0.13625827431678772,-0.32328715920448303,1.0,0.1481366902589798,0.13375790417194366,0.10726635903120041,-0.3287097215652466,0.1465376913547516,0.15425941348075867,0.15670818090438843,-0.30096185207366943,0.1339070200920105,0.1856582760810852,-0.33282992243766785,0.1467546969652176,-0.33378466963768005,0.09164351224899292,0.1277765929698944,0.12920589745044708,0.17088685929775238,0.15832778811454773,0.1692437380552292,0.09926262497901917,0.1316860169172287,-0.34472355246543884,0.0923665389418602,0.17579618096351624,0.13657289743423462,0.10368078947067261,0.07083940505981445,-0.3244897127151489,0.14125259220600128,0.1369907408952713,0.1657974272966385,0.14382629096508026,0.07463245838880539,0.10408705472946167,0.1468086689710617,0.11520794034004211,0.13418154418468475,0.1276906430721283,0.09028725326061249,0.06666906177997589,0.1346139907836914,0.10707765072584152,0.15172861516475677,-0.3159921169281006,-0.33395686745643616,0.09285517781972885,0.15794683992862701,0.17807099223136902,0.16615046560764313,0.09149940311908722,-0.29543745517730713,0.09408614784479141,-0.306316077709198,0.12370719760656357,0.14730891585350037,-0.3024737238883972,0.15279044210910797,-0.29831463098526,-0.3029612600803375,0.13958106935024261,0.16174569725990295,0.09573511779308319,0.12917928397655487,0.17144732177257538,0.10138360410928726,0.12033389508724213,0.15768779814243317,-0.34538620710372925,0.12924106419086456,0.16386602818965912,0.16275067627429962,0.12196661531925201,-0.3357395827770233,0.1141548678278923,0.17109644412994385,0.08923979848623276,0.07043801248073578,0.08388867229223251,-0.31910985708236694,0.1182999238371849,0.12914448976516724,0.18838229775428772,0.10211829841136932,0.16415859758853912,0.08559516817331314,0.08161131292581558,0.13355597853660583,0.17306283116340637,0.12734855711460114,0.1036849319934845,0.1757742166519165,0.08728469163179398,-0.3162620961666107,-0.30559593439102173,0.15773145854473114
-0.24703964591026306,0.08729883283376694,0.09660475701093674,-0.271894246339798,0.1481366902589798,1.0,0.1035793274641037,0.08264046907424927,-0.26611629128456116,0.14799067378044128,0.14045970141887665,0.0961415022611618,-0.2710500955581665,0.1094304695725441,0.13758476078510284,-0.25443872809410095,0.08597947657108307,-0.2610032260417938,0.06933335214853287,0.09210269898176193,0.10857918858528137,0.1122802346944809,0.1453729271888733,0.16632479429244995,0.08526232838630676,0.09331472963094711,-0.2753368616104126,0.08326023817062378,0.12783965468406677,0.09716974198818207,0.07910387217998505,0.058319881558418274,-0.2602473199367523,0.13710439205169678,0.09387067705392838,0.13397766649723053,0.10207638144493103,0.07090967148542404,0.07595984637737274,0.10057427734136581,0.09324446320533752,0.10907492786645889,0.09502275288105011,0.05774238705635071,0.062070928514003754,0.070092111825943,0.07655005902051926,0.11524850875139236,-0.2583419680595398,-0.26690760254859924,0.09633539617061615,0.12765784561634064,0.11968652904033661,0.13065379858016968,0.06739027798175812,-0.2486429661512375,0.0905257984995842,-0.24144591391086578,0.09564606100320816,0.10581344366073608,-0.2624998390674591,0.1399008333683014,-0.25473907589912415,-0.26374223828315735,0.09824617207050323,0.14303898811340332,0.09669715911149979,0.1080644354224205,0.12026312947273254,0.0939430221915245,0.08854430168867111,0.13967962563037872,-0.27227622270584106,0.09560969471931458,0.1515931785106659,0.12849761545658112,0.10344398766756058,-0.2702331244945526,0.09164123982191086,0.11462857574224472,0.08718851953744888,0.049124665558338165,0.09249360859394073,-0.2657926678657532,0.09718891978263855,0.07408557832241058,0.13554275035858154,0.10943999886512756,0.15827703475952148,0.07032670080661774,0.06690581142902374,0.10147355496883392,0.1278076320886612,0.11191915720701218,0.07614503055810928,0.1316559612751007,0.06790591776371002,-0.2593388259410858,-0.24900002777576447,0.14020408689975739
-0.2481265515089035,0.08633774518966675,0.09722799807786942,-0.2530531883239746,0.13375790417194366,0.1035793274641037,1.0,0.09153687208890915,-0.24038460850715637,0.09565276652574539,0.11711151897907257,0.10205231606960297,-0.25651392340660095,0.1142110750079155,0.16030164062976837,-0.25743257999420166,0.08582302927970886,-0.2607465386390686,0.06022537499666214,0.07576588541269302,0.11125466972589493,0.11845877021551132,0.136541485786438,0.15123365819454193,0.0716780498623848,0.12105531245470047,-0.26748359203338623,0.10989619791507721,0.12181440740823746,0.1074991375207901,0.06493571400642395,0.07179952412843704,-0.25643765926361084,0.09863820672035217,0.07643942534923553,0.13044288754463196,0.09869790077209473,0.07840877026319504,0.08364249765872955,0.1192617192864418,0.08425344526767731,0.10507912188768387,0.08526336401700974,0.07494053989648819,0.056457292288541794,0.07408387213945389,0.07999782264232635,0.11517181247472763,-0.2516682744026184,-0.2700183391571045,0.07843364775180817,0.11954974383115768,0.13099199533462524,0.12608735263347626,0.0874684527516365,-0.24901245534420013,0.08083101361989975,-0.25543975830078125,0.09713379293680191,0.11932191252708435,-0.2557247281074524,0.1147056519985199,-0.2541719377040863,-0.24891602993011475,0.07924200594425201,0.12430703639984131,0.09757379442453384,0.12673062086105347,0.13330253958702087,0.09627095609903336,0.05563698336482048,0.11499468982219696,-0.24953915178775787,0.09264687448740005,0.1317935734987259,0.11646807938814163,0.08979564160108566,-0.26277703046798706,0.08383544534444809,0.12693250179290771,0.06283120810985565,0.04056680202484131,0.07980943471193314,-0.25969237089157104,0.11774635314941406,0.08363592624664307,0.13574771583080292,0.0906732827425003,0.102900430560112,0.08559712022542953,0.07152833789587021,0.10515882819890976,0.1352393925189972,0.11105165630578995,0.08411954343318939,0.13716138899326324,0.08131560683250427,-0.25616928935050964,-0.24649935960769653,0.10392050445079803
-0.2158435732126236,0.05960012972354889,0.08287492394447327,-0.23107515275478363,0.10726635903120041,0.08264046907424927,0.09153687208890915,1.0,-0.20641976594924927,0.09505893290042877,0.07920991629362106,0.0796620100736618,-0.2103905826807022,0.07095024734735489,0.11777939647436142,-0.20101630687713623,0.05196003243327141,-0.21028198301792145,0.04674007371068001,0.05373883619904518,0.09741193801164627,0.1169794350862503,0.08859163522720337,0.1362781524658203,0.07155626267194748,0.08142172545194626,-0.23857608437538147,0.04299403354525566,0.09962321072816849,0.08477737009525299,0.039414264261722565,0.06919783353805542,-0.22127573192119598,0.10549360513687134,0.0777021050453186,0.09766683727502823,0.07239580154418945,0.05038227140903473,0.06913105398416519,0.09578829258680344,0.06808377057313919,0.08581390231847763,0.07750126719474792,0.05830051377415657,0.04340605065226555,0.08805699646472931,0.09075567126274109,0.09254300594329834,-0.21988731622695923,-0.22760863602161407,0.0609578862786293,0.10708706825971603,0.10636443644762039,0.1023881658911705,0.0665578544139862,-0.19107002019882202,0.07028859108686447,-0.21839238703250885,0.05153137445449829,0.08795002102851868,-0.20714126527309418,0.07694559544324875,-0.2049655318260193,-0.21594993770122528,0.09296195209026337,0.11030291020870209,0.0607900433242321,0.08994045853614807,0.10902094095945358,0.06631650030612946,0.060087449848651886,0.09105943888425827,-0.21703898906707764,0.07580658048391342,0.11988551914691925,0.1077953651547432,0.07965448498725891,-0.23623614013195038,0.05447158217430115,0.08536993712186813,0.06478003412485123,0.04582233726978302,0.03786566108465195,-0.21500414609909058,0.09866084158420563,0.06022075563669205,0.09679975360631943,0.052628181874752045,0.10354965180158615,0.08416619896888733,0.09506531804800034,0.08017180114984512,0.12318271398544312,0.07771103084087372,0.06729885190725327,0.10814213752746582,0.048140887171030045,-0.20471681654453278,-0.22665531933307648,0.0831216424703598
0.5869136452674866,-0.22971414029598236,-0.2665473222732544,0.5969782471656799,-0.3287097215652466,-0.26611629128456116,-0.24038460850715637,-0.20641976594924927,1.0,-0.3093569576740265,-0.30345988273620605,-0.3083944320678711,0.5834318399429321,-0.25762370228767395,-0.30971699953079224,0.5630399584770203,-0.2282579094171524,0.6076509356498718,-0.20128032565116882,-0.22861206531524658,-0.2619152367115021,-0.28094184398651123,-0.308375746011734,-0.3288165032863617,-0.22002853453159332,-0.2389906644821167,0.6279833912849426,-0.21579396724700928,-0.3437679708003998,-0.25913503766059875,-0.20596233010292053,-0.1878058761358261,0.6217483878135681,-0.2907074987888336,-0.2663135826587677,-0.3248554468154907,-0.26130416989326477,-0.2250363826751709,-0.23898492753505707,-0.264053076505661,-0.24549423158168793,-0.2522086203098297,-0.2482103556394577,-0.2416800558567047,-0.2041669338941574,-0.2601417303085327,-0.26975318789482117,-0.30515676736831665,0.6154608726501465,0.6310365796089172,-0.2285386323928833,-0.3165532052516937,-0.31283509731292725,-0.33771538734436035,-0.22464774549007416,0.5696871876716614,-0.24009594321250916,0.6286842226982117,-0.26537269353866577,-0.3027859032154083,0.5575478672981262,-0.30843228101730347,0.593578040599823,0.5993072390556335,-0.286448210477829,-0.2856859266757965,-0.2256830781698227,-0.2820587158203125,-0.33104217052459717,-0.22786250710487366,-0.24421925842761993,-0.3162655532360077,0.616956889629364,-0.252829372882843,-0.34614241123199463,-0.3103659451007843,-0.2506032884120941,0.5848724246025085,-0.24386924505233765,-0.31751692295074463,-0.21140241622924805,-0.14842931926250458,-0.2275102585554123,0.6007943153381348,-0.26896438002586365,-0.2596699595451355,-0.3669373393058777,-0.24443648755550385,-0.3441617786884308,-0.23144060373306274,-0.2479914277791977,-0.28730762004852295,-0.32671958208084106,-0.27248361706733704,-0.2221280336380005,-0.343941867351532,-0.21585045754909515,0.6000810861587524,0.5839662551879883,-0.30922168493270874
-0.3040752112865448,0.1159326508641243,0.13017374277114868,-0.3220982551574707,0.1465376913547516,0.14799067378044128,0.09565276652574539,0.09505893290042877,-0.3093569576740265,1.0,0.1629008948802948,0.14577439427375793,-0.3100065290927887,0.13140805065631866,0.1662052720785141,-0.2892289459705353,0.10857059061527252,-0.3188416361808777,0.07758890092372894,0.08584561198949814,0.14298370480537415,0.14959298074245453,0.1355500966310501,0.1763841062784195,0.09405573457479477,0.12398316711187363,-0.32401731610298157,0.10661399364471436,0.16096296906471252,0.10966429859399796,0.07759995013475418,0.07698479294776917,-0.3230102062225342,0.15271177887916565,0.12391965091228485,0.16766928136348724,0.14728215336799622,0.12669868767261505,0.10195895284414291,0.14832738041877747,0.1081201359629631,0.11474573612213135,0.10482420772314072,0.09631466120481491,0.09437980502843857,0.13653576374053955,0.11919627338647842,0.1399865746498108,-0.3095681071281433,-0.3199504017829895,0.11939085274934769,0.141604945063591,0.1538494974374771,0.15613941848278046,0.10231852531433105,-0.303175151348114,0.08298695832490921,-0.328743577003479,0.12128682434558868,0.16441792249679565,-0.2899775505065918,0.14778943359851837,-0.31220194697380066,-0.3115319609642029,0.12147314101457596,0.14502671360969543,0.10915133357048035,0.12375370413064957,0.17805279791355133,0.09861797839403152,0.09824458509683609,0.17791935801506042,-0.31888294219970703,0.1312626153230667,0.18739090859889984,0.13733667135238647,0.11412353068590164,-0.3189973831176758,0.11811807751655579,0.16992975771427155,0.0874999389052391,0.05029362067580223,0.09656422585248947,-0.33382079005241394,0.10908228904008865,0.12574921548366547,0.19123344123363495,0.11105861514806747,0.1917404681444168,0.10362552106380463,0.10175161063671112,0.12238318473100662,0.18996839225292206,0.11252746731042862,0.10972880572080612,0.17609333992004395,0.08879689872264862,-0.31202471256256104,-0.30287599563598633,0.14777478575706482
-0.31444719433784485,0.112519770860672,0.14152492582798004,-0.31543034315109253,0.15425941348075867,0.14045970141887665,0.11711151897907257,0.07920991629362106,-0.30345988273620605,0.1629008948802948,1.0,0.15402428805828094,-0.30352386832237244,0.11463341861963272,0.15179166197776794,-0.29026833176612854,0.0991467610001564,-0.32495495676994324,0.0703539252281189,0.11146453768014908,0.1443367749452591,0.1500949114561081,0.15669310092926025,0.18234753608703613,0.09400274604558945,0.11437828838825226,-0.32494834065437317,0.0874766930937767,0.18502016365528107,0.08903487026691437,0.07632491737604141,0.0828082337975502,-0.3139466345310211,0.13473275303840637,0.13565747439861298,0.16458867490291595,0.10883798450231552,0.09535866975784302,0.10610916465520859,0.12794765830039978,0.11607936769723892,0.10085304826498032,0.1008559912443161,0.102566197514534,0.08470640331506729,0.11680594086647034,0.11467622220516205,0.1479816436767578,-0.29705965518951416,-0.31784120202064514,0.08753467351198196,0.19026121497154236,0.16351068019866943,0.15640872716903687,0.09417323023080826,-0.2993335425853729,0.1049666628241539,-0.2972673177719116,0.12010741233825684,0.11425787210464478,-0.27313828468322754,0.13075456023216248,-0.3145603835582733,-0.3107118010520935,0.13155779242515564,0.135023295879364,0.1099499836564064,0.1295499950647354,0.16390563547611237,0.09862609207630157,0.12292290478944778,0.16576270759105682,-0.30150461196899414,0.13139358162879944,0.19667884707450867,0.17314335703849792,0.13247758150100708,-0.29713088274002075,0.08628486096858978,0.14998091757297516,0.10440296679735184,0.07676912844181061,0.08897504210472107,-0.3206503689289093,0.10973873734474182,0.100587859749794,0.15148508548736572,0.09504859894514084,0.15901590883731842,0.1004948616027832,0.08558667451143265,0.17226435244083405,0.18362882733345032,0.11284669488668442,0.0830949991941452,0.1575942486524582,0.1024981439113617,-0.3118312656879425,-0.2985549569129944,0.15194368362426758
-0.3221367299556732,0.10397361218929291,0.11263924092054367,-0.3001939654350281,0.15670818090438843,0.0961415022611618,0.10205231606960297,0.0796620100736618,-0.3083944320678711,0.14577439427375793,0.15402428805828094,1.0,-0.3074250817298889,0.11178527027368546,0.13348811864852905,-0.2914791703224182,0.12546314299106598,-0.3134210705757141,0.07359878718852997,0.10776441544294357,0.1261993646621704,0.12260749191045761,0.14112630486488342,0.15584677457809448,0.09373141080141068,0.12439718097448349,-0.319441020488739,0.09244056046009064,0.1550566703081131,0.11063716560602188,0.04766365513205528,0.11337971687316895,-0.31213614344596863,0.14627306163311005,0.12306585162878036,0.16260889172554016,0.12333834171295166,0.07716292887926102,0.10210205614566803,0.10108265280723572,0.1166115328669548,0.1190807968378067,0.11570408940315247,0.0907878652215004,0.09055981785058975,0.12306415289640427,0.14751937985420227,0.15135334432125092,-0.29829952120780945,-0.3285650610923767,0.09653083980083466,0.18640227615833282,0.14433500170707703,0.17547966539859772,0.09328475594520569,-0.29527750611305237,0.10938059538602829,-0.3022146224975586,0.12260042130947113,0.14558373391628265,-0.30575698614120483,0.14481623470783234,-0.2971148192882538,-0.29713568091392517,0.13773654401302338,0.12775002419948578,0.10093656182289124,0.11941544711589813,0.17868901789188385,0.08272995799779892,0.1392480880022049,0.14967870712280273,-0.3252854347229004,0.11056023836135864,0.19301694631576538,0.14197225868701935,0.11633811891078949,-0.30803433060646057,0.11655762791633606,0.1453992873430252,0.0723351538181305,0.04652831703424454,0.09179835766553879,-0.32043299078941345,0.11474059522151947,0.137086883187294,0.1753336787223816,0.0938560888171196,0.15636210143566132,0.10799799859523773,0.11512652784585953,0.14626246690750122,0.15614548325538635,0.10441834479570389,0.10599376261234283,0.18891821801662445,0.0865679532289505,-0.2926146984100342,-0.2813156843185425,0.16835623979568481
0.5706307291984558,-0.2269573211669922,-0.2588801980018616,0.5886861085891724,-0.30096185207366943,-0.2710500955581665,-0.25651392340660095,-0.2103905826807022,0.5834318399429321,-0.3100065290927887,-0.30352386832237244,-0.3074250817298889,1.0,-0.2456837147474289,-0.297823965549469,0.5389701724052429,-0.22999589145183563,0.5694297552108765,-0.16375598311424255,-0.20048640668392181,-0.2936961352825165,-0.28323671221733093,-0.2887772023677826,-0.3366180658340454,-0.21098458766937256,-0.2519542872905731,0.6032532453536987,-0.22321566939353943,-0.322222501039505,-0.25542891025543213,-0.20189082622528076,-0.2020953893661499,0.5868777632713318,-0.2944532632827759,-0.26293089985847473,-0.32643455266952515,-0.24526415765285492,-0.19685176014900208,-0.24918195605278015,-0.2525881230831146,-0.23961129784584045,-0.25991567969322205,-0.21872743964195251,-0.2262095808982849,-0.1895650327205658,-0.25781190395355225,-0.256294310092926,-0.3025965988636017,0.5815674066543579,0.6252610087394714,-0.25104954838752747,-0.31078019738197327,-0.32866787910461426,-0.3105061650276184,-0.21849161386489868,0.5706873536109924,-0.22924448549747467,0.5822553634643555,-0.25020575523376465,-0.3050640821456909,0.5529097318649292,-0.3099344074726105,0.5767225027084351,0.5811975002288818,-0.2604937255382538,-0.2864374816417694,-0.21707461774349213,-0.27531713247299194,-0.3179832696914673,-0.20855413377285004,-0.24378763139247894,-0.30661606788635254,0.5921197533607483,-0.24574130773544312,-0.34253647923469543,-0.29265230894088745,-0.25370392203330994,0.5789706110954285,-0.23294538259506226,-0.31950998306274414,-0.19748999178409576,-0.12345758080482483,-0.20255334675312042,0.5990612506866455,-0.25205081701278687,-0.2387855052947998,-0.3450893461704254,-0.24159394204616547,-0.32728052139282227,-0.2253578007221222,-0.2192644327878952,-0.2816881537437439,-0.329750120639801,-0.24189254641532898,-0.20823895931243896,-0.35619083046913147,-0.20096150040626526,0.5735985636711121,0.5528750419616699,-0.30714866518974304
-0.24367955327033997,0.06937313824892044,0.1066364049911499,-0.2482742965221405,0.1339070200920105,0.1094304695725441,0.1142110750079155,0.07095024734735489,-0.25762370228767395,0.13140805065631866,0.11463341861963272,0.11178527027368546,-0.2456837147474289,1.0,0.1503991335630417,-0.2457212656736374,0.10450860112905502,-0.2584313154220581,0.08749253302812576,0.07696760445833206,0.10217764973640442,0.12242251634597778,0.13618826866149902,0.10335349291563034,0.07385040819644928,0.08651470392942429,-0.26772674918174744,0.09639847278594971,0.12644097208976746,0.0898929089307785,0.06957902759313583,0.058689184486866,-0.2555992305278778,0.12092054635286331,0.12020433694124222,0.1281268447637558,0.07801274210214615,0.06661993265151978,0.0821589007973671,0.11563349515199661,0.08127827197313309,0.09673759341239929,0.08597729355096817,0.07494708150625229,0.04325427860021591,0.09231878072023392,0.08764547109603882,0.11732039600610733,-0.23629862070083618,-0.2717915177345276,0.07518821209669113,0.10485304147005081,0.11717915534973145,0.11719892174005508,0.06422439217567444,-0.22880622744560242,0.08412262052297592,-0.26225200295448303,0.09240703284740448,0.12795092165470123,-0.24236704409122467,0.10050014406442642,-0.24726134538650513,-0.23648114502429962,0.09111477434635162,0.11814291775226593,0.07251625508069992,0.11908582597970963,0.11291012912988663,0.08370540291070938,0.08309941738843918,0.10000412166118622,-0.26236143708229065,0.08830707520246506,0.13341102004051208,0.11508847028017044,0.08905824273824692,-0.26171422004699707,0.06757578253746033,0.1047394648194313,0.07608266919851303,0.045081090182065964,0.06032782793045044,-0.24224519729614258,0.11783653497695923,0.09326806664466858,0.13516300916671753,0.07792165875434875,0.1196991354227066,0.08896344900131226,0.0700194239616394,0.10905147343873978,0.13737082481384277,0.10942621529102325,0.08098907768726349,0.12946878373622894,0.06467607617378235,-0.2693796455860138,-0.23168160021305084,0.1350182443857193
-0.32354748249053955,0.10835647583007812,0.1283877193927765,-0.3427315056324005,0.1856582760810852,0.13758476078510284,0.16030164062976837,0.11777939647436142,-0.30971699953079224,0.1662052720785141,0.15179166197776794,0.13348811864852905,-0.297823965549469,0.1503991335630417,1.0,-0.3282245397567749,0.11109452694654465,-0.3322368562221527,0.10563405603170395,0.13292989134788513,0.16194812953472137,0.14988462626934052,0.16316024959087372,0.17443916201591492,0.0942646786570549,0.1311381459236145,-0.3335810899734497,0.1237047091126442,0.1737898290157318,0.13984984159469604,0.09406715631484985,0.07921554893255234,-0.3481811285018921,0.16427651047706604,0.15326467156410217,0.16647249460220337,0.1175583079457283,0.09097523242235184,0.12090494483709335,0.13943438231945038,0.11929989606142044,0.12144243717193604,0.10677525401115417,0.06805194914340973,0.08753670006990433,0.12512163817882538,0.11544772982597351,0.15957172214984894,-0.33107492327690125,-0.3163028657436371,0.1163417398929596,0.16352586448192596,0.152083158493042,0.16487444937229156,0.07829112559556961,-0.30687934160232544,0.10714992135763168,-0.3456403613090515,0.1118125468492508,0.1750151664018631,-0.28335756063461304,0.16590188443660736,-0.31765100359916687,-0.30954816937446594,0.1575697511434555,0.17111624777317047,0.11539828032255173,0.1404498815536499,0.1592167168855667,0.09700510650873184,0.10257034748792648,0.15395587682724,-0.3416038453578949,0.12133485078811646,0.1927655190229416,0.1483282595872879,0.10374044626951218,-0.3309255540370941,0.11521067470312119,0.15256111323833466,0.0860094353556633,0.04483173042535782,0.08960378915071487,-0.3345109820365906,0.12472157925367355,0.12028264254331589,0.19323143362998962,0.12566016614437103,0.15895023941993713,0.10468590259552002,0.11519451439380646,0.14452864229679108,0.16457116603851318,0.12511256337165833,0.11944349855184555,0.1781311333179474,0.10168715566396713,-0.33180439472198486,-0.3193361461162567,0.15237711369991302
0.5582943558692932,-0.2395557463169098,-0.25518515706062317,0.5939391851425171,-0.33282992243766785,-0.25443872809410095,-0.25743257999420166,-0.20101630687713623,0.5630399584770203,-0.2892289459705353,-0.29026833176612854,-0.2914791703224182,0.5389701724052429,-0.2457212656736374,-0.3282245397567749,1.0,-0.22394196689128876,0.5781142115592957,-0.16743037104606628,-0.21102146804332733,-0.281686931848526,-0.30421167612075806,-0.3050338327884674,-0.3102776110172272,-0.20963889360427856,-0.2479356974363327,0.6044296026229858,-0.22851452231407166,-0.32595837116241455,-0.24900361895561218,-0.21468324959278107,-0.18627917766571045,0.6040678024291992,-0.2877265214920044,-0.2690475881099701,-0.27415966987609863,-0.2470197081565857,-0.20828916132450104,-0.2219531089067459,-0.26722925901412964,-0.21610182523727417,-0.25882044434547424,-0.23776575922966003,-0.19847017526626587,-0.1800786256790161,-0.23397649824619293,-0.2601882815361023,-0.28217679262161255,0.590429425239563,0.5972064733505249,-0.22036029398441315,-0.31360217928886414,-0.312404066324234,-0.31565824151039124,-0.1979493349790573,0.5477335453033447,-0.2239501029253006,0.5881013870239258,-0.2680063545703888,-0.3014275133609772,0.554699182510376,-0.3046213686466217,0.5737658143043518,0.5645946860313416,-0.2721811532974243,-0.3072999119758606,-0.24929843842983246,-0.26716348528862,-0.31719380617141724,-0.22831296920776367,-0.21267001330852509,-0.30285391211509705,0.5734875202178955,-0.2385706901550293,-0.34031954407691956,-0.31467416882514954,-0.26081234216690063,0.5951501131057739,-0.2336932122707367,-0.3110882043838501,-0.20325109362602234,-0.16831542551517487,-0.20779085159301758,0.6178300976753235,-0.27273881435394287,-0.2639037072658539,-0.32515811920166016,-0.2578026056289673,-0.35374611616134644,-0.2134462296962738,-0.25095078349113464,-0.2761770188808441,-0.3142629861831665,-0.26686885952949524,-0.2164609730243683,-0.3455105125904083,-0.21354803442955017,0.5923910140991211,0.5739375352859497,-0.29918602108955383
-0.22896161675453186,0.05950411409139633,0.0818428099155426,-0.24699927866458893,0.1467546969652176,0.08597947657108307,0.08582302927970886,0.05196003243327141,-0.2282579094171524,0.10857059061527252,0.0991467610001564,0.12546314299106598,-0.22999589145183563,0.10450860112905502,0.11109452694654465,-0.22394196689128876,1.0,-0.2401573359966278,0.07819445431232452,0.08426053076982498,0.0946054458618164,0.10462311655282974,0.11535234749317169,0.11814886331558228,0.05813959985971451,0.09583928436040878,-0.24814793467521667,0.05282671004533768,0.12502412497997284,0.0979800894856453,0.043802227824926376,0.02701166458427906,-0.2509865462779999,0.09648698568344116,0.08738706260919571,0.12236122041940689,0.09221622347831726,0.053250495344400406,0.05945815145969391,0.08749891072511673,0.08128872513771057,0.1051933616399765,0.07886933535337448,0.06355465948581696,0.06897305697202682,0.0998576208949089,0.08360783755779266,0.10613657534122467,-0.22001531720161438,-0.25219303369522095,0.08523639291524887,0.10796103626489639,0.11621081084012985,0.1073424220085144,0.05869503691792488,-0.215168759226799,0.05327623710036278,-0.22229143977165222,0.08643864840269089,0.12549038231372833,-0.2280074656009674,0.12090255320072174,-0.23151400685310364,-0.22318875789642334,0.08333311975002289,0.11714492738246918,0.08123218268156052,0.10689610987901688,0.12182677537202835,0.07257317006587982,0.08882938325405121,0.10035083442926407,-0.2462110072374344,0.060440097004175186,0.10814286023378372,0.10970213264226913,0.10342640429735184,-0.2632044553756714,0.09579438716173172,0.10892099887132645,0.0727679431438446,0.04716043546795845,0.08760982751846313,-0.22951388359069824,0.08162763714790344,0.08940223604440689,0.10026153177022934,0.09207437187433243,0.12507672607898712,0.07259669899940491,0.061645109206438065,0.09316707402467728,0.13838648796081543,0.0899331122636795,0.06917911022901535,0.11190203577280045,0.06618982553482056,-0.24518051743507385,-0.2178143709897995,0.1130913645029068
0.6175111532211304,-0.25203678011894226,-0.2662865221500397,0.6366181373596191,-0.33378466963768005,-0.2610032260417938,-0.2607465386390686,-0.21028198301792145,0.6076509356498718,-0.3188416361808777,-0.32495495676994324,-0.3134210705757141,0.5694297552108765,-0.2584313154220581,-0.3322368562221527,0.5781142115592957,-0.2401573359966278,1.0,-0.18420261144638062,-0.24961219727993011,-0.2787554860115051,-0.30029717087745667,-0.3171525299549103,-0.35520443320274353,-0.2238968014717102,-0.26047423481941223,0.631072461605072,-0.22164638340473175,-0.3488824665546417,-0.2690679132938385,-0.1971658319234848,-0.1906210035085678,0.6308682560920715,-0.2870102524757385,-0.2877900004386902,-0.3264673352241516,-0.2583273947238922,-0.22828035056591034,-0.24276356399059296,-0.2936666011810303,-0.2600792944431305,-0.26502081751823425,-0.24055087566375732,-0.22307728230953217,-0.183800607919693,-0.2676190137863159,-0.26291778683662415,-0.2926901578903198,0.6077046394348145,0.662050724029541,-0.24225428700447083,-0.33444806933403015,-0.3336056172847748,-0.32564806938171387,-0.21763776242733002,0.5968255400657654,-0.23208840191364288,0.6302366256713867,-0.2601584494113922,-0.3092070519924164,0.5707632303237915,-0.3207898437976837,0.6180889010429382,0.616650402545929,-0.29033857583999634,-0.3116267919540405,-0.25191229581832886,-0.28984859585762024,-0.33509910106658936,-0.22667178511619568,-0.25729864835739136,-0.31516361236572266,0.6475827097892761,-0.24230606853961945,-0.3464682996273041,-0.34210312366485596,-0.2881985902786255,0.6294015049934387,-0.24299529194831848,-0.3487890362739563,-0.21689775586128235,-0.16351905465126038,-0.2106035351753235,0.6261581778526306,-0.2713067829608917,-0.2771507203578949,-0.359033465385437,-0.2568495273590088,-0.34973251819610596,-0.21953584253787994,-0.2392474114894867,-0.28730854392051697,-0.3482992947101593,-0.2800699770450592,-0.24987654387950897,-0.36544182896614075,-0.2377551943063736,0.6111921668052673,0.5922310948371887,-0.33044683933258057
-0.19053037464618683,0.00708323298022151,0.06347952783107758,-0.1862330287694931,0.09164351224899292,0.06933335214853287,0.06022537499666214,0.04674007371068001,-0.20128032565116882,0.07758890092372894,0.0703539252281189,0.07359878718852997,-0.16375598311424255,0.08749253302812576,0.10563405603170395,-0.16743037104606628,0.07819445431232452,-0.18420261144638062,1.0,0.10121449828147888,0.06483118236064911,0.0659855380654335,0.0953054279088974,0.09523696452379227,0.05638646334409714,0.06054394692182541,-0.1738046407699585,0.05905661731958389,0.09305300563573837,0.06414236128330231,0.05719846859574318,0.023398136720061302,-0.1936117261648178,0.06630247086286545,0.06680624186992645,0.0790770873427391,0.08273060619831085,0.04283452406525612,0.07670123130083084,0.05320439860224724,0.07733884453773499,0.082402303814888,0.0765543133020401,0.04694153741002083,0.033819716423749924,0.061513807624578476,0.04774196073412895,0.08857005834579468,-0.1917671263217926,-0.20683148503303528,0.024030307307839394,0.06401331722736359,0.07426450401544571,0.0742703527212143,0.048194583505392075,-0.17677253484725952,0.05695779249072075,-0.20030871033668518,0.05450878664851189,0.06521829217672348,-0.18657895922660828,0.09092018008232117,-0.18722817301750183,-0.18084481358528137,0.06285127997398376,0.050833605229854584,0.04380498826503754,0.06840208172798157,0.07779698818922043,0.0625411793589592,0.04910819232463837,0.06798255443572998,-0.19594334065914154,0.08827387541532516,0.11446350812911987,0.08562380075454712,0.04965750873088837,-0.20310743153095245,0.057112839072942734,0.0680791586637497,0.056612543761730194,0.023794248700141907,0.06674394756555557,-0.18589982390403748,0.0662832260131836,0.06682517379522324,0.09051299840211868,0.05815166234970093,0.10926830768585205,0.0637301653623581,0.06235798820853233,0.07323843985795975,0.09552090615034103,0.07460739463567734,0.08406884968280792,0.06606853753328323,0.05322708562016487,-0.16584904491901398,-0.16821524500846863,0.05355542525649071
-0.23641081154346466,0.0948738232254982,0.08412323892116547,-0.24131831526756287,0.1277765929698944,0.09210269898176193,0.07576588541269302,0.05373883619904518,-0.22861206531524658,0.08584561198949814,0.11146453768014908,0.10776441544294357,-0.20048640668392181,0.07696760445833206,0.13292989134788513,-0.21102146804332733,0.08426053076982498,-0.24961219727993011,0.10121449828147888,1.0,0.11253639310598373,0.0916370153427124,0.10167903453111649,0.11930464953184128,0.0887405127286911,0.0811646580696106,-0.2540726065635681,0.0678098276257515,0.11890050023794174,0.07131920009851456,0.045384619385004044,0.07237189263105392,-0.2391004115343094,0.08130571246147156,0.10504034906625748,0.1342780739068985,0.07785575836896896,0.05155978351831436,0.05883999913930893,0.10096614807844162,0.08113343268632889,0.07311835139989853,0.10257149487733841,0.0648411363363266,0.035481467843055725,0.11516613513231277,0.07478005439043045,0.10697334259748459,-0.22290270030498505,-0.24423307180404663,0.07078274339437485,0.10043363273143768,0.09254761040210724,0.09779152274131775,0.06049733981490135,-0.22254426777362823,0.08707915991544724,-0.24095825850963593,0.08352513611316681,0.10231059044599533,-0.22689370810985565,0.11284824460744858,-0.2211707979440689,-0.2244153767824173,0.08535971492528915,0.08258582651615143,0.07150216400623322,0.0812351405620575,0.0974448099732399,0.06112409383058548,0.09856246411800385,0.11462222784757614,-0.23590949177742004,0.06875083595514297,0.11677129566669464,0.1059044748544693,0.07177936285734177,-0.22235344350337982,0.06151038780808449,0.1142825335264206,0.07957947999238968,0.028703555464744568,0.07972054928541183,-0.22971278429031372,0.07527460157871246,0.05439385771751404,0.10578019917011261,0.059049949049949646,0.11710530519485474,0.06524518132209778,0.07298851013183594,0.09519481658935547,0.10651363432407379,0.08710994571447372,0.07342741638422012,0.1224953681230545,0.07390701770782471,-0.23409901559352875,-0.22760292887687683,0.09357434511184692
