1.0,-0.2852233350276947,-0.2712108790874481,0.6135627627372742,-0.3244986832141876,-0.23590873181819916,-0.1606731116771698,-0.29818689823150635,0.6459562182426453,-0.23566579818725586,-0.28816676139831543,-0.37117063999176025,0.6274741888046265,-0.22935563325881958,-0.32165876030921936,0.661770761013031,-0.20576608180999756,0.6379212141036987,-0.2824561893939972,-0.20188021659851074,-0.3242008686065674,-0.2570618689060211,-0.2828595042228699,-0.3696952760219574,-0.18822471797466278,-0.187839075922966,0.6680770516395569,-0.26733827590942383,-0.29298704862594604,-0.22990962862968445,-0.3013093173503876,-0.30225032567977905,0.5929731726646423,-0.2968251705169678,-0.2416011393070221,-0.33234187960624695,-0.20064793527126312,-0.2041006088256836,-0.23529955744743347,-0.22027333080768585,-0.2934490442276001,-0.29536059498786926,-0.3168398141860962,-0.2752598524093628,-0.2274429351091385,-0.2024260312318802,-0.21901391446590424,-0.3221074938774109,0.6671059727668762,0.6767356991767883,-0.3138273060321808,-0.2166755050420761,-0.28375867009162903,-0.3334245979785919,-0.22179317474365234,0.5998575687408447,-0.289551317691803,0.647582471370697,-0.24662905931472778,-0.3130480647087097,0.6618508696556091,-0.29302331805229187,0.6481651067733765,0.6115203499794006,-0.26330599188804626,-0.31840288639068604,-0.2423582375049591,-0.28254345059394836,-0.35457244515419006,-0.23080486059188843,-0.26682546734809875,-0.23822472989559174,0.6401129961013794,-0.2437310367822647,-0.280566543340683,-0.25412091612815857,-0.21763281524181366,0.6537937521934509,-0.2367255687713623,-0.2786790728569031,-0.20381002128124237,-0.18797197937965393,-0.2667531967163086,0.6731417775154114,-0.26059815287590027,-0.23169350624084473,-0.27665939927101135,-0.23426297307014465,-0.281854510307312,-0.21474258601665497,-0.23168325424194336,-0.23564867675304413,-0.27207687497138977,-0.2325495481491089,-0.2532144784927368,-0.33485686779022217,-0.2491363286972046,0.683970034122467,0.6053602695465088,-0.28175559639930725
-0.2852233350276947,1.0,0.1573534905910492,-0.2828000783920288,0.14330816268920898,0.10565124452114105,0.035462431609630585,0.11675459891557693,-0.30315861105918884,0.09504144638776779,0.11430899798870087,0.14659425616264343,-0.2739039659500122,0.0778016597032547,0.1278279721736908,-0.2904307544231415,0.09094180166721344,-0.2807883024215698,0.1311924308538437,0.07220874726772308,0.12480006366968155,0.1043015643954277,0.1286611557006836,0.15109330415725708,0.056439824402332306,0.06527639180421829,-0.3091883659362793,0.10044549405574799,0.11553288251161575,0.10084482282400131,0.09663280844688416,0.1169956624507904,-0.28167757391929626,0.10369991511106491,0.07473932206630707,0.12032672017812729,0.06752641499042511,0.06691199541091919,0.06850383430719376,0.0845809057354927,0.11881567537784576,0.13107499480247498,0.13921093940734863,0.10954255610704422,0.07579343020915985,0.0875135138630867,0.06207182630896568,0.10975906252861023,-0.28936123847961426,-0.2817254364490509,0.12068890035152435,0.07534631341695786,0.11784906685352325,0.1354316920042038,0.07975097000598907,-0.2838486135005951,0.11850112676620483,-0.28798913955688477,0.0840964987874031,0.13685059547424316,-0.2774721682071686,0.09283100068569183,-0.2736867070198059,-0.2801772654056549,0.09275344759225845,0.10138291865587234,0.07045578211545944,0.12163151800632477,0.15482763946056366,0.09535739570856094,0.08967607468366623,0.08267655968666077,-0.2663743793964386,0.08997301012277603,0.10636375099420547,0.10824328660964966,0.08159191906452179,-0.2707845866680145,0.10528071224689484,0.09830993413925171,0.08767688274383545,0.07742199301719666,0.09989111125469208,-0.2929036319255829,0.10567127168178558,0.09379281103610992,0.12430427223443985,0.09256900101900101,0.12602415680885315,0.08213892579078674,0.09622633457183838,0.10654545575380325,0.10117853432893753,0.08474571257829666,0.10696644335985184,0.14826761186122894,0.09276227653026581,-0.29684051871299744,-0.2585395276546478,0.13752086460590363
-0.2712108790874481,0.1573534905910492,1.0,-0.24675124883651733,0.1224815621972084,0.08291219174861908,0.06476597487926483,0.1031351089477539,-0.2579554617404938,0.0828198567032814,0.12191977351903915,0.1424003690481186,-0.2701954245567322,0.06438610702753067,0.12849393486976624,-0.2707756757736206,0.056645896285772324,-0.2601325511932373,0.09930799901485443,0.05383741855621338,0.1323622167110443,0.0873613953590393,0.08488737791776657,0.1183575838804245,0.08234232664108276,0.07234665006399155,-0.2793044447898865,0.1140589490532875,0.08929235488176346,0.10462299734354019,0.1521751582622528,0.15050844848155975,-0.2519228160381317,0.09933540970087051,0.06918542832136154,0.1274358332157135,0.06438242644071579,0.07745349407196045,0.09197147935628891,0.08444452285766602,0.10769108682870865,0.10589659214019775,0.12300287187099457,0.0921594649553299,0.06858684122562408,0.0558745451271534,0.09666866809129715,0.10385894775390625,-0.25736573338508606,-0.2763597369194031,0.13660666346549988,0.09083642810583115,0.10917438566684723,0.11388775706291199,0.07269462198019028,-0.2590896785259247,0.09005963057279587,-0.25811997056007385,0.07579533755779266,0.11905784159898758,-0.2599489390850067,0.08554672449827194,-0.2796298861503601,-0.2514200210571289,0.09492085874080658,0.1088789626955986,0.0901990458369255,0.12504111230373383,0.14825403690338135,0.07861096411943436,0.07575707137584686,0.08455922454595566,-0.24046453833580017,0.06912149488925934,0.08261113613843918,0.09142214804887772,0.05560683086514473,-0.25746434926986694,0.08932400494813919,0.09071744978427887,0.06781406700611115,0.06017598882317543,0.0922367200255394,-0.2634771466255188,0.08403580635786057,0.06254790723323822,0.09990677237510681,0.05380990728735924,0.09952325373888016,0.06690835952758789,0.08231412619352341,0.09249994903802872,0.07452809810638428,0.06551022082567215,0.06553769111633301,0.12235517799854279,0.06624101102352142,-0.2759292721748352,-0.24280710518360138,0.13097740709781647
0.6135627627372742,-0.2828000783920288,-0.24675124883651733,1.0,-0.27071473002433777,-0.2355760931968689,-0.13411985337734222,-0.28667786717414856,0.5792637467384338,-0.22467271983623505,-0.25786250829696655,-0.336288183927536,0.5977718830108643,-0.23217307031154633,-0.3076769709587097,0.6149988174438477,-0.19454415142536163,0.6148862242698669,-0.2723655700683594,-0.18402516841888428,-0.28304949402809143,-0.23769034445285797,-0.25157636404037476,-0.3351883590221405,-0.1758788675069809,-0.18373997509479523,0.624736487865448,-0.2538797855377197,-0.2739444673061371,-0.22752708196640015,-0.28338950872421265,-0.292101114988327,0.5844613313674927,-0.2625809907913208,-0.23189784586429596,-0.31342560052871704,-0.20830810070037842,-0.19992312788963318,-0.2082807421684265,-0.2112158238887787,-0.2686752676963806,-0.2645503580570221,-0.32811853289604187,-0.25460633635520935,-0.21639679372310638,-0.19177933037281036,-0.20441313087940216,-0.2952190041542053,0.6424044370651245,0.5946723818778992,-0.29165107011795044,-0.19587445259094238,-0.27611997723579407,-0.3070535957813263,-0.22280916571617126,0.5798207521438599,-0.279390811920166,0.6061474084854126,-0.22925227880477905,-0.3054218590259552,0.6111540198326111,-0.2797744572162628,0.6214172840118408,0.6056422591209412,-0.2486506849527359,-0.2994793951511383,-0.2417164444923401,-0.2673799693584442,-0.34038931131362915,-0.22974225878715515,-0.23234966397285461,-0.24055097997188568,0.5669724941253662,-0.22374394536018372,-0.25782328844070435,-0.25692352652549744,-0.20681233704090118,0.6444183588027954,-0.2212076336145401,-0.2804388701915741,-0.18052919209003448,-0.18903754651546478,-0.25938647985458374,0.5824377536773682,-0.23864047229290009,-0.2256200760602951,-0.25937727093696594,-0.2188183069229126,-0.27912870049476624,-0.1850479394197464,-0.22081127762794495,-0.22763347625732422,-0.24950763583183289,-0.2100362777709961,-0.23298999667167664,-0.30264812707901,-0.22764311730861664,0.6285732984542847,0.574096143245697,-0.28553634881973267
-0.3244986832141876,0.14330816268920898,0.1224815621972084,-0.27071473002433777,1.0,0.1122836023569107,0.03620924428105354,0.1375170350074768,-0.3451666831970215,0.10260064154863358,0.13888975977897644,0.16052545607089996,-0.2961895763874054,0.10905605554580688,0.14800123870372772,-0.30930545926094055,0.11600399017333984,-0.3047405183315277,0.12534870207309723,0.09439616650342941,0.14076177775859833,0.12496128678321838,0.09543094038963318,0.15662036836147308,0.09071914106607437,0.06596098840236664,-0.3159998953342438,0.10131213068962097,0.1442130208015442,0.07096707820892334,0.1395856738090515,0.1281016618013382,-0.3043019473552704,0.13129672408103943,0.10124309360980988,0.1427754908800125,0.05786174163222313,0.08339568972587585,0.10146000236272812,0.11204439401626587,0.1173219159245491,0.12819454073905945,0.1550423949956894,0.12802568078041077,0.07402800768613815,0.11090575158596039,0.06738398969173431,0.1645534485578537,-0.326585590839386,-0.30806612968444824,0.13139130175113678,0.06593307107686996,0.13138018548488617,0.15111106634140015,0.10169696062803268,-0.2807140052318573,0.13584363460540771,-0.3368917405605316,0.11371491104364395,0.13476026058197021,-0.3309336006641388,0.1250125616788864,-0.29454711079597473,-0.3062308430671692,0.11241786926984787,0.1446075737476349,0.10969922691583633,0.11828944087028503,0.15034104883670807,0.09574305266141891,0.10563870519399643,0.09057261794805527,-0.30498018860816956,0.10393912345170975,0.10765501856803894,0.11986269056797028,0.10109077394008636,-0.29132363200187683,0.090317003428936,0.13696332275867462,0.07923130691051483,0.09677325189113617,0.13194085657596588,-0.3136708736419678,0.10903128236532211,0.0952218621969223,0.13345783948898315,0.1143236830830574,0.1214902326464653,0.06252728402614594,0.07531305402517319,0.10766900330781937,0.12093090265989304,0.09466759115457535,0.10218216478824615,0.12779900431632996,0.11787503957748413,-0.34346362948417664,-0.27752700448036194,0.14136624336242676
-0.23590873181819916,0.10565124452114105,0.08291219174861908,-0.2355760931968689,0.1122836023569107,1.0,0.036460742354393005,0.07574490457773209,-0.23827384412288666,0.07412915676832199,0.0985482782125473,0.10525554418563843,-0.2537401020526886,0.06840448826551437,0.09145454317331314,-0.24401937425136566,0.07075019180774689,-0.2646566331386566,0.10161801427602768,0.0512361004948616,0.08953464031219482,0.07753758132457733,0.062238678336143494,0.09723777323961258,0.03189517557621002,0.0635792464017868,-0.23281893134117126,0.10341564565896988,0.09218790382146835,0.09484171867370605,0.09736318141222,0.12274137884378433,-0.24598926305770874,0.0992983803153038,0.07933498173952103,0.11983102560043335,0.05811531841754913,0.06937287002801895,0.067701555788517,0.07829640805721283,0.08781624585390091,0.10086536407470703,0.10920731723308563,0.0723697617650032,0.056727759540081024,0.043808307498693466,0.08144775032997131,0.11431565135717392,-0.22967471182346344,-0.2446514219045639,0.10411650687456131,0.06229924038052559,0.10363031923770905,0.10169730335474014,0.0879731997847557,-0.23533190786838531,0.07662172615528107,-0.23362047970294952,0.06903551518917084,0.09680795669555664,-0.24196641147136688,0.12044049054384232,-0.2520357072353363,-0.23694518208503723,0.059102848172187805,0.09938110411167145,0.05172763392329216,0.10315319150686264,0.13155034184455872,0.08473045378923416,0.06310935318470001,0.07396527379751205,-0.22517065703868866,0.07736839354038239,0.10011077672243118,0.10075537860393524,0.060334257781505585,-0.23269857466220856,0.07485943287611008,0.0808209776878357,0.08942292630672455,0.05161134526133537,0.075355164706707,-0.2411683201789856,0.06702370941638947,0.09051002562046051,0.07625868171453476,0.10501012951135635,0.09728489071130753,0.07104700058698654,0.05936091020703316,0.06991573423147202,0.08407462388277054,0.07142575085163116,0.07610438764095306,0.09401354193687439,0.07840704917907715,-0.2482922226190567,-0.22492758929729462,0.10129668563604355
-0.1606731116771698,0.035462431609630585,0.06476597487926483,-0.13411985337734222,0.03620924428105354,0.036460742354393005,1.0,0.073834128677845,-0.15112806856632233,0.03973044455051422,0.03013617917895317,0.049357637763023376,-0.13838058710098267,0.04374804347753525,0.1017656996846199,-0.16304637491703033,0.031447313725948334,-0.15085788071155548,0.049829673022031784,0.04633414372801781,0.06350462138652802,0.038881078362464905,0.046930473297834396,0.08577007800340652,0.028205251321196556,0.047967057675123215,-0.16239702701568604,0.058023884892463684,0.04153835400938988,0.026082348078489304,0.06086687371134758,0.04537494480609894,-0.14604966342449188,0.08605855703353882,0.028927210718393326,0.05894172936677933,0.02302028238773346,0.025549352169036865,0.07158521562814713,0.0468667596578598,0.04916366934776306,0.05646784231066704,0.042334120720624924,0.047651562839746475,0.02735981158912182,0.035177081823349,0.04875335469841957,0.05438953638076782,-0.16592131555080414,-0.16089226305484772,0.04891246557235718,0.03880689665675163,0.04014972224831581,0.07238533347845078,0.036050841212272644,-0.14116829633712769,0.05339644476771355,-0.1606787145137787,0.012559093534946442,0.061280444264411926,-0.16267970204353333,0.07010477781295776,-0.16348811984062195,-0.1454547941684723,0.0644952654838562,0.05708890035748482,0.05393465980887413,0.051826704293489456,0.06501101702451706,0.04714677855372429,0.031283482909202576,0.034690480679273605,-0.16475975513458252,0.02625736966729164,0.036171041429042816,0.023528601974248886,0.033797334879636765,-0.16432379186153412,0.015947511419653893,0.058345504105091095,0.038263097405433655,0.017467062920331955,0.046758633106946945,-0.15325263142585754,0.053865041583776474,0.03451685979962349,0.0733502209186554,0.03974778205156326,0.05796315521001816,0.052846759557724,0.04217430576682091,0.012925573624670506,0.05653301998972893,0.05960483103990555,0.05675344914197922,0.05777527019381523,0.05237900838255882,-0.16393537819385529,-0.14473509788513184,0.03505361080169678
-0.29818689823150635,0.11675459891557693,0.1031351089477539,-0.28667786717414856,0.1375170350074768,0.07574490457773209,0.073834128677845,1.0,-0.27417001128196716,0.08090096712112427,0.12954585254192352,0.15051665902137756,-0.29072675108909607,0.08984818309545517,0.1457294225692749,-0.2945843040943146,0.06460240483283997,-0.28527146577835083,0.10731956362724304,0.06013971567153931,0.1232980415225029,0.1215103417634964,0.11997739225625992,0.1640443056821823,0.07294060289859772,0.07554437220096588,-0.2996295690536499,0.09726697951555252,0.13076472282409668,0.10541614145040512,0.1359059065580368,0.13046786189079285,-0.26152756810188293,0.13495175540447235,0.09546057134866714,0.14274875819683075,0.06697877496480942,0.0692635104060173,0.06798957288265228,0.09637327492237091,0.11479067802429199,0.12712201476097107,0.13816317915916443,0.10144215822219849,0.05801556259393692,0.07680568099021912,0.0766322985291481,0.1246376633644104,-0.3046858012676239,-0.2767432928085327,0.12443562597036362,0.0761202871799469,0.12201768904924393,0.1395372748374939,0.08470999449491501,-0.26306581497192383,0.12499921768903732,-0.26213762164115906,0.0960167944431305,0.12881971895694733,-0.27994081377983093,0.09790723770856857,-0.28359460830688477,-0.27723196148872375,0.1129646748304367,0.14199495315551758,0.10085280984640121,0.11335974186658859,0.13472266495227814,0.09226979315280914,0.10055608302354813,0.08741393685340881,-0.2721622586250305,0.0868452936410904,0.13274894654750824,0.11506832391023636,0.0659526064991951,-0.291761189699173,0.09582526981830597,0.11731496453285217,0.06823030114173889,0.07348465174436569,0.10173488408327103,-0.2848345935344696,0.07414230704307556,0.07716930657625198,0.09852997213602066,0.06620451807975769,0.10854723304510117,0.09509673714637756,0.09760896116495132,0.07392679154872894,0.11552798002958298,0.07353191077709198,0.0931222215294838,0.1387297660112381,0.11939897388219833,-0.3020457923412323,-0.26229411363601685,0.11431355774402618
0.6459562182426453,-0.30315861105918884,-0.2579554617404938,0.5792637467384338,-0.3451666831970215,-0.23827384412288666,-0.15112806856632233,-0.27417001128196716,1.0,-0.2134324312210083,-0.24822574853897095,-0.3271341323852539,0.5959812998771667,-0.22855812311172485,-0.30558300018310547,0.6136302947998047,-0.19684621691703796,0.6075380444526672,-0.2621771991252899,-0.18074186146259308,-0.2905164659023285,-0.2419947385787964,-0.24503052234649658,-0.3367774188518524,-0.19813230633735657,-0.17224366962909698,0.627298891544342,-0.25012335181236267,-0.2887571156024933,-0.23107686638832092,-0.2866404354572296,-0.29594042897224426,0.5878362655639648,-0.2600070536136627,-0.2304089069366455,-0.32659032940864563,-0.18789280951023102,-0.19977855682373047,-0.22958996891975403,-0.23099611699581146,-0.2848546504974365,-0.2832822799682617,-0.31483373045921326,-0.26774707436561584,-0.20942065119743347,-0.20662127435207367,-0.2140617072582245,-0.3183145523071289,0.6359488368034363,0.6431004405021667,-0.2805440425872803,-0.2090442031621933,-0.2781100273132324,-0.3249499499797821,-0.21879208087921143,0.5731973648071289,-0.28491413593292236,0.6466348767280579,-0.23287729918956757,-0.2979486882686615,0.6420251727104187,-0.2641988694667816,0.6080153584480286,0.5746898651123047,-0.25808677077293396,-0.30549749732017517,-0.2256375104188919,-0.25824180245399475,-0.34386202692985535,-0.23965467512607574,-0.23346677422523499,-0.23477958142757416,0.6029808521270752,-0.23439404368400574,-0.25285038352012634,-0.2509216070175171,-0.19242365658283234,0.6316465735435486,-0.23501120507717133,-0.2636781930923462,-0.18391337990760803,-0.18814711272716522,-0.2576375901699066,0.6196279525756836,-0.24397552013397217,-0.23910874128341675,-0.278585284948349,-0.22277428209781647,-0.27660173177719116,-0.20400118827819824,-0.21757784485816956,-0.24563899636268616,-0.25394952297210693,-0.22566236555576324,-0.2385900765657425,-0.3146393299102783,-0.2467448115348816,0.6443896293640137,0.5722980499267578,-0.2760492265224457
-0.23566579818725586,0.09504144638776779,0.0828198567032814,-0.22467271983623505,0.10260064154863358,0.07412915676832199,0.03973044455051422,0.08090096712112427,-0.2134324312210083,1.0,0.10732953995466232,0.1296699047088623,-0.23231089115142822,0.09262510389089584,0.09591201692819595,-0.23967961966991425,0.05912955850362778,-0.2263033539056778,0.08362102508544922,0.05344753712415695,0.10051560401916504,0.09059537947177887,0.08305974304676056,0.09529483318328857,0.03628186136484146,0.04333969205617905,-0.2385987639427185,0.08565390110015869,0.07967329770326614,0.07343313843011856,0.07739540934562683,0.08401165902614594,-0.2305379956960678,0.08396580815315247,0.08184023946523666,0.0957939401268959,0.04580041393637657,0.05342734605073929,0.0752326101064682,0.058103110641241074,0.06931992620229721,0.0812491774559021,0.09632264822721481,0.07797212898731232,0.048241063952445984,0.06558819860219955,0.07471416145563126,0.11300809681415558,-0.2387721836566925,-0.21790915727615356,0.10623976588249207,0.06642576307058334,0.09301906824111938,0.11950909346342087,0.06113523617386818,-0.22145976126194,0.07962125539779663,-0.2260679006576538,0.08216913044452667,0.09995444864034653,-0.22656084597110748,0.08187095820903778,-0.24417762458324432,-0.21602238714694977,0.07826505601406097,0.10362166166305542,0.06341785937547684,0.09945278614759445,0.10875392705202103,0.08553367853164673,0.06540600210428238,0.05712418630719185,-0.22517848014831543,0.08091190457344055,0.0844571441411972,0.0828331783413887,0.06019170954823494,-0.2234555035829544,0.06906688213348389,0.08086667954921722,0.0641450360417366,0.04608805477619171,0.08870074898004532,-0.23934948444366455,0.07908981293439865,0.07173634320497513,0.09006831049919128,0.09350580722093582,0.1035187691450119,0.07205384224653244,0.05805189535021782,0.04765648767352104,0.07494939118623734,0.04516946151852608,0.08442399650812149,0.10757575929164886,0.06595318764448166,-0.2428661733865738,-0.24428005516529083,0.09219884127378464
-0.28816676139831543,0.11430899798870087,0.12191977351903915,-0.25786250829696655,0.13888975977897644,0.0985482782125473,0.03013617917895317,0.12954585254192352,-0.24822574853897095,0.10732953995466232,1.0,0.17126299440860748,-0.28811919689178467,0.080324187874794,0.15605251491069794,-0.29599201679229736,0.06383299827575684,-0.3015874922275543,0.12006410956382751,0.07034458965063095,0.12970809638500214,0.11492376029491425,0.10637146979570389,0.15455757081508636,0.051943257451057434,0.07907471805810928,-0.2735992670059204,0.09504813700914383,0.14679816365242004,0.096600241959095,0.11791910231113434,0.10695619881153107,-0.27750760316848755,0.11110953241586685,0.09479095786809921,0.13478514552116394,0.07644636183977127,0.07793746888637543,0.08571990579366684,0.06781567633152008,0.1204899400472641,0.12338600307703018,0.14687596261501312,0.09216707944869995,0.06309517472982407,0.06866641342639923,0.07334466278553009,0.13686718046665192,-0.2927592694759369,-0.27965694665908813,0.12164974957704544,0.07767260074615479,0.10516873002052307,0.12444067001342773,0.10317141562700272,-0.26081278920173645,0.11367449164390564,-0.268497496843338,0.08979140222072601,0.11871178448200226,-0.29085853695869446,0.11296531558036804,-0.28284952044487,-0.2594863474369049,0.09765559434890747,0.12993834912776947,0.11596126854419708,0.11167857050895691,0.16627328097820282,0.0788891538977623,0.09779731184244156,0.08095204085111618,-0.2594148516654968,0.0989755243062973,0.12632739543914795,0.09243543446063995,0.085915707051754,-0.2790820002555847,0.07670603692531586,0.09255965799093246,0.07566503435373306,0.06835198402404785,0.10500188171863556,-0.28809526562690735,0.09743158519268036,0.07304270565509796,0.09374355524778366,0.08258461952209473,0.1224634051322937,0.08106431365013123,0.08783025294542313,0.09165936708450317,0.1199473887681961,0.0730755627155304,0.08551180362701416,0.11143586039543152,0.07692062109708786,-0.3017261028289795,-0.27046656608581543,0.11242681741714478
-0.37117063999176025,0.14659425616264343,0.1424003690481186,-0.336288183927536,0.16052545607089996,0.10525554418563843,0.049357637763023376,0.15051665902137756,-0.3271341323852539,0.1296699047088623,0.17126299440860748,1.0,-0.35340234637260437,0.12195269763469696,0.14882372319698334,-0.35029593110084534,0.09676463156938553,-0.34389322996139526,0.13789837062358856,0.08515218645334244,0.1880035549402237,0.13264088332653046,0.1551186889410019,0.2074657678604126,0.09620384126901627,0.08584706485271454,-0.36108991503715515,0.13951335847377777,0.1569024920463562,0.10599491000175476,0.14819765090942383,0.17581218481063843,-0.3359304666519165,0.18750007450580597,0.12758749723434448,0.16023308038711548,0.07360981404781342,0.07439535856246948,0.10613515973091125,0.13166695833206177,0.15625989437103271,0.16800116002559662,0.17854851484298706,0.13911524415016174,0.09736531227827072,0.08597546815872192,0.1369253695011139,0.1685364544391632,-0.3691710829734802,-0.3548800051212311,0.1641933172941208,0.09973308444023132,0.13794074952602386,0.17183879017829895,0.09795976430177689,-0.33094850182533264,0.13118146359920502,-0.34957337379455566,0.1335524469614029,0.15354996919631958,-0.37371593713760376,0.1312272846698761,-0.3565117418766022,-0.3255118727684021,0.14375537633895874,0.17500422894954681,0.13524918258190155,0.15904344618320465,0.1764914095401764,0.10531432926654816,0.12061759829521179,0.08221365511417389,-0.3447633981704712,0.12117540091276169,0.13379336893558502,0.1095426008105278,0.09292098879814148,-0.34635815024375916,0.10008478909730911,0.14810585975646973,0.07724208384752274,0.09145285934209824,0.13416466116905212,-0.3571063280105591,0.1149425357580185,0.12501637637615204,0.13060931861400604,0.12110383808612823,0.1510266363620758,0.09374438226222992,0.10964374989271164,0.1206153854727745,0.1409558653831482,0.09608039259910583,0.1130683496594429,0.1670054793357849,0.11481193453073502,-0.3480934202671051,-0.33561480045318604,0.18703095614910126
0.6274741888046265,-0.2739039659500122,-0.2701954245567322,0.5977718830108643,-0.2961895763874054,-0.2537401020526886,-0.13838058710098267,-0.29072675108909607,0.5959812998771667,-0.23231089115142822,-0.28811919689178467,-0.35340234637260437,1.0,-0.23140226304531097,-0.29348841309547424,0.627947986125946,-0.20363351702690125,0.6334062218666077,-0.26199281215667725,-0.17871390283107758,-0.29835987091064453,-0.2400592416524887,-0.27170905470848083,-0.32514241337776184,-0.18464505672454834,-0.18725134432315826,0.6325101852416992,-0.253294974565506,-0.2916085124015808,-0.23423683643341064,-0.28420746326446533,-0.2878851592540741,0.6040096879005432,-0.2648748457431793,-0.22927044332027435,-0.328667014837265,-0.18208691477775574,-0.19841541349887848,-0.21959879994392395,-0.22694537043571472,-0.272209495306015,-0.28796353936195374,-0.3148662745952606,-0.2695433497428894,-0.21512004733085632,-0.19236987829208374,-0.18403948843479156,-0.298560231924057,0.6307608485221863,0.5822626948356628,-0.29414674639701843,-0.21686533093452454,-0.29792657494544983,-0.30673104524612427,-0.20274586975574493,0.5930353403091431,-0.2707291543483734,0.629534125328064,-0.24365703761577606,-0.2829146087169647,0.6307133436203003,-0.28601086139678955,0.6222161650657654,0.583730161190033,-0.2543167471885681,-0.3050663471221924,-0.2572365701198578,-0.2772131562232971,-0.34090134501457214,-0.23243023455142975,-0.2276718020439148,-0.22073213756084442,0.5730068683624268,-0.23991742730140686,-0.27077367901802063,-0.25409141182899475,-0.20482973754405975,0.6231828927993774,-0.22045782208442688,-0.2761562168598175,-0.19898836314678192,-0.18438376486301422,-0.2804575562477112,0.6235666871070862,-0.23757801949977875,-0.21742993593215942,-0.2679702341556549,-0.21790093183517456,-0.2686678171157837,-0.20504677295684814,-0.2186519205570221,-0.23669250309467316,-0.2426346391439438,-0.22328029572963715,-0.21984650194644928,-0.3168194890022278,-0.21442672610282898,0.6347168684005737,0.5793557167053223,-0.28210848569869995
-0.22935563325881958,0.0778016597032547,0.06438610702753067,-0.23217307031154633,0.10905605554580688,0.06840448826551437,0.04374804347753525,0.08984818309545517,-0.22855812311172485,0.09262510389089584,0.080324187874794,0.12195269763469696,-0.23140226304531097,1.0,0.11683202534914017,-0.2339148074388504,0.08194953948259354,-0.2266337126493454,0.08625365048646927,0.05518217384815216,0.11038915812969208,0.0665273442864418,0.08034881949424744,0.09826543927192688,0.07138783484697342,0.050706539303064346,-0.23808065056800842,0.0908874124288559,0.10123209655284882,0.05626058578491211,0.09140704572200775,0.09638430178165436,-0.22461643815040588,0.0807066410779953,0.08173210173845291,0.11404828727245331,0.04383687674999237,0.0780513733625412,0.06572318822145462,0.06901197135448456,0.08647724986076355,0.0756288543343544,0.09592513740062714,0.08074969053268433,0.053825024515390396,0.052153024822473526,0.07135322690010071,0.10454028099775314,-0.23065349459648132,-0.22649478912353516,0.08311142772436142,0.05193044990301132,0.09869180619716644,0.10109584033489227,0.08089534938335419,-0.21260526776313782,0.07429981231689453,-0.2308935970067978,0.06499907374382019,0.07943522185087204,-0.24274352192878723,0.0885624960064888,-0.22812555730342865,-0.22401173412799835,0.069533571600914,0.10781979560852051,0.07487975805997849,0.08066776394844055,0.12578952312469482,0.058272987604141235,0.07286684960126877,0.06818243861198425,-0.2334141731262207,0.07241395115852356,0.11110609769821167,0.07662037014961243,0.05995641648769379,-0.2430691123008728,0.0683654323220253,0.0955306738615036,0.02366795390844345,0.041976891458034515,0.098029725253582,-0.22323669493198395,0.08343841880559921,0.07304944843053818,0.0989915207028389,0.07605079561471939,0.08501852303743362,0.056155622005462646,0.05388578027486801,0.06035676226019859,0.07768819481134415,0.0743594840168953,0.06247846782207489,0.09485501050949097,0.07405878603458405,-0.22866375744342804,-0.2133723497390747,0.09497956186532974
-0.32165876030921936,0.1278279721736908,0.12849393486976624,-0.3076769709587097,0.14800123870372772,0.09145454317331314,0.1017656996846199,0.1457294225692749,-0.30558300018310547,0.09591201692819595,0.15605251491069794,0.14882372319698334,-0.29348841309547424,0.11683202534914017,1.0,-0.31566137075424194,0.08828220516443253,-0.3440344035625458,0.12716220319271088,0.056962642818689346,0.12926866114139557,0.11757255345582962,0.12814337015151978,0.19121672213077545,0.06496567279100418,0.08932207524776459,-0.32888591289520264,0.12269891798496246,0.13087663054466248,0.10639318823814392,0.1488196849822998,0.13884703814983368,-0.2912152111530304,0.13570085167884827,0.09154314547777176,0.17266228795051575,0.08054570853710175,0.08160274475812912,0.11936002969741821,0.09492658823728561,0.12403109669685364,0.13025644421577454,0.16297920048236847,0.10467039793729782,0.09160417318344116,0.09357950091362,0.080818310379982,0.15956152975559235,-0.3317582905292511,-0.31918472051620483,0.14093856513500214,0.09575314074754715,0.1066022738814354,0.15526288747787476,0.10363049060106277,-0.3034128248691559,0.14729787409305573,-0.3067149221897125,0.10374277830123901,0.1650608330965042,-0.3172406852245331,0.13480457663536072,-0.31883150339126587,-0.30155396461486816,0.10781104117631912,0.15843191742897034,0.10556540638208389,0.14082729816436768,0.18465407192707062,0.10365785658359528,0.11885552108287811,0.10099049657583237,-0.3126584589481354,0.11324898898601532,0.12724284827709198,0.10798744112253189,0.08102740347385406,-0.33457598090171814,0.10246652364730835,0.11557939648628235,0.06790946424007416,0.08039820194244385,0.11721576005220413,-0.3084340989589691,0.12405598163604736,0.11490020900964737,0.10903456062078476,0.09475476294755936,0.1160019040107727,0.08202226459980011,0.09645858407020569,0.08401373773813248,0.1221608966588974,0.0689181312918663,0.1058640405535698,0.1570853590965271,0.1237688660621643,-0.3306886851787567,-0.29607415199279785,0.12220513820648193
0.661770761013031,-0.2904307544231415,-0.2707756757736206,0.6149988174438477,-0.30930545926094055,-0.24401937425136566,-0.16304637491703033,-0.2945843040943146,0.6136302947998047,-0.23967961966991425,-0.29599201679229736,-0.35029593110084534,0.627947986125946,-0.2339148074388504,-0.31566137075424194,1.0,-0.20388416945934296,0.6481172442436218,-0.2700236141681671,-0.18834440410137177,-0.3286420702934265,-0.2687365710735321,-0.25991395115852356,-0.3435199558734894,-0.19969746470451355,-0.1856909543275833,0.6682807803153992,-0.2525242269039154,-0.2911292016506195,-0.23436695337295532,-0.29842233657836914,-0.3020092248916626,0.6168529987335205,-0.2821993827819824,-0.23592939972877502,-0.32721248269081116,-0.19999456405639648,-0.20842739939689636,-0.24195139110088348,-0.24149122834205627,-0.28089427947998047,-0.2826155126094818,-0.32487955689430237,-0.2715892791748047,-0.2104787826538086,-0.21591131389141083,-0.23014552891254425,-0.3122519552707672,0.6815736889839172,0.6540824174880981,-0.32105517387390137,-0.20848383009433746,-0.27980709075927734,-0.33538344502449036,-0.21574777364730835,0.5870222449302673,-0.3054314851760864,0.6368132829666138,-0.2529871463775635,-0.3088098466396332,0.6639552712440491,-0.2610165476799011,0.6567254662513733,0.6218076348304749,-0.26250898838043213,-0.32879379391670227,-0.24855658411979675,-0.2830084264278412,-0.35540324449539185,-0.25314557552337646,-0.2325301319360733,-0.24629507958889008,0.6262698769569397,-0.2309403270483017,-0.2930544912815094,-0.28058141469955444,-0.20577120780944824,0.6529041528701782,-0.2527112662792206,-0.2704216539859772,-0.20535176992416382,-0.20852555334568024,-0.2701148986816406,0.6504102349281311,-0.24724526703357697,-0.25294485688209534,-0.27567052841186523,-0.23859010636806488,-0.3051624596118927,-0.2135627269744873,-0.21945495903491974,-0.25160107016563416,-0.250002920627594,-0.22438813745975494,-0.24941463768482208,-0.3335763216018677,-0.23628345131874084,0.6659204959869385,0.6410662531852722,-0.310674786567688
-0.20576608180999756,0.09094180166721344,0.056645896285772324,-0.19454415142536163,0.11600399017333984,0.07075019180774689,0.031447313725948334,0.06460240483283997,-0.19684621691703796,0.05912955850362778,0.06383299827575684,0.09676463156938553,-0.20363351702690125,0.08194953948259354,0.08828220516443253,-0.20388416945934296,1.0,-0.19632145762443542,0.05933191627264023,0.053167667239904404,0.07094541192054749,0.08812066912651062,0.0848483070731163,0.08261914551258087,0.019164331257343292,0.06085589900612831,-0.21723482012748718,0.08321438729763031,0.08006998896598816,0.04731226712465286,0.08120448887348175,0.08018422871828079,-0.18911442160606384,0.08525928109884262,0.0450870543718338,0.07688776403665543,0.06015757843852043,0.05408864468336105,0.050458479672670364,0.04344908893108368,0.06845954060554504,0.07647660374641418,0.08745386451482773,0.06054840609431267,0.07371307909488678,0.060237836092710495,0.0558849461376667,0.10033709555864334,-0.21281257271766663,-0.19203311204910278,0.07762604206800461,0.043135832995176315,0.07635138183832169,0.1009378582239151,0.060523953288793564,-0.21031595766544342,0.06628035753965378,-0.20746947824954987,0.05008423328399658,0.09535671025514603,-0.2028176635503769,0.059439923614263535,-0.20166361331939697,-0.19826725125312805,0.06846597790718079,0.09042299538850784,0.05838827043771744,0.07146108895540237,0.11231741309165955,0.07094428688287735,0.0562971755862236,0.054924122989177704,-0.2159470021724701,0.022827276960015297,0.07713937014341354,0.08879268914461136,0.07791457325220108,-0.21775351464748383,0.06901982426643372,0.06193268299102783,0.04258672893047333,0.04884624481201172,0.08975258469581604,-0.20663972198963165,0.07553048431873322,0.05734265223145485,0.08365429937839508,0.07974269241094589,0.0692882239818573,0.040490925312042236,0.04464365541934967,0.06299884617328644,0.07403013110160828,0.038211606442928314,0.054165069013834,0.08718603104352951,0.06130091845989227,-0.21683748066425323,-0.19412702322006226,0.08279130607843399
0.6379212141036987,-0.2807883024215698,-0.2601325511932373,0.6148862242698669,-0.3047405183315277,-0.2646566331386566,-0.15085788071155548,-0.28527146577835083,0.6075380444526672,-0.2263033539056778,-0.3015874922275543,-0.34389322996139526,0.6334062218666077,-0.2266337126493454,-0.3440344035625458,0.6481172442436218,-0.19632145762443542,1.0,-0.26757463812828064,-0.17431190609931946,-0.29408302903175354,-0.24218058586120605,-0.257144570350647,-0.3433276414871216,-0.18495988845825195,-0.19199730455875397,0.6496790051460266,-0.2585897445678711,-0.2995500862598419,-0.21915015578269958,-0.29182377457618713,-0.30598536133766174,0.6084685921669006,-0.27158185839653015,-0.2370099425315857,-0.33122119307518005,-0.20610474050045013,-0.20854710042476654,-0.22460226714611053,-0.22615262866020203,-0.27856019139289856,-0.286138117313385,-0.31219610571861267,-0.2602768838405609,-0.22133497893810272,-0.21689508855342865,-0.2211986631155014,-0.30401021242141724,0.6525259613990784,0.6187886595726013,-0.3024597465991974,-0.21968430280685425,-0.27857527136802673,-0.311865895986557,-0.21465454995632172,0.6051368117332458,-0.25950294733047485,0.6362530589103699,-0.2455257773399353,-0.30879974365234375,0.6372553110122681,-0.2830938398838043,0.6310261487960815,0.6116765737533569,-0.2540469467639923,-0.31555476784706116,-0.24631428718566895,-0.3022199273109436,-0.3532980680465698,-0.2496189922094345,-0.23209786415100098,-0.22941236197948456,0.5983726382255554,-0.23925767838954926,-0.28177234530448914,-0.2588634192943573,-0.21544469892978668,0.6423447132110596,-0.245916485786438,-0.2751964330673218,-0.20487722754478455,-0.18384689092636108,-0.26691746711730957,0.6288179159164429,-0.24513745307922363,-0.24821068346500397,-0.26989448070526123,-0.2331085056066513,-0.2861939072608948,-0.219073086977005,-0.23206867277622223,-0.22239698469638824,-0.2532685697078705,-0.21383072435855865,-0.23025432229042053,-0.3049428164958954,-0.23396459221839905,0.6604982018470764,0.5974663496017456,-0.29027819633483887
-0.2824561893939972,0.1311924308538437,0.09930799901485443,-0.2723655700683594,0.12534870207309723,0.10161801427602768,0.049829673022031784,0.10731956362724304,-0.2621771991252899,0.08362102508544922,0.12006410956382751,0.13789837062358856,-0.26199281215667725,0.08625365048646927,0.12716220319271088,-0.2700236141681671,0.05933191627264023,-0.26757463812828064,1.0,0.0627911165356636,0.11732515692710876,0.09146219491958618,0.10878781974315643,0.1493297666311264,0.06988726556301117,0.07015430927276611,-0.29100584983825684,0.10734312981367111,0.12014048546552658,0.0940789207816124,0.13750116527080536,0.13816721737384796,-0.23723721504211426,0.08902046084403992,0.07550003379583359,0.12517689168453217,0.07757661491632462,0.06350485235452652,0.08266806602478027,0.087851881980896,0.09343389421701431,0.10966191440820694,0.13816024363040924,0.09386419504880905,0.05619027838110924,0.06950020045042038,0.0683538168668747,0.12420988082885742,-0.2818669080734253,-0.2712010443210602,0.12385953962802887,0.05847882851958275,0.09534134715795517,0.1313101351261139,0.07847464084625244,-0.24317322671413422,0.09100298583507538,-0.2718663215637207,0.09180064499378204,0.10597041249275208,-0.26504796743392944,0.1020137220621109,-0.2895108461380005,-0.2584484815597534,0.107235386967659,0.11732280999422073,0.09347157925367355,0.12175431102514267,0.14743345975875854,0.12362176179885864,0.10283580422401428,0.06767213344573975,-0.2608696222305298,0.10386984050273895,0.10889269411563873,0.09822655469179153,0.07216814160346985,-0.26998046040534973,0.08475982397794724,0.100995272397995,0.0646628737449646,0.06592381745576859,0.08657852560281754,-0.26820775866508484,0.07887766510248184,0.07269025593996048,0.1163058876991272,0.08393482118844986,0.1216210201382637,0.08985607326030731,0.08924034237861633,0.09839407354593277,0.10713150352239609,0.059967584908008575,0.09643110632896423,0.10960977524518967,0.09385889023542404,-0.28794002532958984,-0.24940180778503418,0.11376675963401794
-0.20188021659851074,0.07220874726772308,0.05383741855621338,-0.18402516841888428,0.09439616650342941,0.0512361004948616,0.04633414372801781,0.06013971567153931,-0.18074186146259308,0.05344753712415695,0.07034458965063095,0.08515218645334244,-0.17871390283107758,0.05518217384815216,0.056962642818689346,-0.18834440410137177,0.053167667239904404,-0.17431190609931946,0.0627911165356636,1.0,0.08032848685979843,0.043800048530101776,0.05963419750332832,0.10053061693906784,0.07645522803068161,0.04703083261847496,-0.17519661784172058,0.06629623472690582,0.04277104511857033,0.04960334300994873,0.07783246785402298,0.059929631650447845,-0.18825092911720276,0.06497511267662048,0.058478474617004395,0.061038754880428314,0.0434248112142086,0.060024749487638474,0.03750420734286308,0.05494985356926918,0.057985998690128326,0.048748526722192764,0.07429847121238708,0.0681348666548729,0.05132560804486275,0.028732648119330406,0.07455410808324814,0.058409418910741806,-0.193590447306633,-0.19065849483013153,0.06909418851137161,0.04690681770443916,0.06440388411283493,0.06287948787212372,0.033127572387456894,-0.15563423931598663,0.07698097079992294,-0.1955496072769165,0.05274767801165581,0.06436151266098022,-0.19211730360984802,0.07726330310106277,-0.17057795822620392,-0.1892743706703186,0.05153559520840645,0.0670768991112709,0.06402313709259033,0.03549560159444809,0.05673331767320633,0.04894198477268219,0.060605913400650024,0.06305880099534988,-0.1755395531654358,0.0651613250374794,0.03558884933590889,0.04438865929841995,0.060535285621881485,-0.18318504095077515,0.0604320652782917,0.036919623613357544,0.07955194264650345,0.01895304210484028,0.0684552788734436,-0.18885977566242218,0.05261067673563957,0.05039016529917717,0.044023748487234116,0.032255545258522034,0.06831374764442444,0.028113773092627525,0.04613456875085831,0.05590246617794037,0.0382409431040287,0.02588580548763275,0.06841815263032913,0.07862232625484467,0.056059375405311584,-0.19856853783130646,-0.16832970082759857,0.07243213802576065
