1.0,-0.9782024025917053,-0.9900398850440979,0.9968491792678833,-0.978821337223053,-0.9888526201248169,-0.9787189960479736,-0.816172182559967,0.9993611574172974,-0.9611466526985168,-0.9792827367782593,-0.9660835862159729,0.9959421157836914,-0.9839410185813904,-0.9753357768058777,0.9820427894592285,-0.966776430606842,0.9978599548339844,-0.9780259728431702,-0.9926387071609497,-0.9769285321235657,-0.9562380909919739,-0.996516764163971,-0.9938387870788574,-0.9947964549064636,-0.9941431283950806,0.9949370622634888,-0.9701224565505981,-0.9931002259254456,-0.9775723218917847,-0.9445316195487976,-0.8678399324417114,0.9992197155952454,-0.9906390905380249,-0.9621731042861938,-0.9830808043479919,-0.9741560816764832,-0.9556272625923157,-0.9770463109016418,-0.9537379145622253,-0.9460808634757996,-0.9857779741287231,-0.9922261834144592,-0.9547886252403259,-0.9142740964889526,-0.7332481741905212,-0.8600543737411499,-0.9915624260902405,0.9981359243392944,0.9980219602584839,-0.9856470823287964,-0.9949023127555847,-0.9885754585266113,-0.9942523837089539,-0.9641383290290833,0.997215986251831,-0.9832150340080261,0.9950787425041199,-0.30373242497444153,-0.8687166571617126,0.9916911721229553,-0.9984362721443176,0.9978997111320496,0.9995570182800293,-0.9819443225860596,-0.9889537692070007,-0.9408614635467529,-0.9905657172203064,-0.9935029149055481,-0.9432786107063293,-0.9979389905929565,-0.9987371563911438,0.9974725842475891,-0.6703030467033386,-0.9906044006347656,-0.9833472371101379,-0.9520178437232971,0.9909912347793579,-0.9965506792068481,-0.9964691400527954,-0.9535908102989197,-0.8427485823631287,-0.24038344621658325,0.9984388947486877,-0.8512992858886719,-0.23963068425655365,-0.983119785785675,-0.9945229291915894,-0.9911454319953918,-0.9924879670143127,-0.9983736276626587,-0.25915491580963135,-0.9821832180023193,-0.9721061587333679,-0.9891430735588074,-0.9958370923995972,-0.9571229219436646,0.9973678588867188,0.9988258481025696,-0.9877802133560181
-0.9782024025917053,1.0,0.9814231991767883,-0.9792543649673462,0.9969801306724548,0.9898121356964111,0.9925777316093445,0.8097425103187561,-0.9733589291572571,0.9185253381729126,0.9895700216293335,0.9058845043182373,-0.9853942394256592,0.9434852004051208,0.9866530895233154,-0.9419649243354797,0.9436585903167725,-0.9755825996398926,0.9941797852516174,0.9917912483215332,0.9846732020378113,0.9893757700920105,0.9825405478477478,0.987239420413971,0.9753214120864868,0.9924034476280212,-0.9635599255561829,0.9886234402656555,0.981881320476532,0.9802262187004089,0.9817118644714355,0.838041365146637,-0.9809085130691528,0.9907382726669312,0.9811552166938782,0.9828497767448425,0.9687982201576233,0.9693383574485779,0.9953036904335022,0.959963321685791,0.9874173402786255,0.9981632828712463,0.9867441058158875,0.9292218685150146,0.9031873345375061,0.8030626177787781,0.8712623715400696,0.9921296238899231,-0.9729782342910767,-0.9690602421760559,0.9607995748519897,0.9602965712547302,0.9977810978889465,0.9649325609207153,0.9573075771331787,-0.9635999202728271,0.9929211139678955,-0.9643524885177612,0.3020051121711731,0.8459637761116028,-0.9854138493537903,0.9843631982803345,-0.9708538055419922,-0.9826925992965698,0.9884172081947327,0.9967861771583557,0.9134318232536316,0.984331488609314,0.9816160798072815,0.8955492377281189,0.9831366539001465,0.9820013642311096,-0.9705555438995361,0.654042661190033,0.9819620847702026,0.9645252227783203,0.9547523260116577,-0.9794042110443115,0.9801581501960754,0.9898172616958618,0.9793358445167542,0.8060142993927002,0.18744421005249023,-0.9747114777565002,0.809273362159729,0.08931015431880951,0.9505013227462769,0.990568220615387,0.965423583984375,0.9525096416473389,0.9725084900856018,0.11093968898057938,0.9795528054237366,0.966505765914917,0.975005030632019,0.9847118854522705,0.9564278721809387,-0.9837318658828735,-0.9747316241264343,0.9732264280319214
-0.9900398850440979,0.9814231991767883,1.0,-0.9965003728866577,0.9904771447181702,0.9927754998207092,0.9780795574188232,0.8493676781654358,-0.9917457699775696,0.9307419061660767,0.9916327595710754,0.9315187335014343,-0.9848343133926392,0.9838955998420715,0.994308352470398,-0.965275764465332,0.9856297969818115,-0.9857797026634216,0.991530179977417,0.989027202129364,0.9955496788024902,0.9554654955863953,0.9928190112113953,0.9817370176315308,0.9799959063529968,0.9947261214256287,-0.9928238391876221,0.9597868919372559,0.9975774884223938,0.9961336255073547,0.9634739756584167,0.827043890953064,-0.9932512640953064,0.9965509176254272,0.9413573145866394,0.9864025712013245,0.9463778138160706,0.9458706378936768,0.9821813702583313,0.9210412502288818,0.9564857482910156,0.9845457673072815,0.996437668800354,0.9752954244613647,0.8622086644172668,0.7031660676002502,0.8550398945808411,0.9840023517608643,-0.9837373495101929,-0.9817372560501099,0.9728392362594604,0.9756602644920349,0.9849441051483154,0.9780421257019043,0.9857926368713379,-0.9889492392539978,0.9792162775993347,-0.9854044914245605,0.21127644181251526,0.8173179626464844,-0.9739823341369629,0.9952446818351746,-0.9804106950759888,-0.9892666339874268,0.9903640151023865,0.9846100807189941,0.9028413891792297,0.9827500581741333,0.9872664213180542,0.9570508599281311,0.9842846989631653,0.988511323928833,-0.9809582233428955,0.750834047794342,0.9924737215042114,0.990006685256958,0.982144832611084,-0.9684070348739624,0.9948742985725403,0.9950084686279297,0.9813029170036316,0.8794509172439575,0.22993887960910797,-0.9912666082382202,0.8204457759857178,0.13996225595474243,0.9641174674034119,0.9958915710449219,0.9963513016700745,0.9876521229743958,0.9926541447639465,0.26051467657089233,0.9953756928443909,0.9446834921836853,0.9993659853935242,0.9977443814277649,0.9763195514678955,-0.9936198592185974,-0.9888527989387512,0.9906015992164612
0.9968491792678833,-0.9792543649673462,-0.9965003728866577,1.0,-0.984396755695343,-0.9948951601982117,-0.9823143482208252,-0.8341200351715088,0.9979637265205383,-0.9549651741981506,-0.9851023554801941,-0.9560739398002625,0.9904580116271973,-0.9907128214836121,-0.9839065670967102,0.9806239604949951,-0.9810457229614258,0.9936292171478271,-0.9865056872367859,-0.9894800186157227,-0.9852161407470703,-0.9546124935150146,-0.9982712864875793,-0.9910839200019836,-0.9902670979499817,-0.9959775805473328,0.9974862337112427,-0.9685894250869751,-0.9950377941131592,-0.9878407716751099,-0.9523375034332275,-0.8531480431556702,0.9985199570655823,-0.9949409365653992,-0.9486124515533447,-0.9896251559257507,-0.9627454280853271,-0.9522281289100647,-0.9822068810462952,-0.9411852359771729,-0.9532020688056946,-0.9859042763710022,-0.9954628348350525,-0.9726436734199524,-0.8932515978813171,-0.7152378559112549,-0.854124903678894,-0.9868407249450684,0.9920170307159424,0.9926865696907043,-0.9807798862457275,-0.9896243214607239,-0.9870050549507141,-0.990106463432312,-0.9802556037902832,0.9958818554878235,-0.9842590093612671,0.9944319128990173,-0.2574537992477417,-0.8431868553161621,0.9834917187690735,-0.9991844892501831,0.9897406101226807,0.9963205456733704,-0.9898064732551575,-0.9866120219230652,-0.9226011037826538,-0.9915106296539307,-0.99537193775177,-0.9610447287559509,-0.9932493567466736,-0.995449423789978,0.9901966452598572,-0.7225561141967773,-0.9958868622779846,-0.9936781525611877,-0.9728741645812988,0.9802523851394653,-0.9980889558792114,-0.997920572757721,-0.9659122824668884,-0.861144483089447,-0.20180173218250275,0.9986081123352051,-0.8370922207832336,-0.1995018720626831,-0.9784335494041443,-0.9976719617843628,-0.9970523118972778,-0.9935698509216309,-0.996479868888855,-0.2802898585796356,-0.9934234023094177,-0.963737428188324,-0.996139407157898,-0.9994654655456543,-0.9740882515907288,0.995539128780365,0.9950244426727295,-0.9958375096321106
-0.978821337223053,0.9969801306724548,0.9904771447181702,-0.984396755695343,1.0,0.9925074577331543,0.9888081550598145,0.8342538475990295,-0.9764748811721802,0.9111523032188416,0.9947142004966736,0.9020923376083374,-0.9826908707618713,0.9546646475791931,0.9960294961929321,-0.9424244165420532,0.9612451195716858,-0.9747678637504578,0.998662531375885,0.990628182888031,0.9947233200073242,0.9803937673568726,0.9848664402961731,0.9823011159896851,0.9727137088775635,0.9938433170318604,-0.9713588953018188,0.9780985713005066,0.9883269667625427,0.9916955828666687,0.9847397804260254,0.8238226175308228,-0.9828472137451172,0.9952433109283447,0.9645929932594299,0.984955370426178,0.9537844061851501,0.9615429639816284,0.9943954944610596,0.9392123818397522,0.9836406707763672,0.9947596788406372,0.991241455078125,0.9481982588768005,0.8747540712356567,0.7688342332839966,0.8684530258178711,0.9881405830383301,-0.9716748595237732,-0.9675635695457458,0.9597761034965515,0.9583864808082581,0.9939168691635132,0.9640328288078308,0.9721033573150635,-0.9682291150093079,0.9888346195220947,-0.9676880836486816,0.24439749121665955,0.8202893733978271,-0.9774614572525024,0.9868927597999573,-0.9684914946556091,-0.9817997217178345,0.9919865131378174,0.9928007125854492,0.8999484777450562,0.9820555448532104,0.9813641309738159,0.9166363477706909,0.979727566242218,0.9812864661216736,-0.9684650301933289,0.7070643305778503,0.9862642884254456,0.9737482666969299,0.9726227521896362,-0.9698010683059692,0.9845088720321655,0.991467297077179,0.9896728992462158,0.8371305465698242,0.1976228952407837,-0.9772900938987732,0.8049687743186951,0.07170689105987549,0.9490663409233093,0.9931280612945557,0.9760657548904419,0.9609811902046204,0.9768067598342896,0.14799757301807404,0.988785982131958,0.9517992734909058,0.9855870008468628,0.9895467758178711,0.9690178632736206,-0.9861992597579956,-0.9762016534805298,0.9792069792747498
-0.9888526201248169,0.9898121356964111,0.9927754998207092,-0.9948951601982117,0.9925074577331543,1.0,0.9939879775047302,0.8330346941947937,-0.9881951212882996,0.9454155564308167,0.9880974292755127,0.9380373358726501,-0.9869033694267273,0.9776591062545776,0.9869831800460815,-0.9687570333480835,0.971876859664917,-0.985042154788971,0.995629072189331,0.9876194000244141,0.9861714839935303,0.9697041511535645,0.9961222410202026,0.9928835034370422,0.9859928488731384,0.9967182278633118,-0.9857543706893921,0.9840158224105835,0.988167405128479,0.9889625906944275,0.9692034721374512,0.8526378870010376,-0.992242693901062,0.9964816570281982,0.9572165608406067,0.9941985607147217,0.9652622938156128,0.9643341898918152,0.9948922991752625,0.9527207016944885,0.9768702983856201,0.9932816028594971,0.9930543899536133,0.9651815891265869,0.8981984257698059,0.7550680041313171,0.8608406186103821,0.9865652918815613,-0.981460690498352,-0.9824748635292053,0.9697033166885376,0.9785279631614685,0.9925603866577148,0.9820984601974487,0.9797228574752808,-0.9824445843696594,0.9940831065177917,-0.9851356148719788,0.2614436447620392,0.8341273069381714,-0.9834283590316772,0.9950169324874878,-0.9784349203109741,-0.9910746812820435,0.9960857033729553,0.9908571839332581,0.9157878756523132,0.9954468011856079,0.9954991340637207,0.9474571943283081,0.9898742437362671,0.9904854893684387,-0.9788432121276855,0.720487117767334,0.9970344305038452,0.9911659359931946,0.9781569242477417,-0.9775301218032837,0.9931322932243347,0.9973806738853455,0.9740077257156372,0.8350764513015747,0.1349310725927353,-0.9913990497589111,0.8244081735610962,0.1478443741798401,0.9706437587738037,0.9984854459762573,0.9870143532752991,0.9774901866912842,0.9848154783248901,0.22232992947101593,0.9963840246200562,0.969937264919281,0.9898125529289246,0.9967854022979736,0.981555700302124,-0.9893631339073181,-0.9854353666305542,0.9959114789962769
-0.9787189960479736,0.9925777316093445,0.9780795574188232,-0.9823143482208252,0.9888081550598145,0.9939879775047302,1.0,0.7794567346572876,-0.9749827980995178,0.9492441415786743,0.9854138493537903,0.9193899631500244,-0.9787410497665405,0.9557587504386902,0.9747157096862793,-0.9633561968803406,0.9524701833724976,-0.9794877767562866,0.9913404583930969,0.9852048754692078,0.9733788967132568,0.9868704080581665,0.9848747253417969,0.9928940534591675,0.9752530455589294,0.9921608567237854,-0.9671677350997925,0.9936780333518982,0.9762675762176514,0.9716724753379822,0.9618374109268188,0.8335901498794556,-0.9831666350364685,0.9854448437690735,0.9711935520172119,0.9944500923156738,0.9788589477539062,0.9585068225860596,0.9932387471199036,0.9697058200836182,0.9815337657928467,0.9963521957397461,0.9864996671676636,0.9455922842025757,0.9254682064056396,0.7777276635169983,0.8345736265182495,0.9877257943153381,-0.974492073059082,-0.9749116897583008,0.9692100882530212,0.9710412621498108,0.9940711259841919,0.9679896831512451,0.9676483273506165,-0.9674952626228333,0.9929837584495544,-0.9675280451774597,0.34487926959991455,0.8672889471054077,-0.9823645949363708,0.9856579899787903,-0.968823254108429,-0.9833137392997742,0.9948093891143799,0.9930867552757263,0.9028670191764832,0.9901701807975769,0.9921761155128479,0.9166674017906189,0.9840939044952393,0.9805953502655029,-0.9720903038978577,0.6627190113067627,0.984099268913269,0.9781046509742737,0.9587442278862,-0.9784969091415405,0.9781640768051147,0.9897846579551697,0.9693142771720886,0.8117098212242126,0.10427116602659225,-0.9808151125907898,0.7877917289733887,0.10269338637590408,0.9527724385261536,0.9913163185119629,0.9676996469497681,0.9563143849372864,0.9703081250190735,0.18669526278972626,0.9831864833831787,0.9814697504043579,0.9735371470451355,0.98544842004776,0.9611490368843079,-0.9767024517059326,-0.9714517593383789,0.9845585227012634
-0.816172182559967,0.8097425103187561,0.8493676781654358,-0.8341200351715088,0.8342538475990295,0.8330346941947937,0.7794567346572876,1.0,-0.8235195279121399,0.6646028757095337,0.7953057289123535,0.7981254458427429,-0.8330563902854919,0.8326437473297119,0.8605402708053589,-0.7302520275115967,0.8114548325538635,-0.7784625887870789,0.8348318934440613,0.7946992516517639,0.8535906672477722,0.7177708148956299,0.8442854285240173,0.7909507155418396,0.840593159198761,0.8126277327537537,-0.8384801745414734,0.7792532444000244,0.8238723278045654,0.8816710114479065,0.886332094669342,0.8436957597732544,-0.8121038675308228,0.8590397238731384,0.7353808283805847,0.7753400802612305,0.6964718103408813,0.8726474642753601,0.8413915634155273,0.7100587487220764,0.833284854888916,0.7937062382698059,0.8047618865966797,0.8016610741615295,0.5766566395759583,0.6898022294044495,0.9333403706550598,0.7790269255638123,-0.7825788259506226,-0.7845549583435059,0.7170749306678772,0.7734214663505554,0.8010125160217285,0.8402710556983948,0.8018860816955566,-0.8118093609809875,0.8324782848358154,-0.8518131971359253,-0.2724589705467224,0.42827197909355164,-0.8019576072692871,0.8233754634857178,-0.8030028939247131,-0.8146792650222778,0.7957466244697571,0.7901773452758789,0.8318513631820679,0.8311211466789246,0.7931563854217529,0.8348435163497925,0.8125032782554626,0.8321590423583984,-0.7781632542610168,0.8210558891296387,0.8638995289802551,0.8216878771781921,0.8727299571037292,-0.7752880454063416,0.8578996062278748,0.8294133543968201,0.8098177909851074,0.6402623653411865,0.149999737739563,-0.8129317760467529,0.8961069583892822,0.283242404460907,0.8611137866973877,0.8288595080375671,0.8447975516319275,0.8329070210456848,0.8244563937187195,0.04050178825855255,0.8572900295257568,0.7217999696731567,0.8429341912269592,0.8387919664382935,0.9031960368156433,-0.8446070551872253,-0.8371775150299072,0.8334052562713623
0.9993611574172974,-0.9733589291572571,-0.9917457699775696,0.9979637265205383,-0.9764748811721802,-0.9881951212882996,-0.9749827980995178,-0.8235195279121399,1.0,-0.9603793025016785,-0.9782066345214844,-0.9670567512512207,0.9930574297904968,-0.9893016219139099,-0.9755858182907104,0.9835420250892639,-0.9732587933540344,0.9967647194862366,-0.9767423868179321,-0.9895786046981812,-0.9776150584220886,-0.9485599398612976,-0.9964134693145752,-0.9906200766563416,-0.9929946064949036,-0.9926706552505493,0.9978581070899963,-0.9635415077209473,-0.9936407804489136,-0.9794356226921082,-0.9408192038536072,-0.8629470467567444,0.9989871382713318,-0.9901119470596313,-0.9519909024238586,-0.9825263023376465,-0.9670789837837219,-0.9497689008712769,-0.9737838506698608,-0.944136381149292,-0.9403875470161438,-0.9815853238105774,-0.9920408725738525,-0.9625180959701538,-0.903226912021637,-0.7140052318572998,-0.855230450630188,-0.9874698519706726,0.996859610080719,0.9972285628318787,-0.9846685528755188,-0.9945946931838989,-0.98426753282547,-0.993854284286499,-0.9687876105308533,0.9989410638809204,-0.9793214201927185,0.9963808059692383,-0.2821933329105377,-0.8586486577987671,0.9867682456970215,-0.9981896877288818,0.996195375919342,0.9980980157852173,-0.9812938570976257,-0.984607458114624,-0.935043215751648,-0.9885870814323425,-0.9926790595054626,-0.9536423087120056,-0.9954711198806763,-0.997294545173645,0.9959834814071655,-0.6915369033813477,-0.9910809993743896,-0.9868476986885071,-0.9573073387145996,0.9857587814331055,-0.9970715641975403,-0.9954453110694885,-0.9533928036689758,-0.8545089364051819,-0.23982299864292145,0.9990420341491699,-0.8498350381851196,-0.2424713522195816,-0.9828547239303589,-0.9937548637390137,-0.99476158618927,-0.9961228966712952,-0.9991565346717834,-0.2850108742713928,-0.9842687845230103,-0.9657027721405029,-0.9918197989463806,-0.996343731880188,-0.9608771204948425,0.996575117111206,0.9984707236289978,-0.9897303581237793
-0.9611466526985168,0.9185253381729126,0.9307419061660767,-0.9549651741981506,0.9111523032188416,0.9454155564308167,0.9492441415786743,0.6646028757095337,-0.9603793025016785,1.0,0.9248181581497192,0.9584864377975464,-0.9423218965530396,0.9568489789962769,0.8948913216590881,-0.9922245740890503,0.9285181760787964,-0.9712733030319214,0.917976438999176,0.9420728087425232,0.8991777896881104,0.9184465408325195,0.9526736736297607,0.9664443135261536,0.9519262313842773,0.9491416811943054,-0.9545127153396606,0.9392695426940918,0.9369843006134033,0.8997311592102051,0.8427302241325378,0.8154231309890747,-0.9620705246925354,0.9275553822517395,0.9182800054550171,0.9607712030410767,0.9732497334480286,0.8828831315040588,0.9197844862937927,0.9490541815757751,0.8779600858688354,0.9404656887054443,0.9473574161529541,0.9284249544143677,0.9560235738754272,0.6514585018157959,0.7261969447135925,0.9482503533363342,-0.9681521654129028,-0.9753589034080505,0.9757974743843079,0.9828706979751587,0.9403754472732544,0.9573985934257507,0.9275842905044556,-0.9642941951751709,0.9351276159286499,-0.9543290138244629,0.47799205780029297,0.9304685592651367,-0.9506034255027771,0.9565421938896179,-0.9601030349731445,-0.9608682990074158,0.9457152485847473,0.9429892301559448,0.8866932988166809,0.9547902345657349,0.9716401100158691,0.9214016795158386,0.961031973361969,0.9538072347640991,-0.9690667390823364,0.5802068114280701,0.9402583837509155,0.9563206434249878,0.8887787461280823,-0.9597694873809814,0.9431040287017822,0.9501981139183044,0.878699004650116,0.8117247819900513,0.11511646956205368,-0.96784508228302,0.7592035531997681,0.27969783544540405,0.9416406750679016,0.9482102394104004,0.9442793726921082,0.9546095728874207,0.9525090456008911,0.40403419733047485,0.9301391243934631,0.974226713180542,0.9340507984161377,0.948225736618042,0.8943691253662109,-0.9389593005180359,-0.9505296945571899,0.9567380547523499
-0.9792827367782593,0.9895700216293335,0.9916327595710754,-0.9851023554801941,0.9947142004966736,0.9880974292755127,0.9854138493537903,0.7953057289123535,-0.9782066345214844,0.9248181581497192,1.0,0.8959606289863586,-0.9754853844642639,0.9603745341300964,0.992750883102417,-0.955880343914032,0.9752588868141174,-0.9807237982749939,0.9941644072532654,0.9921121597290039,0.9940555095672607,0.9804859161376953,0.9800745248794556,0.9791369438171387,0.9634414315223694,0.9939538240432739,-0.974545955657959,0.9656729102134705,0.9928562641143799,0.9867615103721619,0.9632125496864319,0.7802975177764893,-0.9850940108299255,0.9890745282173157,0.9552066922187805,0.9900677800178528,0.9550065994262695,0.9325740933418274,0.9820031523704529,0.9269766807556152,0.9636423587799072,0.9913366436958313,0.996364414691925,0.9629124402999878,0.8743743896484375,0.7092437744140625,0.8198208212852478,0.9891458749771118,-0.9767489433288574,-0.97160404920578,0.9758458733558655,0.9634153246879578,0.989351212978363,0.9568048715591431,0.9833767414093018,-0.9738954901695251,0.9759469628334045,-0.9630496501922607,0.28210318088531494,0.8472676277160645,-0.9693697094917297,0.9872007966041565,-0.9686229228973389,-0.9804883599281311,0.99461430311203,0.9905146956443787,0.8728729486465454,0.9728716015815735,0.9826298952102661,0.9254217147827148,0.9755774736404419,0.9766349792480469,-0.9735564589500427,0.7085109949111938,0.9783148765563965,0.9780332446098328,0.9707684516906738,-0.9653263688087463,0.9798918962478638,0.988934338092804,0.9933662414550781,0.8825886845588684,0.232950359582901,-0.9797369241714478,0.7619042992591858,0.039631061255931854,0.9352514147758484,0.9911540746688843,0.9803728461265564,0.9661473035812378,0.9800329804420471,0.22368019819259644,0.9858489036560059,0.9470413327217102,0.9897330403327942,0.9887012243270874,0.9557254314422607,-0.9829093217849731,-0.9736663103103638,0.9781667590141296
-0.9660835862159729,0.9058845043182373,0.9315187335014343,-0.9560739398002625,0.9020923376083374,0.9380373358726501,0.9193899631500244,0.7981254458427429,-0.9670567512512207,0.9584864377975464,0.8959606289863586,1.0,-0.9593387842178345,0.9634062051773071,0.8960500955581665,-0.963420033454895,0.907306432723999,-0.9593738317489624,0.9047237634658813,0.93048495054245,0.8974390029907227,0.8684495091438293,0.9619393348693848,0.9563189744949341,0.9758489727973938,0.9371531009674072,-0.9643692374229431,0.9238204956054688,0.9326654672622681,0.911162793636322,0.8658351898193359,0.9275890588760376,-0.9587011337280273,0.9358660578727722,0.9059914350509644,0.9244035482406616,0.9402614831924438,0.9289311170578003,0.9184258580207825,0.933093786239624,0.8746005892753601,0.9214689135551453,0.9294041991233826,0.9015399813652039,0.9112920761108398,0.714512050151825,0.8516644835472107,0.9322346448898315,-0.9631121754646301,-0.971916913986206,0.9381230473518372,0.977367103099823,0.928627610206604,0.9840521812438965,0.8937332034111023,-0.9678628444671631,0.9386070370674133,-0.979164183139801,0.30224695801734924,0.83622807264328,-0.9583002328872681,0.9550736546516418,-0.9712624549865723,-0.9640649557113647,0.9150453805923462,0.9270948767662048,0.9634989500045776,0.9602431654930115,0.9546462297439575,0.9265966415405273,0.9668023586273193,0.9668933749198914,-0.9650903344154358,0.6120055317878723,0.9535492062568665,0.942828357219696,0.8853585124015808,-0.9607279300689697,0.9600504040718079,0.9490270018577576,0.8487755656242371,0.7443441152572632,0.16958631575107574,-0.9658195376396179,0.906376302242279,0.4692707359790802,0.9874910116195679,0.9430500864982605,0.9495295882225037,0.9683679342269897,0.9602289199829102,0.31520628929138184,0.9280843734741211,0.9508777260780334,0.9323228597640991,0.9489043354988098,0.9164972305297852,-0.9538100957870483,-0.9691267013549805,0.9515184760093689
0.9959421157836914,-0.9853942394256592,-0.9848343133926392,0.9904580116271973,-0.9826908707618713,-0.9869033694267273,-0.9787410497665405,-0.8330563902854919,0.9930574297904968,-0.9423218965530396,-0.9754853844642639,-0.9593387842178345,1.0,-0.9680317044258118,-0.9765692353248596,0.9636240005493164,-0.9471966624259949,0.9906452298164368,-0.9790343046188354,-0.9928748607635498,-0.9761933088302612,-0.9615528583526611,-0.9942700266838074,-0.9930981993675232,-0.9968489408493042,-0.9918311834335327,0.9850897789001465,-0.9780613780021667,-0.9878699779510498,-0.9769356846809387,-0.9614037275314331,-0.8909426331520081,0.9935404062271118,-0.991901159286499,-0.976068377494812,-0.9743965864181519,-0.9738835692405701,-0.9750986099243164,-0.9836602210998535,-0.9629382491111755,-0.9604991674423218,-0.9886242151260376,-0.9861388206481934,-0.9316551089286804,-0.91539466381073,-0.7866710424423218,-0.8952890634536743,-0.992481529712677,0.9920769929885864,0.9907560348510742,-0.9721522331237793,-0.9852501153945923,-0.9924942851066589,-0.9928687810897827,-0.9477034211158752,0.9871473908424377,-0.9898487329483032,0.9907353520393372,-0.29327067732810974,-0.8556107878684998,0.9973044991493225,-0.9940949082374573,0.9955534338951111,0.9972590804100037,-0.9761362671852112,-0.9917512536048889,-0.958206832408905,-0.9915647506713867,-0.9868701696395874,-0.9187087416648865,-0.9979653358459473,-0.9986011385917664,0.9915558695793152,-0.6441522836685181,-0.9895731806755066,-0.970165491104126,-0.9433894157409668,0.9944168329238892,-0.9947018027305603,-0.9948233366012573,-0.9518135786056519,-0.8036568760871887,-0.24326680600643158,0.9907009601593018,-0.8751381635665894,-0.24401699006557465,-0.9849909543991089,-0.9922354817390442,-0.98061203956604,-0.9807103276252747,-0.992220401763916,-0.17236995697021484,-0.9769694805145264,-0.9728232026100159,-0.9809029698371887,-0.9915825724601746,-0.955247700214386,0.9975258708000183,0.9969092607498169,-0.9793780446052551
-0.9839410185813904,0.9434852004051208,0.9838955998420715,-0.9907128214836121,0.9546646475791931,0.9776591062545776,0.9557587504386902,0.8326437473297119,-0.9893016219139099,0.9568489789962769,0.9603745341300964,0.9634062051773071,-0.9680317044258118,1.0,0.9603899717330933,-0.9833235144615173,0.9860085248947144,-0.9803086519241333,0.9614318609237671,0.962884247303009,0.9635198712348938,0.9104291200637817,0.9857389330863953,0.9705091118812561,0.9752904772758484,0.9754865765571594,-0.9959779977798462,0.9349276423454285,0.9792925119400024,0.9716764092445374,0.9129893183708191,0.8394345045089722,-0.9859135150909424,0.9752076864242554,0.9014126658439636,0.9743324518203735,0.9344987869262695,0.9185353517532349,0.953454315662384,0.9060934782028198,0.9128172993659973,0.9554752111434937,0.9782619476318359,0.9837684035301208,0.8631994128227234,0.6390323042869568,0.8189029097557068,0.9583747386932373,-0.9783952832221985,-0.9828224778175354,0.968860924243927,0.9840167164802551,0.9566627144813538,0.9818207025527954,0.9775017499923706,-0.9920666813850403,0.957175612449646,-0.9900135397911072,0.21421882510185242,0.8154640197753906,-0.9567482471466064,0.985300600528717,-0.975139856338501,-0.9804798364639282,0.9709942936897278,0.956265389919281,0.9006209373474121,0.9745095372200012,0.9827094674110413,0.9868478178977966,0.9751003384590149,0.9793725609779358,-0.976609468460083,0.7653264999389648,0.9836062788963318,0.9934056997299194,0.9686465263366699,-0.9545727372169495,0.9861249923706055,0.9801828265190125,0.9374778866767883,0.8786770105361938,0.17811663448810577,-0.9906787276268005,0.8288689255714417,0.25246354937553406,0.9721636772155762,0.9799759387969971,0.994975209236145,0.9959110021591187,0.9866174459457397,0.3906872868537903,0.9830446243286133,0.9395544528961182,0.9875057339668274,0.9864421486854553,0.9690629839897156,-0.9779701232910156,-0.9825124740600586,0.9907714128494263
-0.9753357768058777,0.9866530895233154,0.994308352470398,-0.9839065670967102,0.9960294961929321,0.9869831800460815,0.9747157096862793,0.8605402708053589,-0.9755858182907104,0.8948913216590881,0.992750883102417,0.8960500955581665,-0.9765692353248596,0.9603899717330933,1.0,-0.9356186389923096,0.9718626141548157,-0.9691299796104431,0.9948487877845764,0.9847707748413086,0.9996299147605896,0.9618560075759888,0.9814133048057556,0.9701914191246033,0.9660002589225769,0.9887431263923645,-0.9750482439994812,0.9577005505561829,0.9907070398330688,0.9977838397026062,0.9816104173660278,0.8093220591545105,-0.9796773791313171,0.9941378831863403,0.9427597522735596,0.9771023392677307,0.931033730506897,0.9486855864524841,0.9849688410758972,0.9096595644950867,0.9696990251541138,0.9837324619293213,0.9895594120025635,0.9584160447120667,0.837175726890564,0.7291192412376404,0.8682485222816467,0.978846549987793,-0.9666140079498291,-0.9615998268127441,0.9532117247581482,0.9514415860176086,0.9833745956420898,0.9593612551689148,0.9775353670120239,-0.9691763520240784,0.9769143462181091,-0.9671528935432434,0.17708666622638702,0.7876864075660706,-0.9648815393447876,0.9839738011360168,-0.9636262059211731,-0.9762074947357178,0.9860593676567078,0.982343316078186,0.8872098922729492,0.9722967147827148,0.9730126261711121,0.9304260611534119,0.971397876739502,0.9763800501823425,-0.9628971219062805,0.7518575191497803,0.9840227961540222,0.9744304418563843,0.9813940525054932,-0.9558175802230835,0.9844768643379211,0.9871058464050293,0.9923365116119385,0.86423659324646,0.23604805767536163,-0.9743635058403015,0.8062198162078857,0.06924938410520554,0.9445523023605347,0.9890653491020203,0.9820834398269653,0.9664106369018555,0.9780961275100708,0.18000474572181702,0.990062415599823,0.9279502034187317,0.9910857081413269,0.9885596632957458,0.9729390740394592,-0.9854578375816345,-0.9748495817184448,0.9768365621566772
0.9820427894592285,-0.9419649243354797,-0.965275764465332,0.9806239604949951,-0.9424244165420532,-0.9687570333480835,-0.9633561968803406,-0.7302520275115967,0.9835420250892639,-0.9922245740890503,-0.955880343914032,-0.963420033454895,0.9636240005493164,-0.9833235144615173,-0.9356186389923096,1.0,-0.9657910466194153,0.988355278968811,-0.948187530040741,-0.9657906889915466,-0.940129816532135,-0.9318957328796387,-0.9754976630210876,-0.9786887168884277,-0.9692846536636353,-0.972936749458313,0.9821222424507141,-0.9463121891021729,-0.9691112041473389,-0.9408195614814758,-0.8811866044998169,-0.8173510432243347,0.9839779734611511,-0.9581224322319031,-0.9250797033309937,-0.979066789150238,-0.9698118567466736,-0.9013462662696838,-0.9430023431777954,-0.9391948580741882,-0.900771975517273,-0.9598489999771118,-0.974625289440155,-0.9631157517433167,-0.9272906184196472,-0.6436444520950317,-0.7625901699066162,-0.9673066139221191,0.9856404066085815,0.9900883436203003,-0.9895626902580261,-0.9940096139907837,-0.9599860310554504,-0.9745084643363953,-0.9617658257484436,0.9874897599220276,-0.9526380896568298,0.9766697287559509,-0.3873988687992096,-0.9031681418418884,0.9635578989982605,-0.9800702333450317,0.9780269265174866,0.9801867008209229,-0.9691414833068848,-0.9622814059257507,-0.8941025733947754,-0.9704729914665222,-0.9868520498275757,-0.9545193314552307,-0.9771375060081482,-0.9744757413864136,0.9853783845901489,-0.6574469804763794,-0.9660935997962952,-0.9813234210014343,-0.9310011267662048,0.9689731001853943,-0.9705708026885986,-0.9738883972167969,-0.9201499819755554,-0.8634131550788879,-0.17135049402713776,0.9881473183631897,-0.7813296914100647,-0.24447032809257507,-0.9581286907196045,-0.9728230237960815,-0.9765647649765015,-0.9822049140930176,-0.9791150689125061,-0.4048699140548706,-0.9617062211036682,-0.9687435030937195,-0.9690557718276978,-0.9752101898193359,-0.929553747177124,0.9667990207672119,0.9743471145629883,-0.9792938828468323
-0.966776430606842,0.9436585903167725,0.9856297969818115,-0.9810457229614258,0.9612451195716858,0.971876859664917,0.9524701833724976,0.8114548325538635,-0.9732587933540344,0.9285181760787964,0.9752588868141174,0.907306432723999,-0.9471966624259949,0.9860085248947144,0.9718626141548157,-0.9657910466194153,1.0,-0.9670235514640808,0.9684240818023682,0.9597859978675842,0.9761610627174377,0.9196611046791077,0.9694653153419495,0.9528788924217224,0.9455055594444275,0.9721857905387878,-0.9826904535293579,0.9178671836853027,0.9806041121482849,0.977329432964325,0.9156742691993713,0.7534434795379639,-0.9742159247398376,0.9700013995170593,0.8836629390716553,0.9768379926681519,0.911500096321106,0.8848073482513428,0.9472669959068298,0.8698310852050781,0.9110066294670105,0.952718198299408,0.9812994003295898,0.9974615573883057,0.8191774487495422,0.5831776857376099,0.7704998850822449,0.9524317979812622,-0.9620112180709839,-0.9620108604431152,0.9644091725349426,0.9595240354537964,0.9502748250961304,0.9492005705833435,0.9960931539535522,-0.9766845703125,0.9411391019821167,-0.963787317276001,0.18790782988071442,0.7974411845207214,-0.9317858219146729,0.974992036819458,-0.9513329863548279,-0.9630005359649658,0.9773739576339722,0.9513814449310303,0.8358233571052551,0.9531940221786499,0.9708248972892761,0.9809185862541199,0.9531356692314148,0.9587016105651855,-0.9582527875900269,0.8082566857337952,0.9694659113883972,0.9899173378944397,0.983013927936554,-0.9281247854232788,0.9711303114891052,0.9708678722381592,0.9671237468719482,0.933840811252594,0.20291633903980255,-0.9758045077323914,0.7479687929153442,0.096068374812603,0.9295927882194519,0.9739336967468262,0.989854097366333,0.9798312783241272,0.9740687608718872,0.405332088470459,0.9835004806518555,0.9094275236129761,0.9902932643890381,0.9793030619621277,0.9627344608306885,-0.9649403691291809,-0.9618701338768005,0.9810269474983215
0.9978599548339844,-0.9755825996398926,-0.9857797026634216,0.9936292171478271,-0.9747678637504578,-0.985042154788971,-0.9794877767562866,-0.7784625887870789,0.9967647194862366,-0.9712733030319214,-0.9807237982749939,-0.9593738317489624,0.9906452298164368,-0.9803086519241333,-0.9691299796104431,0.988355278968811,-0.9670235514640808,1.0,-0.9741585850715637,-0.9930425882339478,-0.9718532562255859,-0.9621030688285828,-0.9911933541297913,-0.9933351278305054,-0.987945556640625,-0.993091344833374,0.9911057949066162,-0.9680790305137634,-0.991599977016449,-0.9690335392951965,-0.9308763742446899,-0.8427985906600952,0.9981205463409424,-0.9841419458389282,-0.9632558822631836,-0.9860324263572693,-0.9809103012084961,-0.9403397440910339,-0.9705833792686462,-0.9552410244941711,-0.9376071095466614,-0.985492467880249,-0.9928056597709656,-0.9553465247154236,-0.9259076118469238,-0.7127857804298401,-0.8280553817749023,-0.9930896162986755,0.9994722604751587,0.9988192915916443,-0.9944154024124146,-0.9964162707328796,-0.9873250126838684,-0.9874377846717834,-0.9652718305587769,0.9960457682609558,-0.9771547913551331,0.9881032109260559,-0.35375601053237915,-0.8954765200614929,0.9885851144790649,-0.9961571097373962,0.9960845112800598,0.9973260164260864,-0.9828817248344421,-0.9890754818916321,-0.9255805015563965,-0.9852486252784729,-0.993888258934021,-0.9377738237380981,-0.9951199293136597,-0.9941698312759399,0.998986542224884,-0.6491890549659729,-0.982937753200531,-0.9815326929092407,-0.9439277052879333,0.9905545115470886,-0.9899694919586182,-0.9932655692100525,-0.9527918100357056,-0.8561000227928162,-0.24719300866127014,0.9970709681510925,-0.8201658725738525,-0.21468164026737213,-0.9720194935798645,-0.9916033148765564,-0.9872590899467468,-0.9889277219772339,-0.9959459900856018,-0.2858021855354309,-0.976353645324707,-0.9753475785255432,-0.9858508110046387,-0.99211585521698,-0.9436817169189453,0.9921913743019104,0.9939470887184143,-0.9840682744979858
-0.9780259728431702,0.9941797852516174,0.991530179977417,-0.9865056872367859,0.998662531375885,0.995629072189331,0.9913404583930969,0.8348318934440613,-0.9767423868179321,0.917976438999176,0.9941644072532654,0.9047237634658813,-0.9790343046188354,0.9614318609237671,0.9948487877845764,-0.948187530040741,0.9684240818023682,-0.9741585850715637,1.0,0.9867727756500244,0.9935752749443054,0.9769800901412964,0.9865109920501709,0.9827919602394104,0.9718890190124512,0.9938583970069885,-0.973804771900177,0.9785250425338745,0.9868717193603516,0.9926406145095825,0.9812687635421753,0.8210951089859009,-0.9831913113594055,0.9951099753379822,0.955869197845459,0.9897588491439819,0.9519507884979248,0.9581111669540405,0.9952406287193298,0.9374168515205383,0.9837175607681274,0.9933487772941589,0.9915542602539062,0.9589928984642029,0.8733196258544922,0.7557975649833679,0.8581889867782593,0.98431795835495,-0.9698505997657776,-0.9675472974777222,0.9595849514007568,0.9599940776824951,0.9915380477905273,0.964532732963562,0.9799356460571289,-0.9692099094390869,0.9891660213470459,-0.9693902730941772,0.2366141974925995,0.8153021931648254,-0.9737342596054077,0.9874643087387085,-0.9653292894363403,-0.9809285998344421,0.9956610202789307,0.9900187849998474,0.8926694393157959,0.9844364523887634,0.9849061965942383,0.9302089810371399,0.9785439968109131,0.9800555109977722,-0.9662888050079346,0.729282796382904,0.9891895055770874,0.9814104437828064,0.9809799194335938,-0.9657006859779358,0.9848939776420593,0.9918150305747986,0.9893109798431396,0.8431714773178101,0.15819071233272552,-0.979304313659668,0.7979304194450378,0.06940975785255432,0.9497934579849243,0.9941814541816711,0.979049563407898,0.9631542563438416,0.9756466150283813,0.1784423589706421,0.993736743927002,0.9530155062675476,0.9873964190483093,0.9909960031509399,0.9771636128425598,-0.9836276173591614,-0.9743815064430237,0.9855861663818359
-0.9926387071609497,0.9917912483215332,0.989027202129364,-0.9894800186157227,0.990628182888031,0.9876194000244141,0.9852048754692078,0.7946992516517639,-0.9895786046981812,0.9420728087425232,0.9921121597290039,0.93048495054245,-0.9928748607635498,0.962884247303009,0.9847707748413086,-0.9657906889915466,0.9597859978675842,-0.9930425882339478,0.9867727756500244,1.0,0.9858925938606262,0.9803392291069031,0.9883005619049072,0.9911733269691467,0.9830609560012817,0.9968055486679077,-0.9812809824943542,0.9755980968475342,0.994744062423706,0.9795083999633789,0.9594959020614624,0.8319007158279419,-0.9937772154808044,0.9911069273948669,0.9777440428733826,0.9849036335945129,0.9760954976081848,0.9529452919960022,0.9826409816741943,0.9539987444877625,0.9604408740997314,0.9951692819595337,0.9955589771270752,0.9435258507728577,0.9107714891433716,0.7505716681480408,0.8513473868370056,0.9992170929908752,-0.9923568367958069,-0.9878894090652466,0.9846439361572266,0.9806916117668152,0.9964756369590759,0.9771581292152405,0.9637085795402527,-0.9849028587341309,0.9841684103012085,-0.9778122901916504,0.32862967252731323,0.8774917721748352,-0.9901818037033081,0.9940431118011475,-0.9895040988922119,-0.9938701391220093,0.9871747493743896,0.9977508187294006,0.9199711680412292,0.9831209778785706,0.987877368927002,0.9141024351119995,0.9919167160987854,0.991594135761261,-0.9910202026367188,0.647163450717926,0.9824389815330505,0.9723395705223083,0.9491177797317505,-0.9888520836830139,0.9884151816368103,0.9946820139884949,0.9740226864814758,0.8474043011665344,0.26953020691871643,-0.9886322617530823,0.81352698802948,0.14152401685714722,0.9602532982826233,0.993912398815155,0.9808646440505981,0.9755341410636902,0.9909045696258545,0.19546401500701904,0.9784936904907227,0.9677320122718811,0.9861782789230347,0.991722583770752,0.9458333849906921,-0.994123101234436,-0.9895381331443787,0.9771303534507751
