1.0,-0.2918247878551483,-0.19686546921730042,0.6097803115844727,-0.2884698808193207,-0.21943360567092896,-0.20549462735652924,-0.2401411086320877,0.6425338983535767,-0.33040452003479004,-0.27313244342803955,-0.33814099431037903,0.6196930408477783,-0.24558579921722412,-0.3369620740413666,0.6244232654571533,-0.25405094027519226,0.6244338750839233,-0.2859954237937927,-0.22562366724014282,-0.27904802560806274,-0.2263302057981491,-0.32950472831726074,-0.3129356801509857,-0.27167245745658875,-0.21191152930259705,0.5995473861694336,-0.29893434047698975,-0.26534268260002136,-0.29911890625953674,-0.2526119351387024,-0.26713302731513977,0.6299275159835815,-0.2854880392551422,-0.2385997623205185,-0.27565962076187134,-0.23359572887420654,-0.17836777865886688,-0.24633947014808655,-0.28269460797309875,-0.29755982756614685,-0.24089592695236206,-0.28183260560035706,-0.2152765393257141,-0.16987521946430206,-0.2513085603713989,-0.2541428208351135,-0.29060617089271545,0.6147919297218323,0.6103255748748779,-0.2538416385650635,-0.2482011318206787,-0.24791905283927917,-0.23009303212165833,-0.2035573422908783,0.587103009223938,-0.2098008245229721,0.6162499785423279,-0.2727421820163727,-0.27401843667030334,0.5940831303596497,-0.21810925006866455,0.5567530393600464,0.597562849521637,-0.29200127720832825,-0.31676003336906433,-0.27198708057403564,-0.2588343024253845,-0.2820099890232086,-0.21047192811965942,-0.2863085865974426,-0.3526984453201294,0.6099550127983093,-0.200535386800766,-0.24735040962696075,-0.29755228757858276,-0.23683692514896393,0.6121827363967896,-0.24280628561973572,-0.29949527978897095,-0.20382815599441528,-0.22835393249988556,-0.1971036195755005,0.6254067420959473,-0.22227518260478973,-0.23654229938983917,-0.316881388425827,-0.2206745594739914,-0.3531441390514374,-0.1961398720741272,-0.22233989834785461,-0.22005882859230042,-0.28762343525886536,-0.29688194394111633,-0.274200439453125,-0.3431539535522461,-0.2213083654642105,0.5827054381370544,0.6282612681388855,-0.24130603671073914
-0.2918247878551483,1.0,0.10558130592107773,-0.30472996830940247,0.1418290138244629,0.10176625102758408,0.07868379354476929,0.10236775875091553,-0.3124540150165558,0.1549385040998459,0.1316567361354828,0.15557022392749786,-0.30892354249954224,0.0986902192234993,0.13837464153766632,-0.31755682826042175,0.07968205213546753,-0.30516260862350464,0.12969215214252472,0.0995127409696579,0.12342575192451477,0.08714716136455536,0.17256969213485718,0.11564837396144867,0.11722160875797272,0.07629462331533432,-0.3124065697193146,0.13687537610530853,0.13014008104801178,0.13490688800811768,0.10085336118936539,0.11660704016685486,-0.3090045154094696,0.1295902281999588,0.10676293820142746,0.12076441198587418,0.11108554899692535,0.08244819194078445,0.10651161521673203,0.11864063143730164,0.12663990259170532,0.11523351073265076,0.128886416554451,0.09925219416618347,0.06298444420099258,0.12093588709831238,0.09048987925052643,0.13159684836864471,-0.29749053716659546,-0.2993125319480896,0.11912661790847778,0.1120440661907196,0.12779274582862854,0.1298188716173172,0.06444799154996872,-0.2966901659965515,0.08471880853176117,-0.29898831248283386,0.11797831207513809,0.13699348270893097,-0.28076693415641785,0.08979108929634094,-0.2574489414691925,-0.29425400495529175,0.11762703210115433,0.10786624997854233,0.14152942597866058,0.09258433431386948,0.10338528454303741,0.09052658826112747,0.1382213681936264,0.14553354680538177,-0.30201810598373413,0.09161905944347382,0.11427426338195801,0.13356773555278778,0.08204413950443268,-0.28531119227409363,0.08512181043624878,0.15174022316932678,0.0858447477221489,0.1070578470826149,0.08709288388490677,-0.30909186601638794,0.06107087805867195,0.09737302362918854,0.1556595265865326,0.07733283191919327,0.160535529255867,0.09663843363523483,0.09587335586547852,0.10528302937746048,0.13613802194595337,0.12357483059167862,0.1438658982515335,0.16364774107933044,0.06876566261053085,-0.28619277477264404,-0.2988644242286682,0.11529183387756348
-0.19686546921730042,0.10558130592107773,1.0,-0.19189725816249847,0.07332231849431992,0.06508906185626984,0.06140710413455963,0.05581941828131676,-0.19531692564487457,0.10665888339281082,0.07472722977399826,0.10174203664064407,-0.20816950500011444,0.05100636929273605,0.08695309609174728,-0.18921440839767456,0.058511462062597275,-0.1969548612833023,0.08350216597318649,0.05130127817392349,0.06686385720968246,0.056381478905677795,0.09178004413843155,0.06628014147281647,0.07775257527828217,0.047243401408195496,-0.1782120317220688,0.08025292307138443,0.06530173122882843,0.08237738907337189,0.08798914402723312,0.06881162524223328,-0.20698082447052002,0.07074200361967087,0.06824181973934174,0.08017953485250473,0.06103216111660004,0.029320862144231796,0.08564966171979904,0.07253815978765488,0.07573376595973969,0.07490916550159454,0.06594403833150864,0.03811230883002281,0.03950078412890434,0.0605432391166687,0.07039312273263931,0.06013280898332596,-0.198191836476326,-0.18672989308834076,0.058304883539676666,0.0573459155857563,0.08400483429431915,0.06292509287595749,0.015766099095344543,-0.18999932706356049,0.04947109892964363,-0.18008653819561005,0.06581782549619675,0.07400258630514145,-0.16449198126792908,0.029572786763310432,-0.16111347079277039,-0.19000783562660217,0.07783342152833939,0.09859535098075867,0.057303693145513535,0.07211834192276001,0.05174652487039566,0.06307660788297653,0.06645796447992325,0.09422586858272552,-0.18403086066246033,0.024919163435697556,0.05938493087887764,0.06494329869747162,0.06295354664325714,-0.19463373720645905,0.05694225803017616,0.08143804967403412,0.027778802439570427,0.04799879342317581,0.039683111011981964,-0.1875365972518921,0.06197988986968994,0.06017904356122017,0.06739067286252975,0.053852081298828125,0.09287790954113007,0.04173569008708,0.05225168913602829,0.0664137452840805,0.05864577740430832,0.068614162504673,0.07626739144325256,0.09506439417600632,0.049963418394327164,-0.18448419868946075,-0.19210699200630188,0.09174314886331558
0.6097803115844727,-0.30472996830940247,-0.19189725816249847,1.0,-0.28488507866859436,-0.24410924315452576,-0.19557364284992218,-0.24816814064979553,0.6155439019203186,-0.3220888674259186,-0.2869317829608917,-0.3261267840862274,0.6270083785057068,-0.22797656059265137,-0.3209066390991211,0.6120378971099854,-0.22418738901615143,0.619936466217041,-0.2879966199398041,-0.20889154076576233,-0.27244648337364197,-0.21336212754249573,-0.3299659490585327,-0.2808994650840759,-0.25667643547058105,-0.19826024770736694,0.5928918123245239,-0.2951808571815491,-0.2514056861400604,-0.3013184070587158,-0.25086700916290283,-0.2608166038990021,0.6204628944396973,-0.2687337398529053,-0.22779744863510132,-0.2742941975593567,-0.23760373890399933,-0.17834435403347015,-0.2434234917163849,-0.2709331810474396,-0.2850143611431122,-0.23876039683818817,-0.2908914089202881,-0.20870386064052582,-0.1768541932106018,-0.23216897249221802,-0.24313603341579437,-0.2799682021141052,0.5995537042617798,0.6131618022918701,-0.24823123216629028,-0.24971167743206024,-0.25315234065055847,-0.24692736566066742,-0.1989278793334961,0.5721222162246704,-0.2048279345035553,0.5946223735809326,-0.26872503757476807,-0.27820730209350586,0.5964609980583191,-0.22832545638084412,0.5332456827163696,0.5821905136108398,-0.2770225405693054,-0.3027217388153076,-0.2631632685661316,-0.24167883396148682,-0.26623138785362244,-0.21504387259483337,-0.2575676739215851,-0.3314374089241028,0.6144914031028748,-0.1828533262014389,-0.2484624683856964,-0.3074553310871124,-0.24853859841823578,0.6027638912200928,-0.22621631622314453,-0.320809006690979,-0.18574941158294678,-0.23827438056468964,-0.2078247219324112,0.6198960542678833,-0.2297484576702118,-0.24709613621234894,-0.31331658363342285,-0.23595915734767914,-0.3422721028327942,-0.19991180300712585,-0.22470831871032715,-0.22622577846050262,-0.3061288297176361,-0.27553266286849976,-0.26046353578567505,-0.32574331760406494,-0.22005775570869446,0.5716449618339539,0.6237502694129944,-0.24287556111812592
-0.2884698808193207,0.1418290138244629,0.07332231849431992,-0.28488507866859436,1.0,0.12365833669900894,0.07551092654466629,0.10781451314687729,-0.30058398842811584,0.1502196341753006,0.14306385815143585,0.1518574208021164,-0.3125995993614197,0.10001810640096664,0.17894549667835236,-0.3075956404209137,0.11616576462984085,-0.3274660110473633,0.12274923920631409,0.09131233394145966,0.13476334512233734,0.10111572593450546,0.13641417026519775,0.12001984566450119,0.11813507229089737,0.029235489666461945,-0.30485108494758606,0.13300453126430511,0.10835111141204834,0.15407221019268036,0.11907436698675156,0.11774265766143799,-0.3025873005390167,0.14608041942119598,0.11466748267412186,0.13204848766326904,0.10125758498907089,0.06899319589138031,0.09493258595466614,0.12939295172691345,0.1254945993423462,0.1031588464975357,0.13565786182880402,0.09506026655435562,0.07119937241077423,0.11449377238750458,0.1112619936466217,0.12171943485736847,-0.2943861782550812,-0.3016335666179657,0.13547150790691376,0.10220552235841751,0.13728849589824677,0.11344710737466812,0.08304497599601746,-0.28642138838768005,0.07152996957302094,-0.3165358603000641,0.1235121488571167,0.13822893798351288,-0.30436819791793823,0.09835267812013626,-0.26910993456840515,-0.2962947487831116,0.12669798731803894,0.143673375248909,0.12123582512140274,0.12462594360113144,0.12331637740135193,0.0809369757771492,0.13244138658046722,0.1596946269273758,-0.28952962160110474,0.08538085222244263,0.11114382743835449,0.1383865922689438,0.1010761708021164,-0.30014854669570923,0.10500060021877289,0.15355554223060608,0.08009239286184311,0.0861506313085556,0.09447892010211945,-0.30322617292404175,0.09100746363401413,0.07096076756715775,0.1547623723745346,0.08969314396381378,0.15556463599205017,0.06369777768850327,0.08163199573755264,0.0993654727935791,0.14279556274414062,0.13048215210437775,0.11558928340673447,0.15541359782218933,0.07474719732999802,-0.2763018012046814,-0.3100280165672302,0.10811115056276321
-0.21943360567092896,0.10176625102758408,0.06508906185626984,-0.24410924315452576,0.12365833669900894,1.0,0.07337602972984314,0.05791548267006874,-0.2580794095993042,0.1287103146314621,0.10854199528694153,0.11132954806089401,-0.24617546796798706,0.05586623027920723,0.10785684734582901,-0.22444437444210052,0.08977273851633072,-0.24219751358032227,0.11680594831705093,0.06590545922517776,0.08029508590698242,0.0453505739569664,0.13524192571640015,0.1043025329709053,0.08897395431995392,0.05439278110861778,-0.22678548097610474,0.10196727514266968,0.0760362520813942,0.10649225860834122,0.08053173869848251,0.07965143024921417,-0.23263996839523315,0.10437553375959396,0.07635793834924698,0.10455755889415741,0.08670084923505783,0.04355465993285179,0.06081634387373924,0.07099665701389313,0.09759913384914398,0.09491267800331116,0.11262138932943344,0.05097997933626175,0.0505300909280777,0.05910668894648552,0.0751127228140831,0.09592606127262115,-0.2286781668663025,-0.23509667813777924,0.08435987681150436,0.09904740750789642,0.08651353418827057,0.08034864068031311,0.06738200783729553,-0.20852594077587128,0.053312037140131,-0.23045432567596436,0.08659090846776962,0.09116339683532715,-0.22268180549144745,0.0638461783528328,-0.2119213193655014,-0.23008334636688232,0.0797804743051529,0.09544593095779419,0.07474438101053238,0.08186833560466766,0.09143265336751938,0.09581724554300308,0.08473813533782959,0.10615259408950806,-0.22642071545124054,0.08845242857933044,0.08688923716545105,0.1012781411409378,0.06536316126585007,-0.23793643712997437,0.07749373465776443,0.08605726808309555,0.0778215229511261,0.061809200793504715,0.05888205021619797,-0.24669167399406433,0.0467616431415081,0.06439608335494995,0.10423064976930618,0.084012471139431,0.11845153570175171,0.061448123306035995,0.061281077563762665,0.07669529318809509,0.11038169264793396,0.10853297263383865,0.08955839276313782,0.09252725541591644,0.07196453213691711,-0.22533443570137024,-0.2296864092350006,0.09424298256635666
-0.20549462735652924,0.07868379354476929,0.06140710413455963,-0.19557364284992218,0.07551092654466629,0.07337602972984314,1.0,0.10705915838479996,-0.21047113835811615,0.0875638872385025,0.07857760041952133,0.07103987783193588,-0.22053854167461395,0.07113292068243027,0.1066364049911499,-0.20857009291648865,0.06207264959812164,-0.219202920794487,0.09011360257863998,0.04697414115071297,0.08658145368099213,0.06065092980861664,0.09203970432281494,0.07379760593175888,0.055420566350221634,0.07915826886892319,-0.20500420033931732,0.0874049961566925,0.0705418586730957,0.0925842747092247,0.0597827173769474,0.06544573605060577,-0.2081674188375473,0.08953535556793213,0.04895476996898651,0.0869470089673996,0.06076468899846077,0.05098704993724823,0.08237334340810776,0.10222189128398895,0.06766927987337112,0.09302815794944763,0.05791110917925835,0.06290532648563385,0.023956555873155594,0.04713595658540726,0.06862159073352814,0.07032470405101776,-0.21942675113677979,-0.2061048150062561,0.06465350836515427,0.05472993478178978,0.07730062305927277,0.0502457432448864,0.044716350734233856,-0.18131865561008453,0.0742768868803978,-0.19002999365329742,0.07531553506851196,0.07312003523111343,-0.19600822031497955,0.052794791758060455,-0.1987636387348175,-0.20316781103610992,0.07958315312862396,0.09592337906360626,0.09622468799352646,0.0677221417427063,0.10063450038433075,0.06008419394493103,0.061002690345048904,0.07981223613023758,-0.22452349960803986,0.04462767764925957,0.06460031121969223,0.09992150962352753,0.06830309331417084,-0.22232010960578918,0.05130736902356148,0.10097909718751907,0.05521957948803902,0.07804291695356369,0.06431351602077484,-0.21394911408424377,0.06538679450750351,0.06090410053730011,0.089567631483078,0.06346990168094635,0.08343102037906647,0.05339336395263672,0.05041828006505966,0.06640459597110748,0.06967712193727493,0.08593447506427765,0.0892629399895668,0.08303314447402954,0.050368256866931915,-0.20684939622879028,-0.23028868436813354,0.046776048839092255
-0.2401411086320877,0.10236775875091553,0.05581941828131676,-0.24816814064979553,0.10781451314687729,0.05791548267006874,0.10705915838479996,1.0,-0.25458773970603943,0.09268821775913239,0.09277553111314774,0.11293496191501617,-0.2626330852508545,0.10727966576814651,0.14622841775417328,-0.2518719732761383,0.0768565833568573,-0.2638043761253357,0.09424450248479843,0.04994824528694153,0.07980138063430786,0.07389690726995468,0.1242564246058464,0.1194632351398468,0.10901013016700745,0.06976377218961716,-0.23444411158561707,0.10068269073963165,0.08459824323654175,0.12882696092128754,0.08924049139022827,0.10556094348430634,-0.25400760769844055,0.1048656776547432,0.08120013773441315,0.10185198485851288,0.07280463725328445,0.05576176568865776,0.07044115662574768,0.11252760887145996,0.08607137203216553,0.09291259199380875,0.08970881998538971,0.0613589882850647,0.05039848014712334,0.09305406361818314,0.0955161526799202,0.10640952736139297,-0.24520079791545868,-0.24730104207992554,0.08679860085248947,0.08529313653707504,0.10703206062316895,0.105745829641819,0.06442223489284515,-0.2181120216846466,0.07946591079235077,-0.24579347670078278,0.09266152232885361,0.10283040255308151,-0.24009938538074493,0.08531410992145538,-0.2106660157442093,-0.23782271146774292,0.11037316173315048,0.10399363189935684,0.0860205814242363,0.08519645035266876,0.09204964339733124,0.05871282517910004,0.08688749372959137,0.10359810292720795,-0.2558874487876892,0.07117774337530136,0.09461335837841034,0.12046997249126434,0.057879213243722916,-0.24843408167362213,0.1088891327381134,0.09508278965950012,0.07078345865011215,0.07270318269729614,0.07187344133853912,-0.2550998032093048,0.06784386187791824,0.08407868444919586,0.1101183146238327,0.07143741101026535,0.11898747086524963,0.06448209285736084,0.09113458544015884,0.07862452417612076,0.10930781066417694,0.08620131760835648,0.0836820974946022,0.12060302495956421,0.0887141302227974,-0.2395658940076828,-0.26307523250579834,0.06133032590150833
0.6425338983535767,-0.3124540150165558,-0.19531692564487457,0.6155439019203186,-0.30058398842811584,-0.2580794095993042,-0.21047113835811615,-0.25458773970603943,1.0,-0.33476710319519043,-0.2983688414096832,-0.34435003995895386,0.6390205025672913,-0.2550900876522064,-0.33485573530197144,0.6451700329780579,-0.24194610118865967,0.6485627293586731,-0.2715452015399933,-0.22942684590816498,-0.2717602550983429,-0.2128620147705078,-0.32698649168014526,-0.30306920409202576,-0.2760152816772461,-0.21311558783054352,0.6049526333808899,-0.3027467429637909,-0.24348139762878418,-0.3233496844768524,-0.2561359107494354,-0.27042898535728455,0.6363638043403625,-0.2877941131591797,-0.2630930244922638,-0.2950405180454254,-0.2544958293437958,-0.1973097175359726,-0.2550901472568512,-0.2965939939022064,-0.3085290491580963,-0.24845558404922485,-0.297751247882843,-0.22893847525119781,-0.17912718653678894,-0.25347721576690674,-0.2527654469013214,-0.30623331665992737,0.6367486119270325,0.6286230087280273,-0.2483195811510086,-0.24483513832092285,-0.27309420704841614,-0.2703399658203125,-0.19753611087799072,0.5842074751853943,-0.19225648045539856,0.6400824785232544,-0.2848149836063385,-0.2941901385784149,0.6033710241317749,-0.21012990176677704,0.5654160380363464,0.6173800230026245,-0.29920563101768494,-0.3117052912712097,-0.2700902819633484,-0.2545168399810791,-0.2829877436161041,-0.22238366305828094,-0.2767912745475769,-0.3650859296321869,0.6427728533744812,-0.20051497220993042,-0.24895736575126648,-0.2906661629676819,-0.23844289779663086,0.625250518321991,-0.24998241662979126,-0.30572396516799927,-0.20311516523361206,-0.2191675901412964,-0.2059396356344223,0.653327226638794,-0.21490652859210968,-0.25127294659614563,-0.3125799894332886,-0.22432522475719452,-0.3720341920852661,-0.2204096019268036,-0.23738035559654236,-0.23220595717430115,-0.2968570291996002,-0.30587396025657654,-0.29552215337753296,-0.3413841724395752,-0.20639854669570923,0.595017671585083,0.658017098903656,-0.25002750754356384
-0.33040452003479004,0.1549385040998459,0.10665888339281082,-0.3220888674259186,0.1502196341753006,0.1287103146314621,0.0875638872385025,0.09268821775913239,-0.33476710319519043,1.0,0.16837692260742188,0.18775534629821777,-0.34616777300834656,0.12569832801818848,0.15749366581439972,-0.3452123701572418,0.1174951121211052,-0.3412646949291229,0.15879715979099274,0.10810811072587967,0.1703794151544571,0.11961787194013596,0.16474181413650513,0.1535118669271469,0.1342359185218811,0.09937699884176254,-0.33714208006858826,0.13770350813865662,0.11798372119665146,0.15447743237018585,0.09553860127925873,0.14819219708442688,-0.35005971789360046,0.1641886830329895,0.11655540019273758,0.1609072983264923,0.14036016166210175,0.061768125742673874,0.11990056931972504,0.12859056890010834,0.14568142592906952,0.1211523786187172,0.16175268590450287,0.09228190034627914,0.0637177899479866,0.12842154502868652,0.10319533199071884,0.15327635407447815,-0.32003289461135864,-0.32577982544898987,0.13722717761993408,0.11926611512899399,0.14091326296329498,0.10998288542032242,0.0923982635140419,-0.32032039761543274,0.07391813397407532,-0.3322584331035614,0.1483367383480072,0.14829190075397491,-0.3250437378883362,0.10301567614078522,-0.29852473735809326,-0.3297393321990967,0.13253380358219147,0.1428399682044983,0.12924490869045258,0.13039642572402954,0.15062673389911652,0.09682823717594147,0.1318034678697586,0.20351018011569977,-0.3377479910850525,0.109117791056633,0.15526923537254333,0.13785575330257416,0.11802221089601517,-0.33805662393569946,0.08997511863708496,0.16697920858860016,0.10415743291378021,0.09327099472284317,0.11331024765968323,-0.3598364293575287,0.11846653372049332,0.1347832828760147,0.1768219918012619,0.10630596429109573,0.19187375903129578,0.08906004577875137,0.11037567257881165,0.07628101110458374,0.1341174840927124,0.15356197953224182,0.12289316207170486,0.17389990389347076,0.071682870388031,-0.3167929947376251,-0.3381377160549164,0.11224429309368134
-0.27313244342803955,0.1316567361354828,0.07472722977399826,-0.2869317829608917,0.14306385815143585,0.10854199528694153,0.07857760041952133,0.09277553111314774,-0.2983688414096832,0.16837692260742188,1.0,0.19593805074691772,-0.3086484372615814,0.10212966799736023,0.1389303356409073,-0.2912798523902893,0.12072475254535675,-0.3117462396621704,0.1339476853609085,0.0791044533252716,0.10869725048542023,0.08619853854179382,0.15515977144241333,0.14288128912448883,0.13632869720458984,0.10125941783189774,-0.2674993574619293,0.12565691769123077,0.11160912364721298,0.13231372833251953,0.08724147081375122,0.1021193265914917,-0.3095974028110504,0.14876480400562286,0.1153876855969429,0.15537691116333008,0.10965139418840408,0.06266810745000839,0.08763077110052109,0.11438769847154617,0.14169563353061676,0.10297767072916031,0.14901119470596313,0.09841030091047287,0.04413870722055435,0.09961839020252228,0.10273633897304535,0.12954209744930267,-0.2982214093208313,-0.30478259921073914,0.10625358670949936,0.10649188607931137,0.10732924193143845,0.08849238604307175,0.06135885417461395,-0.2883417010307312,0.07806809991598129,-0.29140520095825195,0.1055992916226387,0.11971941590309143,-0.2761978209018707,0.09308303892612457,-0.25096166133880615,-0.29506829380989075,0.1108967587351799,0.0985419973731041,0.14254142343997955,0.12297672033309937,0.13112521171569824,0.07644031196832657,0.1097971573472023,0.1618550568819046,-0.3045309782028198,0.0879068523645401,0.12361318618059158,0.13714982569217682,0.11885018646717072,-0.3026218116283417,0.10542945563793182,0.16408564150333405,0.09020411968231201,0.09041335433721542,0.10168571025133133,-0.29885128140449524,0.07273552566766739,0.09217283129692078,0.15053457021713257,0.07522423565387726,0.15545034408569336,0.09924346953630447,0.10025493055582047,0.07335187494754791,0.1431705802679062,0.128143310546875,0.09628980606794357,0.14895565807819366,0.06490056961774826,-0.2651059925556183,-0.30881327390670776,0.08729130774736404
-0.33814099431037903,0.15557022392749786,0.10174203664064407,-0.3261267840862274,0.1518574208021164,0.11132954806089401,0.07103987783193588,0.11293496191501617,-0.34435003995895386,0.18775534629821777,0.19593805074691772,1.0,-0.34554657340049744,0.11729243397712708,0.16654682159423828,-0.3488735556602478,0.11926049739122391,-0.35581400990486145,0.14093434810638428,0.09470438212156296,0.17259718477725983,0.11030849814414978,0.16122430562973022,0.15181609988212585,0.15334433317184448,0.1267905831336975,-0.323322057723999,0.14802448451519012,0.11275174468755722,0.16009630262851715,0.11405745148658752,0.1566525250673294,-0.34415000677108765,0.15635137259960175,0.10924036800861359,0.15291079878807068,0.1313258409500122,0.08113834261894226,0.11989372968673706,0.14270642399787903,0.1427960991859436,0.10750976204872131,0.14501702785491943,0.10051311552524567,0.08399410545825958,0.1100829541683197,0.13402816653251648,0.16052080690860748,-0.33986932039260864,-0.3285418152809143,0.1273147463798523,0.1274239718914032,0.12799933552742004,0.12486202269792557,0.08223390579223633,-0.3125867247581482,0.08700420707464218,-0.31972813606262207,0.15437176823616028,0.1298648864030838,-0.3262097239494324,0.0999443531036377,-0.3079359829425812,-0.34079721570014954,0.1563209742307663,0.1489577293395996,0.13357281684875488,0.1387973576784134,0.13214369118213654,0.09146188944578171,0.1374618262052536,0.18497546017169952,-0.33503812551498413,0.09769380837678909,0.12885628640651703,0.16770608723163605,0.11421968042850494,-0.34028342366218567,0.10268846154212952,0.1762009859085083,0.08413892984390259,0.09779924899339676,0.10558255016803741,-0.3386572003364563,0.09710109978914261,0.128799170255661,0.15900401771068573,0.10907413810491562,0.18034930527210236,0.09186180680990219,0.1079084649682045,0.11048349738121033,0.15260586142539978,0.1414211541414261,0.12791982293128967,0.17616499960422516,0.09377304464578629,-0.30202603340148926,-0.36058011651039124,0.12981583178043365
0.6196930408477783,-0.30892354249954224,-0.20816950500011444,0.6270083785057068,-0.3125995993614197,-0.24617546796798706,-0.22053854167461395,-0.2626330852508545,0.6390205025672913,-0.34616777300834656,-0.3086484372615814,-0.34554657340049744,1.0,-0.2487758845090866,-0.3224696218967438,0.6102476716041565,-0.2356642335653305,0.6621378064155579,-0.2976168394088745,-0.20553448796272278,-0.27315467596054077,-0.2117089033126831,-0.31984275579452515,-0.2951048016548157,-0.2856406271457672,-0.2179514765739441,0.5973044037818909,-0.29911088943481445,-0.2588314712047577,-0.3069288730621338,-0.24876852333545685,-0.2754816710948944,0.6609644889831543,-0.3124377727508545,-0.23164711892604828,-0.3016967475414276,-0.24613909423351288,-0.17940625548362732,-0.2570198178291321,-0.2922976315021515,-0.2799466550350189,-0.24927446246147156,-0.30181801319122314,-0.22153908014297485,-0.1824776828289032,-0.2530549466609955,-0.25457829236984253,-0.3005436062812805,0.6259983777999878,0.6492918133735657,-0.2563541531562805,-0.2528385519981384,-0.2630667984485626,-0.264984667301178,-0.2157844752073288,0.60121750831604,-0.21353989839553833,0.6383036375045776,-0.2955317199230194,-0.2990003228187561,0.6024633646011353,-0.22996573150157928,0.5580034852027893,0.6092591881752014,-0.28626570105552673,-0.31275269389152527,-0.2735699713230133,-0.25068169832229614,-0.28356966376304626,-0.2366669774055481,-0.25332552194595337,-0.3407767117023468,0.6463437676429749,-0.21344996988773346,-0.2683154344558716,-0.3125121593475342,-0.23826244473457336,0.6447991132736206,-0.2401205152273178,-0.32543519139289856,-0.21128886938095093,-0.21075309813022614,-0.20120012760162354,0.6605476140975952,-0.23809702694416046,-0.2599714398384094,-0.32566535472869873,-0.22690550982952118,-0.3592483103275299,-0.21774490177631378,-0.24581760168075562,-0.22295783460140228,-0.30483290553092957,-0.2957502007484436,-0.29120200872421265,-0.34815698862075806,-0.214798241853714,0.6006019711494446,0.6677765250205994,-0.25240927934646606
-0.24558579921722412,0.0986902192234993,0.05100636929273605,-0.22797656059265137,0.10001810640096664,0.05586623027920723,0.07113292068243027,0.10727966576814651,-0.2550900876522064,0.12569832801818848,0.10212966799736023,0.11729243397712708,-0.2487758845090866,1.0,0.14895154535770416,-0.251222163438797,0.08980820327997208,-0.26133179664611816,0.11138471215963364,0.06302335113286972,0.1026671901345253,0.058184780180454254,0.10009758919477463,0.08724721521139145,0.1135532557964325,0.07336090505123138,-0.23851022124290466,0.11404650658369064,0.07289905846118927,0.10854627192020416,0.04825793206691742,0.10320749133825302,-0.2547922134399414,0.10701340436935425,0.07532592117786407,0.09528234601020813,0.08090133965015411,0.0869077667593956,0.07416658848524094,0.11908117681741714,0.09173233807086945,0.09228435903787613,0.10105390101671219,0.059995707124471664,0.04385058209300041,0.07276447862386703,0.09117341786623001,0.1110372245311737,-0.2341729998588562,-0.2339046597480774,0.08188726007938385,0.08052506297826767,0.09455611556768417,0.08654507249593735,0.07367666065692902,-0.23553383350372314,0.04751037806272507,-0.2586555480957031,0.09244944900274277,0.09447649866342545,-0.2552100121974945,0.06435918062925339,-0.2350654900074005,-0.23164011538028717,0.10169657319784164,0.10835402458906174,0.0780131071805954,0.06685913354158401,0.0947372242808342,0.059762440621852875,0.09332931041717529,0.11293189227581024,-0.24482306838035583,0.10262178629636765,0.0868799015879631,0.1153445765376091,0.07756593823432922,-0.2419738918542862,0.05231363698840141,0.12199075520038605,0.06637261807918549,0.06464729458093643,0.05773220211267471,-0.24531641602516174,0.078158900141716,0.10543916374444962,0.10617479681968689,0.05986586585640907,0.11145011335611343,0.07859987765550613,0.060216739773750305,0.04458749666810036,0.10282912850379944,0.10926160961389542,0.11655861884355545,0.12438775599002838,0.05125248804688454,-0.2453209012746811,-0.251177579164505,0.05330648273229599
-0.3369620740413666,0.13837464153766632,0.08695309609174728,-0.3209066390991211,0.17894549667835236,0.10785684734582901,0.1066364049911499,0.14622841775417328,-0.33485573530197144,0.15749366581439972,0.1389303356409073,0.16654682159423828,-0.3224696218967438,0.14895154535770416,1.0,-0.33127376437187195,0.12696129083633423,-0.3458004295825958,0.14416612684726715,0.09625127911567688,0.13073532283306122,0.10551854968070984,0.15486522018909454,0.13416624069213867,0.14795809984207153,0.07177045196294785,-0.3249323070049286,0.14850632846355438,0.1131620854139328,0.15681332349777222,0.12157219648361206,0.11115505546331406,-0.33404144644737244,0.152035653591156,0.14355626702308655,0.13953110575675964,0.1054520457983017,0.0854342058300972,0.12525638937950134,0.1552056223154068,0.1134452223777771,0.09611068665981293,0.1436847448348999,0.10533905029296875,0.07277154922485352,0.11082212626934052,0.1296512633562088,0.13425588607788086,-0.3304007947444916,-0.3298329710960388,0.11670134961605072,0.13500764966011047,0.12066701799631119,0.10360514372587204,0.07808512449264526,-0.3055126667022705,0.10235735028982162,-0.3330015242099762,0.12498190253973007,0.15776747465133667,-0.31781497597694397,0.12258920818567276,-0.2818523347377777,-0.32082098722457886,0.14597854018211365,0.168533593416214,0.1322878748178482,0.13416925072669983,0.13365143537521362,0.10178239643573761,0.14299246668815613,0.19428634643554688,-0.33941423892974854,0.09607117623090744,0.11177019774913788,0.15259617567062378,0.09108569473028183,-0.31889069080352783,0.12991690635681152,0.17122237384319305,0.09369044750928879,0.08898421376943588,0.09169302880764008,-0.3415829837322235,0.11264835298061371,0.13550297915935516,0.1353204846382141,0.07909012585878372,0.1786530464887619,0.06393130123615265,0.09250981360673904,0.08888643234968185,0.15250657498836517,0.132045716047287,0.14399908483028412,0.1790493279695511,0.10884648561477661,-0.3050891160964966,-0.32800838351249695,0.10683542490005493
0.6244232654571533,-0.31755682826042175,-0.18921440839767456,0.6120378971099854,-0.3075956404209137,-0.22444437444210052,-0.20857009291648865,-0.2518719732761383,0.6451700329780579,-0.3452123701572418,-0.2912798523902893,-0.3488735556602478,0.6102476716041565,-0.251222163438797,-0.33127376437187195,1.0,-0.25105586647987366,0.6561552882194519,-0.27200010418891907,-0.21055276691913605,-0.2722510099411011,-0.23710906505584717,-0.3359316885471344,-0.27916401624679565,-0.2766205668449402,-0.20747080445289612,0.5954645872116089,-0.2842679023742676,-0.2491569221019745,-0.30220985412597656,-0.24932289123535156,-0.2781628668308258,0.6344115734100342,-0.29206639528274536,-0.23577995598316193,-0.27575376629829407,-0.23704586923122406,-0.17836403846740723,-0.23922936618328094,-0.2910134792327881,-0.28566864132881165,-0.24745681881904602,-0.29429683089256287,-0.22063212096691132,-0.17748406529426575,-0.25483930110931396,-0.23820960521697998,-0.2895655035972595,0.6093553304672241,0.6076263785362244,-0.2706511616706848,-0.2387319654226303,-0.2626502215862274,-0.27273163199424744,-0.2062803953886032,0.6087720394134521,-0.1979030817747116,0.603937566280365,-0.2857164442539215,-0.28011468052864075,0.5911399126052856,-0.2285938411951065,0.5634599924087524,0.5986688733100891,-0.2897792458534241,-0.28718385100364685,-0.26962536573410034,-0.2449275106191635,-0.30269935727119446,-0.2187236100435257,-0.2662120461463928,-0.3365460932254791,0.6463881134986877,-0.22257457673549652,-0.25965067744255066,-0.30791282653808594,-0.2529488801956177,0.6089354753494263,-0.23537477850914001,-0.34601256251335144,-0.1957354098558426,-0.21993212401866913,-0.19953544437885284,0.63260418176651,-0.23368534445762634,-0.26453882455825806,-0.3104921281337738,-0.24118348956108093,-0.3730996251106262,-0.19644126296043396,-0.21740326285362244,-0.220234215259552,-0.28168410062789917,-0.2765769362449646,-0.271160364151001,-0.33876341581344604,-0.2229759842157364,0.5852184295654297,0.6588364839553833,-0.2595033049583435
-0.25405094027519226,0.07968205213546753,0.058511462062597275,-0.22418738901615143,0.11616576462984085,0.08977273851633072,0.06207264959812164,0.0768565833568573,-0.24194610118865967,0.1174951121211052,0.12072475254535675,0.11926049739122391,-0.2356642335653305,0.08980820327997208,0.12696129083633423,-0.25105586647987366,1.0,-0.25056833028793335,0.10844786465167999,0.08228631317615509,0.09572099149227142,0.06324073672294617,0.12039218842983246,0.10977989435195923,0.07940652221441269,0.057000402361154556,-0.22715270519256592,0.10337814688682556,0.07324665784835815,0.10176654160022736,0.08271459490060806,0.0651303380727768,-0.25066500902175903,0.10922949016094208,0.06935511529445648,0.08787094801664352,0.09781442582607269,0.04383021220564842,0.07542619854211807,0.10563315451145172,0.11173505336046219,0.07645302265882492,0.10593994706869125,0.05567540228366852,0.06256605684757233,0.09030766040086746,0.08076373487710953,0.11665788292884827,-0.24305754899978638,-0.2350882589817047,0.07692550122737885,0.07457075268030167,0.0805012583732605,0.08693528920412064,0.05394269898533821,-0.22685618698596954,0.06192079186439514,-0.23325152695178986,0.09194008260965347,0.09441771358251572,-0.22976155579090118,0.07841359823942184,-0.22840970754623413,-0.22435419261455536,0.09916842728853226,0.10063902288675308,0.09787148237228394,0.09156940877437592,0.08954944461584091,0.07960416376590729,0.09290537983179092,0.12122517824172974,-0.23754045367240906,0.04938859865069389,0.07369083166122437,0.09022176265716553,0.08803436160087585,-0.2503199577331543,0.06969848275184631,0.12430687993764877,0.07679597288370132,0.053102947771549225,0.08734404295682907,-0.24360622465610504,0.05838630348443985,0.08367350697517395,0.11078187823295593,0.06743896007537842,0.11243447661399841,0.017150145024061203,0.07129082083702087,0.08406523615121841,0.11520185321569443,0.10063112527132034,0.09239442646503448,0.11989990621805191,0.07004097104072571,-0.23196151852607727,-0.24722206592559814,0.07682627439498901
0.6244338750839233,-0.30516260862350464,-0.1969548612833023,0.619936466217041,-0.3274660110473633,-0.24219751358032227,-0.219202920794487,-0.2638043761253357,0.6485627293586731,-0.3412646949291229,-0.3117462396621704,-0.35581400990486145,0.6621378064155579,-0.26133179664611816,-0.3458004295825958,0.6561552882194519,-0.25056833028793335,1.0,-0.2877729833126068,-0.2282428741455078,-0.2855822443962097,-0.23387281596660614,-0.3536698520183563,-0.3054056465625763,-0.2885403037071228,-0.2176913022994995,0.5942337512969971,-0.2926940619945526,-0.26006457209587097,-0.2954081594944,-0.24820402264595032,-0.2769053876399994,0.661288321018219,-0.3092069923877716,-0.2453317940235138,-0.286925733089447,-0.227891206741333,-0.1983911246061325,-0.24732041358947754,-0.30272436141967773,-0.29133087396621704,-0.23849117755889893,-0.3018399775028229,-0.22422641515731812,-0.19005389511585236,-0.26397669315338135,-0.25445419549942017,-0.29768070578575134,0.6262719631195068,0.6413862705230713,-0.26504579186439514,-0.2609470784664154,-0.28587642312049866,-0.25987207889556885,-0.20227554440498352,0.6104326248168945,-0.1976737678050995,0.6563239693641663,-0.30338653922080994,-0.29946038126945496,0.6214274168014526,-0.22721853852272034,0.5639598369598389,0.6234039664268494,-0.2962643504142761,-0.30814841389656067,-0.2549155354499817,-0.26363468170166016,-0.28739073872566223,-0.2211301028728485,-0.2779235541820526,-0.3467371165752411,0.6542184352874756,-0.205272376537323,-0.26626428961753845,-0.33072617650032043,-0.2369103729724884,0.6397509574890137,-0.24589069187641144,-0.3372330963611603,-0.20054687559604645,-0.224234938621521,-0.2206578552722931,0.661527693271637,-0.23251836001873016,-0.25537872314453125,-0.3224031329154968,-0.21950498223304749,-0.34130674600601196,-0.21810537576675415,-0.25797945261001587,-0.23798546195030212,-0.29235586524009705,-0.2806723713874817,-0.28729090094566345,-0.35202497243881226,-0.22462262213230133,0.6034420728683472,0.6778035759925842,-0.2541154623031616
-0.2859954237937927,0.12969215214252472,0.08350216597318649,-0.2879966199398041,0.12274923920631409,0.11680594831705093,0.09011360257863998,0.09424450248479843,-0.2715452015399933,0.15879715979099274,0.1339476853609085,0.14093434810638428,-0.2976168394088745,0.11138471215963364,0.14416612684726715,-0.27200010418891907,0.10844786465167999,-0.2877729833126068,1.0,0.10725103318691254,0.14643877744674683,0.09328960627317429,0.137241393327713,0.1251894235610962,0.10601374506950378,0.07907869666814804,-0.2725614309310913,0.15317602455615997,0.129160538315773,0.1117904931306839,0.11578423529863358,0.10994058102369308,-0.2936621308326721,0.10384086519479752,0.09354781359434128,0.12641528248786926,0.11967675387859344,0.04903138801455498,0.08276280760765076,0.12578921020030975,0.12145274132490158,0.09656134247779846,0.1312336027622223,0.0899597555398941,0.047751251608133316,0.11726787686347961,0.11033760756254196,0.1068611890077591,-0.28548136353492737,-0.2807713449001312,0.10336092114448547,0.07295295596122742,0.09198591113090515,0.09207682311534882,0.0878547728061676,-0.27340033650398254,0.0880034938454628,-0.29098042845726013,0.12927202880382538,0.12513652443885803,-0.26551973819732666,0.06642720848321915,-0.2511526644229889,-0.29063645005226135,0.12968361377716064,0.1349448561668396,0.09383281320333481,0.09858804196119308,0.11221406608819962,0.09723048657178879,0.12119369953870773,0.12475161254405975,-0.27898433804512024,0.0969473347067833,0.10084205120801926,0.14704789221286774,0.075015589594841,-0.32874101400375366,0.1093497946858406,0.12282512336969376,0.06629378348588943,0.0836801677942276,0.07798492163419724,-0.2895614504814148,0.055973075330257416,0.12281196564435959,0.13767987489700317,0.09431172907352448,0.16544459760189056,0.06488218158483505,0.0950218141078949,0.0725264847278595,0.14827658236026764,0.12457509338855743,0.1386106312274933,0.13009732961654663,0.10217870771884918,-0.2622910439968109,-0.29978621006011963,0.1000305786728859
-0.22562366724014282,0.0995127409696579,0.05130127817392349,-0.20889154076576233,0.09131233394145966,0.06590545922517776,0.04697414115071297,0.04994824528694153,-0.22942684590816498,0.10810811072587967,0.0791044533252716,0.09470438212156296,-0.20553448796272278,0.06302335113286972,0.09625127911567688,-0.21055276691913605,0.08228631317615509,-0.2282428741455078,0.10725103318691254,1.0,0.12560288608074188,0.04741206765174866,0.11805646121501923,0.09227347373962402,0.09625761210918427,0.03523959591984749,-0.22530369460582733,0.0846877470612526,0.0741686001420021,0.07903450727462769,0.07605257630348206,0.08054108172655106,-0.22804419696331024,0.07254033535718918,0.07323857396841049,0.07424714416265488,0.061001624912023544,0.05721108242869377,0.07472459971904755,0.0949149802327156,0.09997585415840149,0.06022702902555466,0.10435006022453308,0.06232728436589241,0.05833442881703377,0.09203106164932251,0.08651985228061676,0.08991143107414246,-0.2327672839164734,-0.2286795824766159,0.09044402092695236,0.06571172922849655,0.06126086786389351,0.05412096530199051,0.06743301451206207,-0.19797341525554657,0.057460565119981766,-0.22616451978683472,0.09013386815786362,0.09200075268745422,-0.21766778826713562,0.07708518952131271,-0.1942562758922577,-0.22141076624393463,0.08885118365287781,0.08110374212265015,0.080119289457798,0.0598127581179142,0.06624153256416321,0.05179738253355026,0.11900829523801804,0.10207419842481613,-0.20847226679325104,0.057819463312625885,0.09736161679029465,0.09531067311763763,0.04757487773895264,-0.21372556686401367,0.06304362416267395,0.09459331631660461,0.07249173521995544,0.03964092582464218,0.07712572067975998,-0.23450444638729095,0.0708654522895813,0.06085578724741936,0.10951491445302963,0.05479190871119499,0.1099235787987709,0.06679651141166687,0.06946088373661041,0.06354120373725891,0.07506343722343445,0.06681331992149353,0.07524002343416214,0.10593820363283157,0.05541784316301346,-0.1972462385892868,-0.21961522102355957,0.08306515216827393
