1.0,-0.9478142261505127,-0.7315593361854553,0.9633560180664062,-0.9579184055328369,-0.9050853848457336,-0.348349004983902,-0.9363179206848145,0.9775349497795105,-0.9405197501182556,-0.9074831604957581,-0.9667158722877502,0.9409245252609253,-0.483295202255249,-0.9691305160522461,0.937145471572876,-0.8581014275550842,0.9569861888885498,-0.9865882396697998,-0.832729160785675,-0.953268826007843,-0.8523381948471069,-0.958238422870636,-0.9514621496200562,-0.8025593161582947,-0.7184372544288635,0.9602304697036743,-0.9851881265640259,-0.8994731903076172,-0.9256565570831299,-0.6910641193389893,-0.7021021842956543,0.9537037014961243,-0.9035735130310059,-0.6474973559379578,-0.934288740158081,-0.8356473445892334,-0.2420293539762497,-0.862050473690033,-0.9648094177246094,-0.9488754272460938,-0.7887994647026062,-0.9281319975852966,-0.2914745509624481,-0.2165975272655487,-0.7476983070373535,-0.8890540599822998,-0.9258562922477722,0.9754391312599182,0.9462746977806091,-0.9098219275474548,-0.8497604131698608,-0.8895511627197266,-0.8840717673301697,-0.5112314820289612,0.9115793704986572,-0.26998627185821533,0.9689272046089172,-0.9520343542098999,-0.9643939733505249,0.8935292959213257,-0.7222524285316467,0.8779258728027344,0.9704706072807312,-0.9564823508262634,-0.9650775790214539,-0.911974310874939,-0.902177631855011,-0.9286437034606934,-0.9048947691917419,-0.9355674386024475,-0.9614706039428711,0.9273645877838135,-0.5672022104263306,-0.8841867446899414,-0.9305341839790344,-0.5617838501930237,0.9647099375724792,-0.7355851531028748,-0.9174415469169617,-0.8515180945396423,-0.6452093720436096,-0.6676960587501526,0.9484365582466125,-0.23862993717193604,-0.9092099070549011,-0.9886758327484131,-0.7039747834205627,-0.9353821277618408,-0.32691726088523865,-0.38001197576522827,-0.6375852227210999,-0.9483310580253601,-0.960801362991333,-0.845840573310852,-0.9711078405380249,-0.34791645407676697,0.9499561190605164,0.9400830268859863,-0.9261852502822876
-0.9478142261505127,1.0,0.747353196144104,-0.9388464689254761,0.9600858688354492,0.8241562247276306,0.37614431977272034,0.9429568648338318,-0.9790209531784058,0.9499495625495911,0.981545090675354,0.9806846976280212,-0.9406914710998535,0.37872010469436646,0.9457879066467285,-0.9338936805725098,0.8552643060684204,-0.9633244276046753,0.9499562382698059,0.8491037487983704,0.9421376585960388,0.9104984998703003,0.9567663073539734,0.9594234228134155,0.8725870847702026,0.8370701670646667,-0.8716889023780823,0.9475153088569641,0.8641237616539001,0.9446771740913391,0.6489306092262268,0.8105231523513794,-0.956989586353302,0.9558625221252441,0.7050358057022095,0.974947988986969,0.8640033602714539,0.23880818486213684,0.93704754114151,0.956796407699585,0.9883499145507812,0.7832858562469482,0.9641212821006775,0.4740827679634094,0.13538694381713867,0.6736820340156555,0.829362690448761,0.9330766201019287,-0.9775594472885132,-0.9680368304252625,0.9388002157211304,0.8393183350563049,0.8937583565711975,0.8954820036888123,0.3616987466812134,-0.9579273462295532,0.30507296323776245,-0.944166362285614,0.9816588163375854,0.9365237355232239,-0.898483157157898,0.8195115923881531,-0.883553147315979,-0.969180703163147,0.9526464343070984,0.926295280456543,0.9083288908004761,0.8888121247291565,0.8646828532218933,0.8366799354553223,0.9430159330368042,0.9832080602645874,-0.9332860112190247,0.5291785001754761,0.937341034412384,0.9286223649978638,0.6208587884902954,-0.9559113383293152,0.6511052250862122,0.9228165745735168,0.8625416159629822,0.7685940265655518,0.7430772185325623,-0.9676735997200012,0.16980242729187012,0.7849805355072021,0.9657095074653625,0.6357662081718445,0.9344453811645508,0.26420021057128906,0.47980186343193054,0.677009105682373,0.8939769268035889,0.9362971782684326,0.8287932872772217,0.9644264578819275,0.20911969244480133,-0.9122170209884644,-0.934710681438446,0.9695931673049927
-0.7315593361854553,0.747353196144104,1.0,-0.7588303089141846,0.6987267136573792,0.7868915796279907,0.809148371219635,0.7889879941940308,-0.7676352858543396,0.6901186108589172,0.7254611849784851,0.6918056011199951,-0.7721368074417114,0.11775277554988861,0.7081314921379089,-0.6390994191169739,0.5934984683990479,-0.7561057806015015,0.7026714086532593,0.6497710943222046,0.6543398499488831,0.5004177689552307,0.6770080327987671,0.7047444581985474,0.4961889386177063,0.6807169914245605,-0.6856851577758789,0.7397944927215576,0.560578465461731,0.7230030298233032,0.7080968618392944,0.5005488991737366,-0.7562655210494995,0.6764206290245056,0.624315083026886,0.7580953240394592,0.6151372790336609,0.1571485996246338,0.7610934376716614,0.7464814782142639,0.7260692119598389,0.7159585952758789,0.6302282810211182,0.26709118485450745,0.15701308846473694,0.3701757490634918,0.6935395002365112,0.6823171377182007,-0.7677028179168701,-0.7569544911384583,0.6203994750976562,0.6261864900588989,0.6923285126686096,0.49114933609962463,0.008181373588740826,-0.6399527788162231,0.06354815512895584,-0.772636890411377,0.6993425488471985,0.6614066958427429,-0.5701136589050293,0.43757879734039307,-0.6921547055244446,-0.7370973229408264,0.6929295659065247,0.7649290561676025,0.7316747307777405,0.8251752257347107,0.7234410047531128,0.591016411781311,0.6764187812805176,0.7049673199653625,-0.6791932582855225,0.11313207447528839,0.6953718662261963,0.6935317516326904,0.4357425272464752,-0.8119184970855713,0.5362324118614197,0.6739133596420288,0.7781239748001099,0.8246110677719116,0.48058411478996277,-0.7267149686813354,0.37193647027015686,0.5558598041534424,0.7439769506454468,0.4742370545864105,0.624104917049408,0.3849819302558899,0.2745012640953064,0.7039495706558228,0.6693268418312073,0.7637876272201538,0.733355700969696,0.7261172533035278,0.1329421103000641,-0.7855262160301208,-0.6774210333824158,0.6965151429176331
0.9633560180664062,-0.9388464689254761,-0.7588303089141846,1.0,-0.9610805511474609,-0.8890654444694519,-0.4125507175922394,-0.9781059622764587,0.9725704789161682,-0.9379110932350159,-0.9342735409736633,-0.9655951261520386,0.9909928441047668,-0.3510769307613373,-0.9583562016487122,0.9556340575218201,-0.7918502688407898,0.9853978753089905,-0.9603813886642456,-0.7455561757087708,-0.9154871702194214,-0.8596048951148987,-0.9762670993804932,-0.9757809638977051,-0.8415271639823914,-0.7822619080543518,0.9607340693473816,-0.9723121523857117,-0.928725004196167,-0.9491384625434875,-0.7126581072807312,-0.7140092849731445,0.9830772876739502,-0.9467592835426331,-0.5766223073005676,-0.929131805896759,-0.7779351472854614,-0.24379312992095947,-0.8522621989250183,-0.9927352666854858,-0.9471299052238464,-0.7893229126930237,-0.9541341662406921,-0.3710763156414032,-0.22859464585781097,-0.7335942983627319,-0.8700388669967651,-0.9389375448226929,0.9839599132537842,0.9825969934463501,-0.8952236175537109,-0.8626738786697388,-0.9433293342590332,-0.9048270583152771,-0.4397207796573639,0.9312292337417603,-0.36369484663009644,0.9606413245201111,-0.951526403427124,-0.9666509032249451,0.9303138256072998,-0.7818644642829895,0.8288707733154297,0.9729333519935608,-0.9636420011520386,-0.9669572114944458,-0.903559148311615,-0.8945907354354858,-0.9490736722946167,-0.8982868790626526,-0.8600700497627258,-0.9474416375160217,0.9802497625350952,-0.5733718276023865,-0.9226872324943542,-0.9581106901168823,-0.7189935445785522,0.990067720413208,-0.7749473452568054,-0.9576317071914673,-0.7843281626701355,-0.7034204006195068,-0.6763554215431213,0.9679635167121887,-0.3833710253238678,-0.8230723142623901,-0.9737554788589478,-0.794837474822998,-0.9583223462104797,-0.2874836027622223,-0.5006402134895325,-0.6916282773017883,-0.9778522253036499,-0.9284241795539856,-0.866218626499176,-0.955296516418457,-0.36913958191871643,0.9756866693496704,0.9827600121498108,-0.9553325176239014
-0.9579184055328369,0.9600858688354492,0.6987267136573792,-0.9610805511474609,1.0,0.8515074253082275,0.30014392733573914,0.9309800267219543,-0.9653972387313843,0.9774648547172546,0.9531500935554504,0.9822540879249573,-0.9513317942619324,0.4144955575466156,0.9798991084098816,-0.9513516426086426,0.8870304822921753,-0.9572126269340515,0.9637861251831055,0.8329564332962036,0.9566713571548462,0.9232069253921509,0.9911081790924072,0.9758663773536682,0.8597007989883423,0.7380692362785339,-0.9235737323760986,0.947135865688324,0.8841540217399597,0.9748510122299194,0.6659699082374573,0.7703719735145569,-0.9556683897972107,0.9618152379989624,0.7222496271133423,0.9581334590911865,0.8093342185020447,0.17422178387641907,0.8835887908935547,0.9795734286308289,0.9622375965118408,0.7549222111701965,0.9763540029525757,0.3545386791229248,0.18295970559120178,0.7760655283927917,0.8740651607513428,0.9643769264221191,-0.974738597869873,-0.9620276689529419,0.9679571390151978,0.8290745615959167,0.9350879788398743,0.9050495624542236,0.45328056812286377,-0.9127132892608643,0.3306486904621124,-0.9513294100761414,0.983374297618866,0.9664646983146667,-0.9214380383491516,0.8379184007644653,-0.8431426286697388,-0.9688818454742432,0.9712444543838501,0.9751441478729248,0.9669178128242493,0.9147248864173889,0.9112365245819092,0.9236005544662476,0.9373548626899719,0.9789146184921265,-0.9624474048614502,0.5915291905403137,0.9115033745765686,0.9544995427131653,0.653291642665863,-0.9694041609764099,0.6814196109771729,0.9553695917129517,0.865028440952301,0.7140873670578003,0.6900614500045776,-0.9620431065559387,0.32768863439559937,0.8227044343948364,0.9807298183441162,0.7388240098953247,0.9649574160575867,0.12627370655536652,0.3682011365890503,0.6177046298980713,0.9332839250564575,0.965811550617218,0.8148507475852966,0.9567590951919556,0.23398253321647644,-0.9546276926994324,-0.9574382305145264,0.9451853036880493
-0.9050853848457336,0.8241562247276306,0.7868915796279907,-0.8890654444694519,0.8515074253082275,1.0,0.5487707257270813,0.8743623495101929,-0.8657506108283997,0.8351059556007385,0.7999972105026245,0.8399446606636047,-0.8668889403343201,0.30668899416923523,0.8568035960197449,-0.8453682065010071,0.7824419140815735,-0.8490249514579773,0.9150674343109131,0.7060506343841553,0.7609350085258484,0.6589886546134949,0.8470385074615479,0.8596446514129639,0.63417649269104,0.6169422268867493,-0.8679450750350952,0.8726739287376404,0.8423402905464172,0.8388464450836182,0.6659263968467712,0.6600459218025208,-0.8673253059387207,0.7616400718688965,0.5432831048965454,0.881942629814148,0.6654335856437683,-0.03330673649907112,0.7086604237556458,0.8585802912712097,0.8609848618507385,0.8467862606048584,0.7786991596221924,0.1451255977153778,0.18395927548408508,0.571319043636322,0.7604659795761108,0.8237461447715759,-0.8664402365684509,-0.8331571817398071,0.8201230764389038,0.8238199353218079,0.7585703134536743,0.7327172160148621,0.35586076974868774,-0.7728792428970337,0.22094854712486267,-0.8607015013694763,0.8118090033531189,0.8396990299224854,-0.7566819190979004,0.5049221515655518,-0.8212842345237732,-0.8542839288711548,0.8426715731620789,0.8959280848503113,0.8496792912483215,0.8362129330635071,0.8987675309181213,0.8943134546279907,0.8164680600166321,0.8549599647521973,-0.8247082233428955,0.512789785861969,0.8546711802482605,0.833950400352478,0.5126568675041199,-0.8831775784492493,0.8199071288108826,0.8779027462005615,0.8618330955505371,0.7412281632423401,0.5976187586784363,-0.826421856880188,0.245705708861351,0.8028264045715332,0.9045736193656921,0.7141592502593994,0.8636578321456909,0.2910768687725067,0.22599254548549652,0.5399539470672607,0.8883099555969238,0.8634656071662903,0.7769720554351807,0.8434422612190247,0.5330511331558228,-0.8731695413589478,-0.8403333425521851,0.8304564356803894
-0.348349004983902,0.37614431977272034,0.809148371219635,-0.4125507175922394,0.30014392733573914,0.5487707257270813,1.0,0.5192975997924805,-0.39951610565185547,0.29276686906814575,0.36346542835235596,0.31069251894950867,-0.4161251187324524,-0.06273826956748962,0.3432301878929138,-0.35342729091644287,0.33793890476226807,-0.40808218717575073,0.30898427963256836,0.19181065261363983,0.20202185213565826,0.07500366866588593,0.28164029121398926,0.32258686423301697,0.14451734721660614,0.4713762104511261,-0.30422624945640564,0.3727896809577942,0.2737284302711487,0.38442763686180115,0.3544037938117981,0.32538139820098877,-0.3922945559024811,0.28929367661476135,0.19338098168373108,0.3936443626880646,0.22600752115249634,0.16602881252765656,0.4410020411014557,0.36564841866493225,0.3751150369644165,0.5796587467193604,0.24689117074012756,0.05264921113848686,0.03436138108372688,-0.10040964931249619,0.31701579689979553,0.3256802260875702,-0.37316909432411194,-0.3899711072444916,0.20521727204322815,0.2690976560115814,0.306436687707901,0.12431633472442627,-0.4354303479194641,-0.3148011565208435,0.06762399524450302,-0.3576466143131256,0.2890372574329376,0.2648952007293701,-0.20851315557956696,0.08353668451309204,-0.4820161759853363,-0.3312925696372986,0.29110777378082275,0.40005460381507874,0.38301870226860046,0.4296796917915344,0.4636777937412262,0.2836959958076477,0.25939440727233887,0.3330477774143219,-0.3420518934726715,-0.03041938878595829,0.42496830224990845,0.3310263156890869,0.29158923029899597,-0.44961369037628174,0.2859332263469696,0.36341890692710876,0.4456799328327179,0.7436231374740601,0.20865701138973236,-0.33721116185188293,0.29014331102371216,0.12194234877824783,0.3709714710712433,0.13645242154598236,0.2517276406288147,0.21884143352508545,0.032245900481939316,0.436560720205307,0.3317992091178894,0.35090917348861694,0.4624253511428833,0.32653939723968506,0.2849406898021698,-0.4063926935195923,-0.3338692784309387,0.33596718311309814
-0.9363179206848145,0.9429568648338318,0.7889879941940308,-0.9781059622764587,0.9309800267219543,0.8743623495101929,0.5192975997924805,1.0,-0.967685341835022,0.9293201565742493,0.9463829398155212,0.9549168944358826,-0.977139413356781,0.3894297480583191,0.9454188942909241,-0.9608656764030457,0.7900811433792114,-0.983852207660675,0.9349208474159241,0.7029784917831421,0.8851548433303833,0.8355709314346313,0.9504298567771912,0.9618740677833557,0.8596376180648804,0.8619886040687561,-0.9221503138542175,0.9640608429908752,0.9195103049278259,0.9536752700805664,0.6394305229187012,0.7678662538528442,-0.9785157442092896,0.9401159286499023,0.5304085612297058,0.9212052226066589,0.7803493142127991,0.286217600107193,0.8661220669746399,0.9714491367340088,0.9496541023254395,0.8571389317512512,0.9375438690185547,0.406767338514328,0.135891392827034,0.6073530316352844,0.8251675963401794,0.9336461424827576,-0.9617791771888733,-0.9618903398513794,0.8669162392616272,0.812468945980072,0.9257555603981018,0.9013647437095642,0.291150838136673,-0.9378839731216431,0.37572500109672546,-0.9415788054466248,0.9402856826782227,0.9438562989234924,-0.9238763451576233,0.7446019649505615,-0.8691770434379578,-0.9360950589179993,0.9422631859779358,0.9364652633666992,0.8730990886688232,0.8439895510673523,0.9514914751052856,0.8786481022834778,0.8284338712692261,0.9400071501731873,-0.9702521562576294,0.5992968678474426,0.9523975849151611,0.9538391828536987,0.7272038459777832,-0.9771384596824646,0.7287800908088684,0.9555180668830872,0.7608137130737305,0.7627707123756409,0.6818785071372986,-0.9575123190879822,0.3793436586856842,0.7739366292953491,0.953547477722168,0.6854670643806458,0.935610294342041,0.31556740403175354,0.5080500245094299,0.6555778980255127,0.9451172947883606,0.8899185061454773,0.9124956130981445,0.9504848122596741,0.374263733625412,-0.9425204992294312,-0.9641562104225159,0.9390891790390015
0.9775349497795105,-0.9790209531784058,-0.7676352858543396,0.9725704789161682,-0.9653972387313843,-0.8657506108283997,-0.39951610565185547,-0.967685341835022,1.0,-0.9622383713722229,-0.9622358679771423,-0.9881645441055298,0.9654338955879211,-0.45492151379585266,-0.9778786897659302,0.9602698683738708,-0.8511844873428345,0.9887179732322693,-0.9701139330863953,-0.8067846298217773,-0.9493664503097534,-0.8845531940460205,-0.9674243330955505,-0.9752984642982483,-0.8797116875648499,-0.8345471024513245,0.9430888891220093,-0.9872583746910095,-0.8961088061332703,-0.9602830410003662,-0.6382821798324585,-0.7754852771759033,0.9792187809944153,-0.9518923759460449,-0.6804268956184387,-0.9624132513999939,-0.8713819980621338,-0.27022579312324524,-0.888159990310669,-0.9806555509567261,-0.9814959168434143,-0.800826907157898,-0.9591543674468994,-0.45081937313079834,-0.22354283928871155,-0.6727446913719177,-0.8569163084030151,-0.9646275043487549,0.9926092028617859,0.9723978638648987,-0.9127518534660339,-0.8100152611732483,-0.9371538758277893,-0.901481032371521,-0.37583592534065247,0.9435697197914124,-0.2506575584411621,0.9829530715942383,-0.9806758761405945,-0.9769502282142639,0.933643102645874,-0.7640226483345032,0.8740341663360596,0.9705614447593689,-0.9829156398773193,-0.9584037661552429,-0.9065617322921753,-0.8998560309410095,-0.9314169883728027,-0.8818122148513794,-0.9263719916343689,-0.9831754565238953,0.9621955752372742,-0.5826081037521362,-0.9202869534492493,-0.961227536201477,-0.6633045673370361,0.983815610408783,-0.722381591796875,-0.9430177211761475,-0.833748459815979,-0.7140134572982788,-0.6643378734588623,0.9888148307800293,-0.2706877887248993,-0.8588300347328186,-0.977519154548645,-0.6633764505386353,-0.946610689163208,-0.30840998888015747,-0.47897425293922424,-0.6517921686172485,-0.9478444457054138,-0.9621931314468384,-0.8783789277076721,-0.9864272475242615,-0.29024258255958557,0.9490557312965393,0.9557250142097473,-0.9520993828773499
-0.9405197501182556,0.9499495625495911,0.6901186108589172,-0.9379110932350159,0.9774648547172546,0.8351059556007385,0.29276686906814575,0.9293201565742493,-0.9622383713722229,1.0,0.9639574885368347,0.9785529375076294,-0.9455612301826477,0.5220638513565063,0.9738680720329285,-0.9461655020713806,0.852936863899231,-0.9572643637657166,0.9617668390274048,0.8257555961608887,0.9510881900787354,0.9292058944702148,0.9785846471786499,0.9834831357002258,0.9153755307197571,0.808698832988739,-0.917404294013977,0.9492994546890259,0.8926915526390076,0.9885189533233643,0.5971148610115051,0.8142676949501038,-0.9661378860473633,0.9560683369636536,0.7165954113006592,0.9536542296409607,0.8204171061515808,0.11191096901893616,0.8328691720962524,0.9656273722648621,0.9604287147521973,0.8205693364143372,0.9614412784576416,0.4080130457878113,0.1389768123626709,0.6725940108299255,0.8085935115814209,0.9784719347953796,-0.956713855266571,-0.9257356524467468,0.9656573534011841,0.7666544318199158,0.9424346685409546,0.9283432364463806,0.3833741545677185,-0.9023992419242859,0.2851724624633789,-0.9664426445960999,0.9870093464851379,0.976356565952301,-0.9519959688186646,0.7566249966621399,-0.8510002493858337,-0.92842036485672,0.9784551858901978,0.9428595900535583,0.9178186655044556,0.8525749444961548,0.9103077054023743,0.9379920959472656,0.9090784788131714,0.969957172870636,-0.955832302570343,0.681201696395874,0.927793025970459,0.9680988192558289,0.6350003480911255,-0.958517849445343,0.6713781356811523,0.9582543969154358,0.8304969072341919,0.6814272999763489,0.689344584941864,-0.9686976671218872,0.36806800961494446,0.8542612195014954,0.9624279737472534,0.6471878886222839,0.9669514894485474,0.2160184234380722,0.4103489816188812,0.5019178986549377,0.9122806787490845,0.9482563138008118,0.8905725479125977,0.9779959917068481,0.18668077886104584,-0.9245818257331848,-0.941932737827301,0.9189528226852417
-0.9074831604957581,0.981545090675354,0.7254611849784851,-0.9342735409736633,0.9531500935554504,0.7999972105026245,0.36346542835235596,0.9463829398155212,-0.9622358679771423,0.9639574885368347,1.0,0.973042905330658,-0.952497124671936,0.35758480429649353,0.9338005185127258,-0.9354327917098999,0.8065611124038696,-0.9636045694351196,0.9326572418212891,0.7943159341812134,0.910679817199707,0.9224007725715637,0.9601306319236755,0.9746012687683105,0.9265555143356323,0.8873907327651978,-0.8598082661628723,0.9267621636390686,0.8753427267074585,0.9636983275413513,0.6001682877540588,0.8439973592758179,-0.9672093391418457,0.9775108695030212,0.6830924153327942,0.9717548489570618,0.8381421566009521,0.1550682932138443,0.8874943256378174,0.9554192423820496,0.9832019209861755,0.7996315360069275,0.9689149260520935,0.5518806576728821,0.09868353605270386,0.620067298412323,0.7769696116447449,0.9506763815879822,-0.9625542163848877,-0.9558835029602051,0.9429145455360413,0.8105685710906982,0.9251704216003418,0.919945478439331,0.29934149980545044,-0.9468644857406616,0.31566524505615234,-0.9375802874565125,0.981385350227356,0.9388052821159363,-0.9321689009666443,0.8145045638084412,-0.8386412262916565,-0.9390588998794556,0.9596388936042786,0.9080504179000854,0.8850482702255249,0.8484845757484436,0.8670442700386047,0.8518619537353516,0.8915924429893494,0.9713774919509888,-0.9535509943962097,0.5934882760047913,0.9642603993415833,0.9515891075134277,0.7026036381721497,-0.9514811635017395,0.6743925213813782,0.9516543745994568,0.8141483664512634,0.7779492139816284,0.7351750731468201,-0.974997878074646,0.2603892683982849,0.7523576617240906,0.9401527643203735,0.6470343470573425,0.9541611075401306,0.23984487354755402,0.5440411567687988,0.6169376969337463,0.8941842913627625,0.9060459733009338,0.8572272658348083,0.9564990997314453,0.19197408854961395,-0.9030998349189758,-0.9391472935676575,0.9638935923576355
-0.9667158722877502,0.9806846976280212,0.6918056011199951,-0.9655951261520386,0.9822540879249573,0.8399446606636047,0.31069251894950867,0.9549168944358826,-0.9881645441055298,0.9785529375076294,0.973042905330658,1.0,-0.9620228409767151,0.46453335881233215,0.977485179901123,-0.9747586846351624,0.8699510097503662,-0.9836917519569397,0.970281183719635,0.8243101239204407,0.9615644216537476,0.939835786819458,0.9861636757850647,0.9872798323631287,0.9113323092460632,0.8231475353240967,-0.9249312281608582,0.9701563715934753,0.9221637845039368,0.9749462008476257,0.6252543926239014,0.8227574825286865,-0.9772680997848511,0.9642553925514221,0.6713685989379883,0.965293288230896,0.8375612497329712,0.22868868708610535,0.8811905384063721,0.9819820523262024,0.9855984449386597,0.7985877394676208,0.9873098134994507,0.4338116943836212,0.21444585919380188,0.7070175409317017,0.8293917775154114,0.9706531167030334,-0.9852742552757263,-0.9704973101615906,0.9524479508399963,0.8158136606216431,0.9329783320426941,0.9382032752037048,0.41212198138237,-0.9616525173187256,0.3382473886013031,-0.9654787182807922,0.9939754605293274,0.9830177426338196,-0.9566292762756348,0.8144118785858154,-0.8827965259552002,-0.9710656404495239,0.9846153855323792,0.9476774334907532,0.9147394895553589,0.8698641061782837,0.9117632508277893,0.9048169255256653,0.9279714226722717,0.9880836606025696,-0.9729500412940979,0.6481107473373413,0.9362203478813171,0.9594122767448425,0.6626569032669067,-0.9709985852241516,0.6896901726722717,0.9555649757385254,0.8252737522125244,0.6951540112495422,0.7202461361885071,-0.9860944151878357,0.26788976788520813,0.8394767045974731,0.9803734421730042,0.6801508665084839,0.971278190612793,0.23572735488414764,0.4753096401691437,0.5987704992294312,0.9401551485061646,0.9541601538658142,0.8604109287261963,0.983534574508667,0.2605641186237335,-0.9306060075759888,-0.9724547863006592,0.9666948914527893
0.9409245252609253,-0.9406914710998535,-0.7721368074417114,0.9909928441047668,-0.9513317942619324,-0.8668889403343201,-0.4161251187324524,-0.977139413356781,0.9654338955879211,-0.9455612301826477,-0.952497124671936,-0.9620228409767151,1.0,-0.33099958300590515,-0.9388892650604248,0.9398750066757202,-0.7492528557777405,0.987540602684021,-0.9494555592536926,-0.7597059011459351,-0.9100027084350586,-0.8783259391784668,-0.9732109904289246,-0.9832210540771484,-0.8688527941703796,-0.8296334743499756,0.9369260668754578,-0.958611011505127,-0.9292481541633606,-0.9551835060119629,-0.7273821830749512,-0.7402532696723938,0.9936065077781677,-0.9533784985542297,-0.5789425373077393,-0.9329288601875305,-0.7582917809486389,-0.19061443209648132,-0.8439713716506958,-0.9903339743614197,-0.9469409584999084,-0.814914345741272,-0.9550300240516663,-0.41518139839172363,-0.20961545407772064,-0.6958971619606018,-0.8252167701721191,-0.9335193634033203,0.9788833260536194,0.9786363244056702,-0.903499186038971,-0.8557281494140625,-0.9455977082252502,-0.9135532379150391,-0.40147826075553894,0.9376638531684875,-0.3857235312461853,0.9614660739898682,-0.9563872814178467,-0.9601173400878906,0.9403077960014343,-0.7728920578956604,0.8244282007217407,0.9628293514251709,-0.9600910544395447,-0.941923975944519,-0.8776227831840515,-0.8696810007095337,-0.9225155711174011,-0.8823660016059875,-0.8360108137130737,-0.9363635778427124,0.9780771732330322,-0.5805007815361023,-0.9404050707817078,-0.9554263949394226,-0.7141255736351013,0.9881787896156311,-0.752497673034668,-0.9545064568519592,-0.7692501544952393,-0.7146357893943787,-0.7220733165740967,0.971867561340332,-0.415645569562912,-0.799055814743042,-0.962082028388977,-0.7761067152023315,-0.959804356098175,-0.3354337513446808,-0.5637916922569275,-0.6715339422225952,-0.9549130797386169,-0.9127724170684814,-0.8945024013519287,-0.9594934582710266,-0.2945611774921417,0.9603173732757568,0.982906699180603,-0.9613783359527588
-0.483295202255249,0.37872010469436646,0.11775277554988861,-0.3510769307613373,0.4144955575466156,0.30668899416923523,-0.06273826956748962,0.3894297480583191,-0.45492151379585266,0.5220638513565063,0.35758480429649353,0.46453335881233215,-0.33099958300590515,1.0,0.5347585678100586,-0.4867155849933624,0.5122261643409729,-0.4219549000263214,0.46072134375572205,0.378185510635376,0.5476125478744507,0.44619932770729065,0.4200487434864044,0.4221803545951843,0.5135559439659119,0.37227508425712585,-0.505172073841095,0.5173673033714294,0.43370887637138367,0.48343023657798767,-0.04453616216778755,0.40101614594459534,-0.4087645411491394,0.3628557026386261,0.2909776568412781,0.32838648557662964,0.4763447046279907,0.2838420569896698,0.26935192942619324,0.3989749252796173,0.38873398303985596,0.4845300018787384,0.4016283452510834,0.016350094228982925,0.02104805037379265,0.18066707253456116,0.353590726852417,0.5119304656982422,-0.373538076877594,-0.27999329566955566,0.3983815312385559,0.04829968139529228,0.4314109683036804,0.5040761232376099,0.18431873619556427,-0.3608229160308838,-0.010985258035361767,-0.4933425784111023,0.46160954236984253,0.5329740047454834,-0.5219959616661072,0.12956960499286652,-0.516232430934906,-0.3129221498966217,0.4718889594078064,0.4031418561935425,0.3473178446292877,0.21390660107135773,0.49558380246162415,0.5456622242927551,0.43188613653182983,0.43952468037605286,-0.40290898084640503,0.6800829172134399,0.3271925449371338,0.46944326162338257,0.07680077850818634,-0.38526651263237,0.13010786473751068,0.38887518644332886,0.26231706142425537,-0.04084630683064461,0.1569458693265915,-0.4266168773174286,0.2410774528980255,0.6611003875732422,0.43482834100723267,-0.09770846366882324,0.3995210528373718,0.2224346250295639,-0.029267380014061928,-0.20066174864768982,0.3808530569076538,0.4530143141746521,0.5930813550949097,0.5358536243438721,0.04107002168893814,-0.34730130434036255,-0.3773091733455658,0.25007811188697815
-0.9691305160522461,0.9457879066467285,0.7081314921379089,-0.9583562016487122,0.9798991084098816,0.8568035960197449,0.3432301878929138,0.9454188942909241,-0.9778786897659302,0.9738680720329285,0.9338005185127258,0.977485179901123,-0.9388892650604248,0.5347585678100586,1.0,-0.9662612676620483,0.895382285118103,-0.9629850387573242,0.9630897641181946,0.7758078575134277,0.9515979290008545,0.878563404083252,0.9732587337493896,0.9647390842437744,0.8678675889968872,0.7624285221099854,-0.9568338990211487,0.9757304191589355,0.8785854578018188,0.973324179649353,0.5799999237060547,0.7507748603820801,-0.9528223276138306,0.948339581489563,0.6954892873764038,0.9351765513420105,0.8576037287712097,0.26378798484802246,0.8596922159194946,0.9722586870193481,0.9539788365364075,0.7737289071083069,0.9531262516975403,0.36854660511016846,0.1773962825536728,0.70914226770401,0.8886790871620178,0.9819061160087585,-0.9676219820976257,-0.9408855438232422,0.9201494455337524,0.763256847858429,0.9502596259117126,0.9004351496696472,0.4007085859775543,-0.8935497403144836,0.2396545261144638,-0.9680187702178955,0.9723544716835022,0.9807657599449158,-0.9317324161529541,0.769866406917572,-0.8486037850379944,-0.942689061164856,0.9792922735214233,0.9800238013267517,0.9449445009231567,0.8970253467559814,0.957679808139801,0.9332473278045654,0.9258219599723816,0.977988600730896,-0.9625194072723389,0.6320946216583252,0.8921203017234802,0.9727482199668884,0.6707659363746643,-0.9697557091712952,0.7001466155052185,0.9534775614738464,0.829484224319458,0.6759753227233887,0.5940233469009399,-0.9661679863929749,0.34861624240875244,0.8731197714805603,0.971480667591095,0.6644800305366516,0.9459733366966248,0.17351962625980377,0.3478361964225769,0.5786175727844238,0.9480047225952148,0.9647375345230103,0.8605799674987793,0.9691152572631836,0.2992461323738098,-0.9564486145973206,-0.9408504962921143,0.9054840207099915
0.937145471572876,-0.9338936805725098,-0.6390994191169739,0.9556340575218201,-0.9513516426086426,-0.8453682065010071,-0.35342729091644287,-0.9608656764030457,0.9602698683738708,-0.9461655020713806,-0.9354327917098999,-0.9747586846351624,0.9398750066757202,-0.4867155849933624,-0.9662612676620483,1.0,-0.8753402829170227,0.9671992659568787,-0.9398740530014038,-0.7024376392364502,-0.8998856544494629,-0.8921390771865845,-0.9617918133735657,-0.9643620252609253,-0.902826726436615,-0.8147169351577759,0.9180067777633667,-0.9506269693374634,-0.9451226592063904,-0.9636767506599426,-0.5214360952377319,-0.839526891708374,0.952635645866394,-0.9345574975013733,-0.5534616112709045,-0.924564003944397,-0.7850872874259949,-0.26247352361679077,-0.8199856877326965,-0.9572864174842834,-0.9591967463493347,-0.8165457248687744,-0.9647892117500305,-0.3999381959438324,-0.21954308450222015,-0.6379534006118774,-0.7906031012535095,-0.9656795859336853,0.9471805691719055,0.9393873810768127,-0.90228670835495,-0.7641925811767578,-0.9167178273200989,-0.9326133728027344,-0.3386240005493164,0.9426740407943726,-0.3778745234012604,0.9213801622390747,-0.9515935182571411,-0.9677949547767639,0.9587772488594055,-0.7798963189125061,0.8770792484283447,0.9242293834686279,-0.961249589920044,-0.9289821982383728,-0.88700932264328,-0.8065639138221741,-0.9458408951759338,-0.9263783693313599,-0.8647390007972717,-0.9620555639266968,0.9777002334594727,-0.7331616282463074,-0.9333166480064392,-0.9517911076545715,-0.7338325381278992,0.9437379240989685,-0.717485249042511,-0.9677034020423889,-0.7575376629829407,-0.6887786388397217,-0.6563230156898499,0.9573956727981567,-0.2996973693370819,-0.8014476299285889,-0.9503397345542908,-0.669379472732544,-0.9616610407829285,-0.1591307669878006,-0.4386347830295563,-0.5289671421051025,-0.9529401659965515,-0.90590500831604,-0.8521235585212708,-0.9446089863777161,-0.4116705656051636,0.9027487635612488,0.9670841097831726,-0.933394193649292
-0.8581014275550842,0.8552643060684204,0.5934984683990479,-0.7918502688407898,0.8870304822921753,0.7824419140815735,0.33793890476226807,0.7900811433792114,-0.8511844873428345,0.852936863899231,0.8065611124038696,0.8699510097503662,-0.7492528557777405,0.5122261643409729,0.895382285118103,-0.8753402829170227,1.0,-0.8037088513374329,0.8365299701690674,0.7642377018928528,0.8387330174446106,0.788681149482727,0.8370009660720825,0.8112810254096985,0.7009891867637634,0.5905885696411133,-0.7619442343711853,0.8157082796096802,0.7342672944068909,0.8644763827323914,0.4321852922439575,0.7914016842842102,-0.7739691138267517,0.7834697961807251,0.7267932295799255,0.8627283573150635,0.7369120121002197,0.21439634263515472,0.8119973540306091,0.8125342726707458,0.8653556704521179,0.6954098343849182,0.8377431035041809,0.1860550045967102,0.21765032410621643,0.602315366268158,0.7543132305145264,0.8665596842765808,-0.8263866305351257,-0.7988343238830566,0.8575689792633057,0.6195967197418213,0.7414751648902893,0.7230034470558167,0.2561500370502472,-0.7803386449813843,0.2210693657398224,-0.7940467596054077,0.8531349301338196,0.8265570402145386,-0.7538562417030334,0.7040948271751404,-0.8684049248695374,-0.8208802938461304,0.8324592709541321,0.8647345304489136,0.9188520312309265,0.808370053768158,0.8114039301872253,0.8449646234512329,0.9192457795143127,0.8961748480796814,-0.8006758689880371,0.5669701099395752,0.7677382230758667,0.7931622862815857,0.47040626406669617,-0.8119770288467407,0.4939865171909332,0.8175271153450012,0.8801913857460022,0.7024412155151367,0.5436499714851379,-0.8085488080978394,0.11306288093328476,0.7115416526794434,0.8696112632751465,0.4725077450275421,0.8067347407341003,-0.1081332266330719,0.022459914907813072,0.42710253596305847,0.7759303450584412,0.895626425743103,0.6427109837532043,0.8182181715965271,0.2729891836643219,-0.777841329574585,-0.7919394373893738,0.788180410861969
0.9569861888885498,-0.9633244276046753,-0.7561057806015015,0.9853978753089905,-0.9572126269340515,-0.8490249514579773,-0.40808218717575073,-0.983852207660675,0.9887179732322693,-0.9572643637657166,-0.9636045694351196,-0.9836917519569397,0.987540602684021,-0.4219549000263214,-0.9629850387573242,0.9671992659568787,-0.8037088513374329,1.0,-0.9540560841560364,-0.7694144248962402,-0.9348042607307434,-0.8973237872123718,-0.9732630848884583,-0.984434962272644,-0.9001074433326721,-0.8626055717468262,0.9402198195457458,-0.9783262610435486,-0.9290680885314941,-0.9667456746101379,-0.6590979695320129,-0.7836498022079468,0.9930150508880615,-0.958901047706604,-0.6050369143486023,-0.9425658583641052,-0.8113360404968262,-0.2745322585105896,-0.8671471476554871,-0.9902611374855042,-0.9682295918464661,-0.8193714022636414,-0.9692055583000183,-0.4509842097759247,-0.23666900396347046,-0.6661039590835571,-0.8265014886856079,-0.9577990770339966,0.9870963096618652,0.9803140163421631,-0.9024352431297302,-0.8114514350891113,-0.9494980573654175,-0.9237791299819946,-0.3624534010887146,0.9593675136566162,-0.3478234112262726,0.972633421421051,-0.9742744565010071,-0.9775424003601074,0.9577358365058899,-0.7795524001121521,0.8646009564399719,0.9647631049156189,-0.9765756726264954,-0.9427397847175598,-0.8804296851158142,-0.8637162446975708,-0.9319249391555786,-0.8807170391082764,-0.8698644638061523,-0.9614299535751343,0.9829948544502258,-0.6175296306610107,-0.9362969994544983,-0.9625952839851379,-0.7087234854698181,0.9877350330352783,-0.7196323871612549,-0.9518881440162659,-0.7748941779136658,-0.7048482298851013,-0.7001786231994629,0.9886720180511475,-0.35667866468429565,-0.8213375210762024,-0.9682253003120422,-0.698183000087738,-0.9556736350059509,-0.324054479598999,-0.5494255423545837,-0.64613276720047,-0.953689455986023,-0.9324890375137329,-0.9031901955604553,-0.9797093272209167,-0.2918461859226227,0.9470325112342834,0.9818455576896667,-0.9616193175315857
-0.9865882396697998,0.9499562382698059,0.7026714086532593,-0.9603813886642456,0.9637861251831055,0.9150674343109131,0.30898427963256836,0.9349208474159241,-0.9701139330863953,0.9617668390274048,0.9326572418212891,0.970281183719635,-0.9494555592536926,0.46072134375572205,0.9630897641181946,-0.9398740530014038,0.8365299701690674,-0.9540560841560364,1.0,0.8260930180549622,0.9374217391014099,0.8717300891876221,0.9707832336425781,0.9721164703369141,0.8413676619529724,0.7404350638389587,-0.9523596167564392,0.9750439524650574,0.920028805732727,0.9392312169075012,0.6664608716964722,0.7397218942642212,-0.9658021926879883,0.9223502278327942,0.6461703181266785,0.9558286666870117,0.8338111042976379,0.11702225357294083,0.8311312794685364,0.9640722274780273,0.9629149436950684,0.8140221834182739,0.9369281530380249,0.3406238555908203,0.1500704288482666,0.7269757390022278,0.8539317846298218,0.9383959174156189,-0.9714787006378174,-0.9386841654777527,0.9437435865402222,0.8731276392936707,0.8983690142631531,0.9172588586807251,0.5133877992630005,-0.9122738838195801,0.2738191485404968,-0.9683736562728882,0.9614014625549316,0.9694765210151672,-0.9154513478279114,0.7161873579025269,-0.8582133054733276,-0.9612622857093811,0.9676710367202759,0.9576087594032288,0.906378984451294,0.8804928660392761,0.9265179634094238,0.9344278573989868,0.9283179640769958,0.9695603251457214,-0.9370852708816528,0.6212372183799744,0.9252998232841492,0.9508392810821533,0.592331051826477,-0.9600386023521423,0.7814021706581116,0.9506142735481262,0.8527419567108154,0.6613626480102539,0.6954091787338257,-0.9558913111686707,0.2363123595714569,0.9089894890785217,0.9858970642089844,0.7296410799026489,0.9700003862380981,0.31991833448410034,0.4154566824436188,0.5881490707397461,0.9543616771697998,0.9457225799560547,0.8573327660560608,0.973980724811554,0.3579894006252289,-0.9439707398414612,-0.9434171319007874,0.9384535551071167
-0.832729160785675,0.8491037487983704,0.6497710943222046,-0.7455561757087708,0.8329564332962036,0.7060506343841553,0.19181065261363983,0.7029784917831421,-0.8067846298217773,0.8257555961608887,0.7943159341812134,0.8243101239204407,-0.7597059011459351,0.378185510635376,0.7758078575134277,-0.7024376392364502,0.7642377018928528,-0.7694144248962402,0.8260930180549622,1.0,0.8887357115745544,0.8366819620132446,0.8051783442497253,0.793209433555603,0.6448549628257751,0.5707448124885559,-0.6952992081642151,0.7717012166976929,0.6875857710838318,0.7815987467765808,0.7638345956802368,0.6653813719749451,-0.7827187180519104,0.7348686456680298,0.7791569232940674,0.8388193249702454,0.6553401350975037,0.027676178142428398,0.8129162788391113,0.7914295196533203,0.8098312020301819,0.6712384819984436,0.7931037545204163,0.15846815705299377,0.22238759696483612,0.6991904973983765,0.6833683252334595,0.7315422892570496,-0.8205274343490601,-0.7855015993118286,0.8822466135025024,0.7363168001174927,0.6640415787696838,0.6984778642654419,0.4807187616825104,-0.779742956161499,0.2885766625404358,-0.8123656511306763,0.8441640734672546,0.7718898057937622,-0.6902239322662354,0.6491031050682068,-0.821990966796875,-0.8472014665603638,0.7742549777030945,0.766571044921875,0.801799476146698,0.7906106114387512,0.6124405860900879,0.7020062804222107,0.8875634670257568,0.8099698424339294,-0.6999788880348206,0.3599202334880829,0.7217910289764404,0.6944515109062195,0.17442476749420166,-0.7895088791847229,0.3832676410675049,0.6844943761825562,0.8762698173522949,0.5728883147239685,0.7958953976631165,-0.7761068344116211,0.09553979337215424,0.7307806611061096,0.8525182604789734,0.5007928013801575,0.7584730386734009,0.29940810799598694,0.24591881036758423,0.5113015174865723,0.6576005220413208,0.8674213290214539,0.6646769046783447,0.8338748216629028,-0.12293943017721176,-0.7386246919631958,-0.7600877285003662,0.8076136112213135
