1.0,-0.8800816535949707,-0.8819133043289185,0.8858966827392578,-0.9419375061988831,-0.9590986967086792,-0.9032881259918213,-0.2675377130508423,0.9769798517227173,-0.8673532605171204,-0.9514846801757812,-0.9350405335426331,0.9628069400787354,-0.9532608985900879,-0.9425380825996399,0.9313125014305115,-0.9462902545928955,0.932187020778656,-0.9223111271858215,-0.862503707408905,-0.9345059394836426,-0.8637966513633728,-0.9684690833091736,-0.9509798288345337,-0.9344863295555115,-0.9482353925704956,0.9433382153511047,-0.9318469166755676,-0.9677885174751282,-0.9164323210716248,-0.7291182279586792,-0.8103431463241577,0.9589303135871887,-0.9179936647415161,-0.8889809846878052,-0.966772735118866,-0.8807305693626404,-0.6107162833213806,-0.9367953538894653,-0.8596148490905762,-0.6383702158927917,-0.9479560256004333,-0.9715510010719299,-0.844934344291687,-0.5953143835067749,-0.34847572445869446,-0.6514632105827332,-0.8935627341270447,0.9180719256401062,0.9674714207649231,-0.9568000435829163,-0.8955494165420532,-0.918965220451355,-0.9749663472175598,-0.8919996023178101,0.9660655856132507,-0.9470071196556091,0.9713021516799927,-0.27264127135276794,-0.7820361256599426,0.8402935862541199,-0.9769888520240784,0.9421505331993103,0.9791711568832397,-0.9159910082817078,-0.9555263519287109,-0.5506260991096497,-0.9485821723937988,-0.9669701457023621,-0.808427631855011,-0.8421232104301453,-0.9449667930603027,0.935439944267273,-0.406599223613739,-0.9739258289337158,-0.9494773149490356,-0.8877547383308411,0.9668710231781006,-0.9766251444816589,-0.9635061025619507,-0.843913733959198,-0.5525889992713928,-0.23611626029014587,0.9579814672470093,-0.5744085907936096,-0.2701219916343689,-0.9258006811141968,-0.9465447068214417,-0.9784043431282043,-0.9406463503837585,-0.9242489337921143,-0.2824211120605469,-0.9393545985221863,-0.9447904825210571,-0.9420083165168762,-0.9784735441207886,-0.9088119864463806,0.9553961753845215,0.9234880208969116,-0.9627742767333984
-0.8800816535949707,1.0,0.8674999475479126,-0.9725884795188904,0.9593488574028015,0.9076620936393738,0.9112582206726074,0.34519901871681213,-0.9131237864494324,0.7341083884239197,0.9097855091094971,0.853392481803894,-0.9243202805519104,0.8471243381500244,0.9352370500564575,-0.7416812181472778,0.9420463442802429,-0.9324455261230469,0.8144128918647766,0.923088014125824,0.8667891621589661,0.9154146909713745,0.9533827900886536,0.9248620271682739,0.9095324277877808,0.9406487345695496,-0.9332470297813416,0.9390153884887695,0.91722571849823,0.8478755950927734,0.7193610668182373,0.5256695747375488,-0.9209194183349609,0.9408286809921265,0.9225891828536987,0.9246715307235718,0.8656708002090454,0.482735276222229,0.8925650119781494,0.7810505032539368,0.5075685381889343,0.8496781587600708,0.9102432727813721,0.7226294279098511,0.5298624038696289,0.2968372106552124,0.6574640870094299,0.9135375022888184,-0.8322011828422546,-0.8562508225440979,0.9487321376800537,0.9655682444572449,0.9835951328277588,0.9196089506149292,0.9271644949913025,-0.8493787050247192,0.9001884460449219,-0.9267016649246216,0.32832613587379456,0.796353816986084,-0.7329502105712891,0.9409229159355164,-0.9314247369766235,-0.9424163699150085,0.9042299389839172,0.9629258513450623,0.5735219120979309,0.9663165807723999,0.9529485702514648,0.7398186326026917,0.9424931406974792,0.8816594481468201,-0.8721024394035339,0.055109716951847076,0.8925021290779114,0.9323670864105225,0.7062333226203918,-0.9196712374687195,0.928570568561554,0.9577765464782715,0.8951698541641235,0.46409574151039124,0.13897699117660522,-0.8378521203994751,0.5966014266014099,0.10876325517892838,0.9062904119491577,0.9655141830444336,0.9257221817970276,0.8777081370353699,0.8985769748687744,0.13281458616256714,0.9094504714012146,0.8864477276802063,0.889444887638092,0.9315438866615295,0.8534880876541138,-0.9396160244941711,-0.8450818061828613,0.9175714254379272
-0.8819133043289185,0.8674999475479126,1.0,-0.813373327255249,0.9251523613929749,0.8670433759689331,0.8908823132514954,0.5861915946006775,-0.9307493567466736,0.681205689907074,0.9106636047363281,0.8384114503860474,-0.9163331985473633,0.8411846160888672,0.9282879829406738,-0.7982880473136902,0.9197378754615784,-0.9227558374404907,0.9177109599113464,0.9110168218612671,0.9051509499549866,0.8139784932136536,0.9169530868530273,0.9193386435508728,0.9132819175720215,0.9588219523429871,-0.9483237266540527,0.8775901794433594,0.885017454624176,0.9677342176437378,0.6767795085906982,0.5771678686141968,-0.9394230246543884,0.9180703163146973,0.7491828799247742,0.8676391243934631,0.7683622241020203,0.7015806436538696,0.9518340229988098,0.8036142587661743,0.6965774893760681,0.895653247833252,0.8535398244857788,0.8569237589836121,0.4306923449039459,0.21915170550346375,0.7533280849456787,0.904383659362793,-0.8608535528182983,-0.8955646753311157,0.8793512582778931,0.9140650629997253,0.8806260228157043,0.8819421529769897,0.9032748341560364,-0.876248836517334,0.8922162055969238,-0.9386661052703857,0.08826956152915955,0.6302245855331421,-0.7866782546043396,0.9207339286804199,-0.8909549117088318,-0.9137159585952759,0.8480722308158875,0.8737624287605286,0.23664285242557526,0.8745250105857849,0.8989567756652832,0.7669992446899414,0.9007564783096313,0.9369015097618103,-0.8276263475418091,0.22684338688850403,0.9464901089668274,0.9325265884399414,0.808571994304657,-0.8793827891349792,0.9294574856758118,0.9178988933563232,0.7753968238830566,0.3667244017124176,0.19483938813209534,-0.8953870534896851,0.5563637614250183,0.12226096540689468,0.9298206567764282,0.9124342203140259,0.9134893417358398,0.9692550301551819,0.9532585740089417,0.2728096842765808,0.9510536789894104,0.8630476593971252,0.9728838205337524,0.9475623965263367,0.9070622324943542,-0.9173828959465027,-0.7840858101844788,0.939990758895874
0.8858966827392578,-0.9725884795188904,-0.813373327255249,1.0,-0.9190401434898376,-0.8632192611694336,-0.8386178612709045,-0.20315170288085938,0.8886258602142334,-0.7352397441864014,-0.9121303558349609,-0.8851641416549683,0.9067532420158386,-0.8126252889633179,-0.9017031192779541,0.7255056500434875,-0.9352792501449585,0.9165972471237183,-0.7585516571998596,-0.847234308719635,-0.8377580046653748,-0.9259425401687622,-0.9279913902282715,-0.8750143051147461,-0.8714579939842224,-0.891372799873352,0.8865532279014587,-0.9099279046058655,-0.8946166634559631,-0.7996727228164673,-0.7973931431770325,-0.6049535870552063,0.876715898513794,-0.9357463121414185,-0.9327067136764526,-0.9138765335083008,-0.892891526222229,-0.4880754053592682,-0.8761794567108154,-0.7798823714256287,-0.4562338590621948,-0.7904593348503113,-0.903297483921051,-0.667384922504425,-0.5518466830253601,-0.40232881903648376,-0.6884493827819824,-0.9133862853050232,0.8212058544158936,0.8591951131820679,-0.9307593703269958,-0.9560803771018982,-0.9586218595504761,-0.8975341320037842,-0.912607729434967,0.8586857914924622,-0.8588224649429321,0.9003506302833557,-0.30419060587882996,-0.7451485395431519,0.7416223883628845,-0.9305303692817688,0.9158557653427124,0.9204720258712769,-0.9298551678657532,-0.954468309879303,-0.6191319823265076,-0.949982225894928,-0.9331696629524231,-0.6915972232818604,-0.9094012975692749,-0.8499154448509216,0.8800407648086548,-0.018848665058612823,-0.8543424010276794,-0.9195296168327332,-0.6802356839179993,0.9161456823348999,-0.9045130610466003,-0.9268344640731812,-0.8591290712356567,-0.5480017066001892,-0.17501969635486603,0.8183984160423279,-0.5160524249076843,-0.13673175871372223,-0.85638028383255,-0.9326930046081543,-0.9021521806716919,-0.8529424667358398,-0.856599748134613,-0.24221786856651306,-0.8621719479560852,-0.8552781343460083,-0.8480229377746582,-0.9109658002853394,-0.8067814111709595,0.9014167785644531,0.8492894768714905,-0.8845515251159668
-0.9419375061988831,0.9593488574028015,0.9251523613929749,-0.9190401434898376,1.0,0.9575210213661194,0.9634724855422974,0.3702504336833954,-0.9748108386993408,0.7513900995254517,0.9395148158073425,0.8648821115493774,-0.9488109350204468,0.8971480131149292,0.9716039896011353,-0.8308141827583313,0.9524655342102051,-0.9447848200798035,0.9101076722145081,0.9222955107688904,0.9567933678627014,0.9072116613388062,0.9702356457710266,0.9724012017250061,0.9695373773574829,0.975001335144043,-0.9636133313179016,0.9734147191047668,0.9542665481567383,0.9464032053947449,0.7430304288864136,0.6186388731002808,-0.9629480242729187,0.9290084838867188,0.9071291089057922,0.9688337445259094,0.8653505444526672,0.6112604737281799,0.9227302670478821,0.797703206539154,0.6584296822547913,0.9486552476882935,0.9286879301071167,0.8348962068557739,0.5170071125030518,0.2359727919101715,0.6525205373764038,0.9303261041641235,-0.8637754321098328,-0.9112768769264221,0.9643858075141907,0.9442499876022339,0.9613863229751587,0.955349862575531,0.9182595014572144,-0.8841727375984192,0.955767810344696,-0.9570590257644653,0.2984263300895691,0.8106091022491455,-0.8477510213851929,0.9577792882919312,-0.9388778805732727,-0.975679874420166,0.9158400893211365,0.9822351336479187,0.4952493906021118,0.9614198803901672,0.9624344110488892,0.7328358888626099,0.9024839997291565,0.929043710231781,-0.9101231098175049,0.2626965343952179,0.9633880853652954,0.9621404409408569,0.8121106624603271,-0.934132993221283,0.9693877100944519,0.9735791087150574,0.9053086638450623,0.5340443849563599,0.18412242829799652,-0.8943708539009094,0.5383619070053101,0.1262669414281845,0.9302526116371155,0.9666507244110107,0.9689591526985168,0.94435715675354,0.9256868362426758,0.12448026239871979,0.9403172731399536,0.9274473190307617,0.9443427920341492,0.9770906567573547,0.9025004506111145,-0.9670989513397217,-0.8568893074989319,0.9635661840438843
-0.9590986967086792,0.9076620936393738,0.8670433759689331,-0.8632192611694336,0.9575210213661194,1.0,0.9618885517120361,0.2972070872783661,-0.9599175453186035,0.8716498613357544,0.9207637310028076,0.8504712581634521,-0.9468284249305725,0.9729071259498596,0.9640940427780151,-0.8934481143951416,0.9426087141036987,-0.8924847841262817,0.9061121940612793,0.8937985897064209,0.9197618365287781,0.8389700055122375,0.9746026396751404,0.9545193910598755,0.9263970851898193,0.9571104645729065,-0.9463839530944824,0.9450368881225586,0.9676476716995239,0.904484748840332,0.617883563041687,0.6915217041969299,-0.9710977077484131,0.9127956628799438,0.8728362321853638,0.9695813059806824,0.826826274394989,0.4646071195602417,0.9030025005340576,0.8099536895751953,0.5860318541526794,0.9629191756248474,0.9746003746986389,0.860161542892456,0.5596321225166321,0.24993516504764557,0.5445579886436462,0.8440136909484863,-0.8702606558799744,-0.8980693817138672,0.9553306102752686,0.8851086497306824,0.9416908621788025,0.9744570851325989,0.903958797454834,-0.9295859932899475,0.9483268857002258,-0.9533460140228271,0.296477347612381,0.8315383195877075,-0.7728064656257629,0.9547014832496643,-0.9083165526390076,-0.9652923941612244,0.8712570071220398,0.9530457258224487,0.6142635345458984,0.9606751203536987,0.97301185131073,0.846096396446228,0.8286226987838745,0.9105530977249146,-0.8776589035987854,0.44325771927833557,0.9688191413879395,0.9368677139282227,0.8976976871490479,-0.9333736896514893,0.9692831039428711,0.9739356637001038,0.910442054271698,0.4836517572402954,0.14066126942634583,-0.9218655228614807,0.6417218446731567,0.16417312622070312,0.9226346015930176,0.9695340991020203,0.9734562635421753,0.9063541293144226,0.9091453552246094,0.11991958320140839,0.9525517821311951,0.9287644624710083,0.9370101690292358,0.9589067101478577,0.9350641369819641,-0.9750982522964478,-0.9138962626457214,0.9611985087394714
-0.9032881259918213,0.9112582206726074,0.8908823132514954,-0.8386178612709045,0.9634724855422974,0.9618885517120361,1.0,0.42616769671440125,-0.9543500542640686,0.7905728220939636,0.8688634037971497,0.7723321318626404,-0.9250987768173218,0.9111500978469849,0.9533012509346008,-0.8569718599319458,0.9202327132225037,-0.8618130087852478,0.8928251266479492,0.8871415853500366,0.8856805562973022,0.7975842952728271,0.9389317035675049,0.956027090549469,0.9555951356887817,0.9546405076980591,-0.9416549205780029,0.9424838423728943,0.9160702228546143,0.923921525478363,0.5690149664878845,0.5452858805656433,-0.9644502401351929,0.8783299326896667,0.8082640171051025,0.9499166011810303,0.8556693196296692,0.5132743120193481,0.9041414856910706,0.8118011951446533,0.579874575138092,0.9652997255325317,0.9180095195770264,0.8738356828689575,0.3902427852153778,0.18133020401000977,0.5981528162956238,0.8896785974502563,-0.788286030292511,-0.8651944398880005,0.9423564076423645,0.8942172527313232,0.9411305785179138,0.9499396681785583,0.9096695780754089,-0.8471812009811401,0.9100439548492432,-0.9245204925537109,0.36268696188926697,0.7665201425552368,-0.8280617594718933,0.9179118275642395,-0.8642286658287048,-0.9421032667160034,0.8040138483047485,0.9386484026908875,0.5392366051673889,0.9466627836227417,0.9477922916412354,0.777962327003479,0.8320440053939819,0.8710641264915466,-0.8090802431106567,0.3201015591621399,0.9508777260780334,0.9362831711769104,0.859170138835907,-0.8777380585670471,0.9499382972717285,0.9390428066253662,0.8797420859336853,0.3663841485977173,0.09558656066656113,-0.8658308982849121,0.583981454372406,0.1013529822230339,0.902442455291748,0.9541868567466736,0.9230120778083801,0.922122597694397,0.9151189923286438,0.11025817692279816,0.9209372997283936,0.9075225591659546,0.9349250197410583,0.9310219287872314,0.9364435076713562,-0.9535084962844849,-0.873322606086731,0.9281042814254761
-0.2675377130508423,0.34519901871681213,0.5861915946006775,-0.20315170288085938,0.3702504336833954,0.2972070872783661,0.42616769671440125,1.0,-0.359111487865448,0.2045288383960724,0.32526931166648865,0.25748854875564575,-0.4440920650959015,0.30977344512939453,0.3756760060787201,-0.3572041094303131,0.2987595498561859,-0.4336901903152466,0.5128883719444275,0.5296674370765686,0.278635710477829,0.26462456583976746,0.3443164825439453,0.44467446208000183,0.40509581565856934,0.49423539638519287,-0.44212424755096436,0.3566001355648041,0.25798356533050537,0.4831875264644623,0.07413377612829208,0.05817657336592674,-0.4528835415840149,0.3759959042072296,0.169642373919487,0.2145632803440094,0.23092493414878845,0.4717201590538025,0.5068024396896362,0.5320867896080017,0.48199525475502014,0.43360766768455505,0.26422742009162903,0.3002753257751465,0.0508415512740612,0.1639314740896225,0.6068277359008789,0.4521731734275818,-0.4230750799179077,-0.4163702428340912,0.30173176527023315,0.3577336072921753,0.37845417857170105,0.33034181594848633,0.3191424310207367,-0.2917577028274536,0.39586764574050903,-0.43375521898269653,0.05602479353547096,0.1139097735285759,-0.3263396620750427,0.38134798407554626,-0.4034699499607086,-0.3632209897041321,0.17364433407783508,0.26773905754089355,-0.2657727003097534,0.32875755429267883,0.3404572606086731,0.3981880843639374,0.4862942695617676,0.4940105080604553,-0.23915398120880127,-0.09785003215074539,0.4342200458049774,0.32047387957572937,0.33075177669525146,-0.37735214829444885,0.3875233232975006,0.3597784638404846,0.11185476183891296,-0.41649720072746277,0.07182595878839493,-0.40037912130355835,0.5957210659980774,0.1046387180685997,0.5195773243904114,0.3809891641139984,0.3092212378978729,0.4528551995754242,0.5348072648048401,-0.05917324498295784,0.4567667245864868,0.4189765453338623,0.4961053729057312,0.39422690868377686,0.4806319773197174,-0.38378793001174927,-0.30303505063056946,0.3669615685939789
0.9769798517227173,-0.9131237864494324,-0.9307493567466736,0.8886258602142334,-0.9748108386993408,-0.9599175453186035,-0.9543500542640686,-0.359111487865448,1.0,-0.8199566006660461,-0.9375139474868774,-0.8984290957450867,0.9605187773704529,-0.9345767498016357,-0.9614942669868469,0.9068663120269775,-0.9628156423568726,0.9377331733703613,-0.9290987849235535,-0.9068220853805542,-0.946031928062439,-0.8485406637191772,-0.9741080403327942,-0.9752957224845886,-0.9754061698913574,-0.9740847945213318,0.9801303744316101,-0.9377147555351257,-0.9734538197517395,-0.9522972702980042,-0.6882394552230835,-0.6792711019515991,0.9804409146308899,-0.9173324108123779,-0.8622524738311768,-0.9756834506988525,-0.9028164148330688,-0.6311975121498108,-0.945754885673523,-0.8375277519226074,-0.6259291768074036,-0.9654776453971863,-0.9536874890327454,-0.8990534543991089,-0.4891092777252197,-0.224676713347435,-0.6574968695640564,-0.931611180305481,0.8787416219711304,0.9502730965614319,-0.9788150191307068,-0.9360269904136658,-0.9391526579856873,-0.9775552749633789,-0.9308022856712341,0.931676983833313,-0.9387302398681641,0.9750795364379883,-0.30894142389297485,-0.7834487557411194,0.8606584668159485,-0.9731303453445435,0.9376147389411926,0.9880300760269165,-0.8925619721412659,-0.9647164940834045,-0.49696269631385803,-0.9550964832305908,-0.9722038507461548,-0.7981892824172974,-0.8835139274597168,-0.9400225877761841,0.9118623733520508,-0.32701754570007324,-0.9814409613609314,-0.9772807359695435,-0.8610737919807434,0.9411550760269165,-0.9843328595161438,-0.9720014333724976,-0.8709357380867004,-0.49489325284957886,-0.23845787346363068,0.9402459263801575,-0.5409061312675476,-0.21396800875663757,-0.9382498860359192,-0.9642987847328186,-0.9781184196472168,-0.9790135025978088,-0.9591622948646545,-0.2842133045196533,-0.9517346620559692,-0.9379108548164368,-0.9689439535140991,-0.9820576906204224,-0.91773921251297,0.9722715020179749,0.8955123424530029,-0.9709236025810242
-0.8673532605171204,0.7341083884239197,0.681205689907074,-0.7352397441864014,0.7513900995254517,0.8716498613357544,0.7905728220939636,0.2045288383960724,-0.8199566006660461,1.0,0.8303092122077942,0.7505068182945251,-0.8614804148674011,0.886136531829834,0.7936513423919678,-0.9154872298240662,0.8144811987876892,-0.7601895332336426,0.7870379090309143,0.7473405599594116,0.6815677881240845,0.6993851661682129,0.8379096984863281,0.785609781742096,0.7149659395217896,0.8192679286003113,-0.803482174873352,0.7421273589134216,0.8479710221290588,0.6768983602523804,0.40574705600738525,0.7446887493133545,-0.8572028875350952,0.7968414425849915,0.7343829274177551,0.8390225768089294,0.7803957462310791,0.27661949396133423,0.8155329823493958,0.8468036651611328,0.3592718839645386,0.8146086931228638,0.9310839176177979,0.7446342706680298,0.5972276329994202,0.42156678438186646,0.4797951877117157,0.7229328751564026,-0.8265734314918518,-0.8440185189247131,0.8567967414855957,0.7645699381828308,0.815283477306366,0.851060688495636,0.7984853386878967,-0.9117761254310608,0.7550439834594727,-0.8267238736152649,0.4240952730178833,0.7136873006820679,-0.5947642922401428,0.8643134832382202,-0.790993869304657,-0.8442907929420471,0.7213702201843262,0.7728925943374634,0.6616863012313843,0.836819589138031,0.8774299621582031,0.9034116864204407,0.7025906443595886,0.7978320717811584,-0.7523990273475647,0.4895288050174713,0.8397004008293152,0.7844001650810242,0.8293548226356506,-0.8581196069717407,0.8260378241539001,0.8475071787834167,0.6653455495834351,0.22620783746242523,0.1847294270992279,-0.8888106346130371,0.7198377251625061,0.11716281622648239,0.7628243565559387,0.8470521569252014,0.8374674320220947,0.761094331741333,0.8325404524803162,0.33129316568374634,0.8416180610656738,0.8372378945350647,0.8182448744773865,0.8167694807052612,0.8192352652549744,-0.831396758556366,-0.8790020942687988,0.8085314631462097
-0.9514846801757812,0.9097855091094971,0.9106636047363281,-0.9121303558349609,0.9395148158073425,0.9207637310028076,0.8688634037971497,0.32526931166648865,-0.9375139474868774,0.8303092122077942,1.0,0.8932316899299622,-0.9555370211601257,0.8736526370048523,0.9381220936775208,-0.8545848727226257,0.9459090232849121,-0.9597681760787964,0.9104973673820496,0.8903387188911438,0.9179564714431763,0.9469747543334961,0.9496108889579773,0.9082326889038086,0.8703357577323914,0.9554698467254639,-0.9264177083969116,0.9122568964958191,0.9399014711380005,0.8924673795700073,0.7876259684562683,0.7622178196907043,-0.9381176233291626,0.9595112800598145,0.9003621935844421,0.9359978437423706,0.8242248296737671,0.6065049767494202,0.9419256448745728,0.8438910841941833,0.657732367515564,0.8887688517570496,0.9475873708724976,0.7941259145736694,0.6715149283409119,0.41903629899024963,0.6988821625709534,0.9085230827331543,-0.9444077610969543,-0.9459295272827148,0.9342384934425354,0.941012442111969,0.9256108999252319,0.9073632955551147,0.9079300165176392,-0.9583833813667297,0.9157140254974365,-0.9433313608169556,0.22141046822071075,0.7581538558006287,-0.7769981026649475,0.9701612591743469,-0.9435105323791504,-0.953420877456665,0.9577122926712036,0.9267118573188782,0.44670596718788147,0.922661542892456,0.9495039582252502,0.7843421697616577,0.9011997580528259,0.9550067186355591,-0.9269375801086426,0.33680063486099243,0.9523892402648926,0.9310556054115295,0.816771924495697,-0.9625470042228699,0.9365516304969788,0.9624034762382507,0.8016787767410278,0.5191006064414978,0.2403612583875656,-0.9456751942634583,0.5832555890083313,0.03901469334959984,0.8901262879371643,0.939595103263855,0.9630361199378967,0.920773446559906,0.9262992739677429,0.2644525468349457,0.953027069568634,0.9112902879714966,0.9429707527160645,0.9755731821060181,0.8776770234107971,-0.9286113977432251,-0.8424221873283386,0.9533039927482605
-0.9350405335426331,0.853392481803894,0.8384114503860474,-0.8851641416549683,0.8648821115493774,0.8504712581634521,0.7723321318626404,0.25748854875564575,-0.8984290957450867,0.7505068182945251,0.8932316899299622,1.0,-0.8889103531837463,0.874642550945282,0.8443325161933899,-0.8356739282608032,0.887572169303894,-0.9370315670967102,0.8559052348136902,0.8426856994628906,0.8828374147415161,0.8411571383476257,0.9246420860290527,0.9042207598686218,0.8734103441238403,0.8810760974884033,-0.8990951180458069,0.8671866059303284,0.9122691750526428,0.8364821076393127,0.7772678136825562,0.7787366509437561,-0.8667805790901184,0.8762171268463135,0.8832120895385742,0.8781402111053467,0.8396531343460083,0.6552257537841797,0.8934925198554993,0.7987077236175537,0.6212891936302185,0.8258928656578064,0.886938750743866,0.7241332530975342,0.6604703068733215,0.3403501808643341,0.6519618034362793,0.8352320790290833,-0.9139773845672607,-0.9297401905059814,0.8839929103851318,0.8622273206710815,0.8575869202613831,0.9096252918243408,0.8274378776550293,-0.9086909294128418,0.9130188226699829,-0.9427794218063354,0.19255200028419495,0.7471669316291809,-0.7214984893798828,0.9344274997711182,-0.9460498690605164,-0.9267500042915344,0.9239985942840576,0.8980817794799805,0.44658413529396057,0.8938793540000916,0.9073199033737183,0.7542781233787537,0.8751596212387085,0.9256449937820435,-0.944652795791626,0.19311679899692535,0.8891467452049255,0.901546835899353,0.7353101968765259,-0.939436674118042,0.9136161208152771,0.9122439622879028,0.7755034565925598,0.5780306458473206,0.16493086516857147,-0.9152734279632568,0.552241325378418,0.44657593965530396,0.9225646257400513,0.8823736310005188,0.92436283826828,0.8688147068023682,0.8706389665603638,0.36170506477355957,0.8889337778091431,0.9069827795028687,0.856545090675354,0.9254438877105713,0.806369423866272,-0.8763330578804016,-0.8413137197494507,0.9241158366203308
0.9628069400787354,-0.9243202805519104,-0.9163331985473633,0.9067532420158386,-0.9488109350204468,-0.9468284249305725,-0.9250987768173218,-0.4440920650959015,0.9605187773704529,-0.8614804148674011,-0.9555370211601257,-0.8889103531837463,1.0,-0.9331974983215332,-0.9668644666671753,0.8948749899864197,-0.9524807333946228,0.9458740949630737,-0.9099896550178528,-0.9077392816543579,-0.8802991509437561,-0.8806308507919312,-0.9688669443130493,-0.9486580491065979,-0.9268694519996643,-0.9787759184837341,0.9518043398857117,-0.9398999214172363,-0.9357289671897888,-0.9135892391204834,-0.6856757402420044,-0.7241315245628357,0.9832218289375305,-0.9611784815788269,-0.8768503665924072,-0.9328104257583618,-0.8683784604072571,-0.5684131383895874,-0.9682177305221558,-0.9201770424842834,-0.6020714640617371,-0.9368265867233276,-0.9677384495735168,-0.7860962152481079,-0.5448428988456726,-0.4424540102481842,-0.7662230730056763,-0.9388424158096313,0.9204909205436707,0.9592350721359253,-0.95717853307724,-0.9283931851387024,-0.9683024287223816,-0.9658336043357849,-0.9153568148612976,0.9527568221092224,-0.9331220388412476,0.977104902267456,-0.28057941794395447,-0.7285506129264832,0.8230600953102112,-0.9880611300468445,0.9515154361724854,0.9738357067108154,-0.8778451085090637,-0.9508523941040039,-0.5453126430511475,-0.9675068855285645,-0.9746991991996765,-0.8373823761940002,-0.8917355537414551,-0.9526152014732361,0.8857432007789612,-0.27900952100753784,-0.970576286315918,-0.9362382292747498,-0.8744798302650452,0.9777867197990417,-0.9799742698669434,-0.9701563715934753,-0.8188402652740479,-0.384697824716568,-0.26361793279647827,0.9371209144592285,-0.701532781124115,-0.19508394598960876,-0.9476797580718994,-0.9744601845741272,-0.9564148187637329,-0.9457895159721375,-0.9615862965583801,-0.20501962304115295,-0.9543648362159729,-0.9374384880065918,-0.9682804942131042,-0.977239191532135,-0.9433540105819702,0.9741660356521606,0.9444989562034607,-0.9420225024223328
-0.9532608985900879,0.8471243381500244,0.8411846160888672,-0.8126252889633179,0.8971480131149292,0.9729071259498596,0.9111500978469849,0.30977344512939453,-0.9345767498016357,0.886136531829834,0.8736526370048523,0.874642550945282,-0.9331974983215332,1.0,0.9324249029159546,-0.9047830104827881,0.9201696515083313,-0.8585001230239868,0.8778789639472961,0.8620489239692688,0.8721511363983154,0.748170793056488,0.9586064219474792,0.9296668767929077,0.8999099731445312,0.9248610138893127,-0.9286296963691711,0.8945473432540894,0.9467976689338684,0.8781245350837708,0.5431499481201172,0.7238620519638062,-0.9553924202919006,0.8894387483596802,0.812118649482727,0.9210309386253357,0.794939398765564,0.4296453595161438,0.8923199772834778,0.8175793886184692,0.5309742093086243,0.9362507462501526,0.963214099407196,0.8405430912971497,0.5261473059654236,0.26040780544281006,0.5456928610801697,0.7910143733024597,-0.8628246784210205,-0.8892209529876709,0.9195446372032166,0.8298808336257935,0.9015151262283325,0.9740287661552429,0.87307208776474,-0.941359281539917,0.9251337647438049,-0.9533923864364624,0.21747757494449615,0.7690704464912415,-0.7218448519706726,0.9407256245613098,-0.8889257907867432,-0.9397851824760437,0.8145114183425903,0.9107823967933655,0.6269028186798096,0.9361110329627991,0.9507761597633362,0.9005827307701111,0.7854236364364624,0.8955706357955933,-0.8419990539550781,0.45005983114242554,0.947938084602356,0.9084933400154114,0.9209862947463989,-0.9199934601783752,0.9621613621711731,0.9453231692314148,0.8745173811912537,0.42864832282066345,0.16067539155483246,-0.9194797873497009,0.6994967460632324,0.33231863379478455,0.9364887475967407,0.9456473588943481,0.9494577646255493,0.890540361404419,0.8992916941642761,0.18152610957622528,0.9374441504478455,0.9042904376983643,0.9230417609214783,0.9307761192321777,0.9364179968833923,-0.9621506929397583,-0.9471549987792969,0.9369451403617859
-0.9425380825996399,0.9352370500564575,0.9282879829406738,-0.9017031192779541,0.9716039896011353,0.9640940427780151,0.9533012509346008,0.3756760060787201,-0.9614942669868469,0.7936513423919678,0.9381220936775208,0.8443325161933899,-0.9668644666671753,0.9324249029159546,1.0,-0.8218779563903809,0.9777355194091797,-0.9055573344230652,0.8731425404548645,0.8909735679626465,0.9178148508071899,0.8580430150032043,0.9732016324996948,0.9361082315444946,0.940337598323822,0.9686777591705322,-0.9507654905319214,0.9505470395088196,0.9407407641410828,0.9467554092407227,0.688462495803833,0.6403282284736633,-0.9788717031478882,0.968062698841095,0.8465104699134827,0.9485530257225037,0.8229597806930542,0.5112926363945007,0.9368262887001038,0.8165127635002136,0.573931097984314,0.9333252906799316,0.9507598280906677,0.836484968662262,0.4505839943885803,0.30856990814208984,0.6920175552368164,0.9066563844680786,-0.8456311225891113,-0.8897261619567871,0.9457588791847229,0.9306718707084656,0.9644686579704285,0.9607238173484802,0.947081983089447,-0.9238394498825073,0.9263345003128052,-0.9573520421981812,0.15917949378490448,0.7135421633720398,-0.8168244957923889,0.9602805972099304,-0.9032300114631653,-0.954034149646759,0.8794465065002441,0.964184582233429,0.5595015287399292,0.9644603729248047,0.9645218253135681,0.8053833842277527,0.8575438261032104,0.9067696928977966,-0.8429901599884033,0.30688226222991943,0.9646880030632019,0.9594913721084595,0.8922207951545715,-0.9237635135650635,0.9811021685600281,0.9672726392745972,0.9138098359107971,0.4781259596347809,0.21104253828525543,-0.8833073973655701,0.6003501415252686,0.11283446103334427,0.9281875491142273,0.9793908596038818,0.9587723016738892,0.9518750309944153,0.9277368783950806,0.1470995545387268,0.9521169662475586,0.8809776306152344,0.9698547720909119,0.9694183468818665,0.9548112750053406,-0.9872614145278931,-0.9143380522727966,0.950977623462677
0.9313125014305115,-0.7416812181472778,-0.7982880473136902,0.7255056500434875,-0.8308141827583313,-0.8934481143951416,-0.8569718599319458,-0.3572041094303131,0.9068663120269775,-0.9154872298240662,-0.8545848727226257,-0.8356739282608032,0.8948749899864197,-0.9047830104827881,-0.8218779563903809,1.0,-0.8216004967689514,0.8399662971496582,-0.9298039078712463,-0.7912741899490356,-0.8108044862747192,-0.7319724559783936,-0.8694599270820618,-0.8980312347412109,-0.8511752486228943,-0.8823720812797546,0.8692045211791992,-0.830289900302887,-0.8788410425186157,-0.8273106217384338,-0.5302745699882507,-0.8042562007904053,0.9005693197250366,-0.7832460999488831,-0.7608417272567749,-0.8877957463264465,-0.8490965962409973,-0.6003807783126831,-0.8913440108299255,-0.900999128818512,-0.6310625672340393,-0.930233895778656,-0.9108431339263916,-0.836208164691925,-0.5740220546722412,-0.3421597182750702,-0.5814314484596252,-0.8151527047157288,0.8801695108413696,0.94496089220047,-0.8817077875137329,-0.7793732285499573,-0.8144657015800476,-0.9039842486381531,-0.7849626541137695,0.9034643173217773,-0.8646624684333801,0.8967637419700623,-0.4363761842250824,-0.7355729341506958,0.7858126163482666,-0.8989855051040649,0.8561107516288757,0.9088733792304993,-0.7719172835350037,-0.8289303779602051,-0.4618809223175049,-0.8559918403625488,-0.8958719372749329,-0.821051836013794,-0.7482544779777527,-0.8938159942626953,0.8487752676010132,-0.5048059225082397,-0.9250576496124268,-0.849416196346283,-0.8685551285743713,0.8989493250846863,-0.8890365362167358,-0.873206377029419,-0.6592625975608826,-0.30921682715415955,-0.15134726464748383,0.953900158405304,-0.6267691850662231,-0.2763955295085907,-0.8519929647445679,-0.8542436361312866,-0.8845316767692566,-0.8633789420127869,-0.8892789483070374,-0.33971911668777466,-0.8771840929985046,-0.938649594783783,-0.8778157234191895,-0.8906702399253845,-0.865014374256134,0.8550496101379395,0.8672230839729309,-0.883318305015564
-0.9462902545928955,0.9420463442802429,0.9197378754615784,-0.9352792501449585,0.9524655342102051,0.9426087141036987,0.9202327132225037,0.2987595498561859,-0.9628156423568726,0.8144811987876892,0.9459090232849121,0.887572169303894,-0.9524807333946228,0.9201696515083313,0.9777355194091797,-0.8216004967689514,1.0,-0.9154012799263,0.8474251627922058,0.887939453125,0.9025687575340271,0.8554997444152832,0.9790492653846741,0.9215958118438721,0.9242430329322815,0.9555745720863342,-0.9604655504226685,0.9166589975357056,0.9570629596710205,0.9144236445426941,0.6983674764633179,0.637211799621582,-0.9657220244407654,0.9757903218269348,0.8456231951713562,0.9576729536056519,0.8692758083343506,0.5006396770477295,0.9427825808525085,0.8060540556907654,0.49707934260368347,0.8897768259048462,0.960766613483429,0.8577824831008911,0.4674766957759857,0.2852458953857422,0.6755488514900208,0.9109541177749634,-0.84641432762146,-0.8952336311340332,0.961517333984375,0.9672521948814392,0.9609909057617188,0.9562500715255737,0.9847337007522583,-0.945870041847229,0.8934340476989746,-0.9589648842811584,0.1720038205385208,0.714339017868042,-0.7739771008491516,0.969536304473877,-0.9092775583267212,-0.9575290679931641,0.9087433218955994,0.9575057625770569,0.5678791999816895,0.9660201072692871,0.9753509759902954,0.8328080177307129,0.8911042213439941,0.8993892669677734,-0.8586735725402832,0.23775143921375275,0.947662353515625,0.9846504926681519,0.8503820896148682,-0.9223318696022034,0.9727829098701477,0.971276581287384,0.9072980284690857,0.4959621727466583,0.1964750587940216,-0.8982759714126587,0.5548768043518066,0.12592877447605133,0.9162643551826477,0.9812532663345337,0.962253749370575,0.9566984176635742,0.9393828511238098,0.3217736780643463,0.955943763256073,0.8722308278083801,0.962417483329773,0.9650168418884277,0.9250679612159729,-0.9744793176651001,-0.9034486413002014,0.9582033157348633
0.932187020778656,-0.9324455261230469,-0.9227558374404907,0.9165972471237183,-0.9447848200798035,-0.8924847841262817,-0.8618130087852478,-0.4336901903152466,0.9377331733703613,-0.7601895332336426,-0.9597681760787964,-0.9370315670967102,0.9458740949630737,-0.8585001230239868,-0.9055573344230652,0.8399662971496582,-0.9154012799263,1.0,-0.9246155619621277,-0.9498293399810791,-0.920076847076416,-0.9355034828186035,-0.951187014579773,-0.9499989151954651,-0.9069721102714539,-0.9633622765541077,0.9540438652038574,-0.9154372215270996,-0.9389498233795166,-0.8897929787635803,-0.7759147882461548,-0.6890679001808167,0.9289754033088684,-0.9251653552055359,-0.9271984100341797,-0.9074782729148865,-0.8437021970748901,-0.683730959892273,-0.9342868328094482,-0.8385170102119446,-0.6949160695075989,-0.8860647678375244,-0.9088506698608398,-0.7541003227233887,-0.6756995916366577,-0.33590617775917053,-0.7095490097999573,-0.9203940033912659,0.9587427973747253,0.9573907852172852,-0.9376209378242493,-0.9399221539497375,-0.9264174103736877,-0.9135721325874329,-0.8713536262512207,0.9111015200614929,-0.944249153137207,0.9644190073013306,-0.29673895239830017,-0.8093944787979126,0.7632969617843628,-0.9697449803352356,0.992034375667572,0.9678730368614197,-0.941784679889679,-0.9295700192451477,-0.37792858481407166,-0.9215911626815796,-0.94061678647995,-0.7604442834854126,-0.9654988646507263,-0.9820572137832642,0.9636521935462952,-0.1840788722038269,-0.9377775192260742,-0.9206364750862122,-0.7268933653831482,0.9736534357070923,-0.9359169006347656,-0.9632685780525208,-0.7883149981498718,-0.4822353422641754,-0.24882356822490692,0.9422094225883484,-0.6209218502044678,-0.215616375207901,-0.9454792141914368,-0.9332693815231323,-0.958625316619873,-0.9172167778015137,-0.9448140859603882,-0.23128053545951843,-0.9442538022994995,-0.9449166059494019,-0.9238397479057312,-0.9713971018791199,-0.8394455313682556,0.9233943819999695,0.8189400434494019,-0.9522838592529297
-0.9223111271858215,0.8144128918647766,0.9177109599113464,-0.7585516571998596,0.9101076722145081,0.9061121940612793,0.8928251266479492,0.5128883719444275,-0.9290987849235535,0.7870379090309143,0.9104973673820496,0.8559052348136902,-0.9099896550178528,0.8778789639472961,0.8731425404548645,-0.9298039078712463,0.8474251627922058,-0.9246155619621277,1.0,0.8909157514572144,0.9165660738945007,0.8342229127883911,0.9041316509246826,0.9504626989364624,0.8982161283493042,0.9466556906700134,-0.9199755191802979,0.8968490362167358,0.8993133306503296,0.9245411157608032,0.657411515712738,0.7393279671669006,-0.9240719079971313,0.8383768796920776,0.8129762411117554,0.894193708896637,0.7854422330856323,0.7389379739761353,0.9264504909515381,0.8569033741950989,0.8187456130981445,0.9574956893920898,0.8799198865890503,0.845842182636261,0.6304649710655212,0.269428551197052,0.6350018978118896,0.8542672395706177,-0.9327565431594849,-0.9522125124931335,0.8806710243225098,0.8345428705215454,0.8440893888473511,0.894781768321991,0.8034877777099609,-0.8849804997444153,0.9450494647026062,-0.9339502453804016,0.30644065141677856,0.7727100253105164,-0.8035680055618286,0.9193788766860962,-0.913684606552124,-0.9338908791542053,0.8545551896095276,0.864237368106842,0.27037400007247925,0.8644837737083435,0.9022276401519775,0.7662887573242188,0.8484059572219849,0.9692516922950745,-0.9043917059898376,0.44397011399269104,0.9661237001419067,0.8839237689971924,0.8315184712409973,-0.9212413430213928,0.9132349491119385,0.9162753224372864,0.7113974094390869,0.38711586594581604,0.11894193291664124,-0.9641110301017761,0.6130485534667969,0.19229400157928467,0.9170007705688477,0.8810775876045227,0.9270050525665283,0.9070304036140442,0.9212976694107056,0.19595974683761597,0.9372050762176514,0.9609434008598328,0.9253608584403992,0.9468088150024414,0.8828455209732056,-0.8840544819831848,-0.7889028191566467,0.9464528560638428
-0.862503707408905,0.923088014125824,0.9110168218612671,-0.847234308719635,0.9222955107688904,0.8937985897064209,0.8871415853500366,0.5296674370765686,-0.9068220853805542,0.7473405599594116,0.8903387188911438,0.8426856994628906,-0.9077392816543579,0.8620489239692688,0.8909735679626465,-0.7912741899490356,0.887939453125,-0.9498293399810791,0.8909157514572144,1.0,0.8700604438781738,0.8408859968185425,0.9341288805007935,0.9359444975852966,0.8793995976448059,0.957444429397583,-0.9647328853607178,0.8613388538360596,0.9290575385093689,0.8552989363670349,0.5735388994216919,0.5041764378547668,-0.9296707510948181,0.8854695558547974,0.8546397089958191,0.8622173070907593,0.7667058110237122,0.5302900075912476,0.8794298768043518,0.7635806798934937,0.5911097526550293,0.8734742999076843,0.8818265199661255,0.7783704400062561,0.5910482406616211,0.14735567569732666,0.5854891538619995,0.8482039570808411,-0.8995542526245117,-0.87400883436203,0.9230058193206787,0.9138262867927551,0.9131216406822205,0.8905032873153687,0.8658282160758972,-0.8613627552986145,0.9051043391227722,-0.9364525675773621,0.3215011656284332,0.8387739062309265,-0.6401861310005188,0.9290107488632202,-0.9510767459869385,-0.935774028301239,0.8388712406158447,0.8789691925048828,0.3766089379787445,0.8925960063934326,0.9177367687225342,0.829173743724823,0.9617229700088501,0.9403218626976013,-0.8808040618896484,0.1761890947818756,0.9070565104484558,0.8827939629554749,0.692319929599762,-0.9137127995491028,0.9060877561569214,0.9517281651496887,0.8130897283554077,0.3272617757320404,0.248565211892128,-0.9010645151138306,0.7089951634407043,0.1757570058107376,0.9444029927253723,0.931921660900116,0.9332273006439209,0.8853393197059631,0.948846161365509,0.1367579847574234,0.9468374848365784,0.898761510848999,0.9153311252593994,0.9242076277732849,0.8287044167518616,-0.9278687238693237,-0.7826055288314819,0.9248421788215637
