1.0,0.662105143070221,0.6843264698982239,0.8791118264198303,0.6847618222236633,0.6767931580543518,0.6649027466773987,0.686462938785553,0.8752534985542297,0.6748582720756531,0.6585814952850342,0.6601997017860413,0.872853696346283,0.6443725824356079,0.6688166856765747,0.8844334483146667,0.6641042828559875,0.8658574819564819,0.6860694885253906,0.6711060404777527,0.6758263111114502,0.6615502238273621,0.6672082543373108,0.6866109371185303,0.6861394643783569,0.6778202652931213,0.8785286545753479,0.6636412739753723,0.6651085019111633,0.6776856780052185,0.6709060668945312,0.6654291749000549,0.8672856092453003,0.6745067238807678,0.6515896320343018,0.6684396266937256,0.6616814136505127,0.6494948267936707,0.6642082929611206,0.6986811757087708,0.6688494086265564,0.6715047359466553,0.6607120633125305,0.6608346104621887,0.6642025709152222,0.6869891881942749,0.6745244264602661,0.6828550100326538,0.874416172504425,0.8794394135475159,0.6716536283493042,0.6642563343048096,0.6707688570022583,0.6778067946434021,0.6699115037918091,0.8837049603462219,0.6732214689254761,0.8820177316665649,0.6648178100585938,0.6629184484481812,0.8811560273170471,0.6801221370697021,0.8728283047676086,0.8769544959068298,0.6528455018997192,0.6635757684707642,0.6632979512214661,0.6806116104125977,0.6651114821434021,0.6494119167327881,0.6625484824180603,0.672128438949585,0.8765482902526855,0.6645148396492004,0.6735543608665466,0.6683605313301086,0.6723725199699402,0.8887237906455994,0.668237566947937,0.6782153844833374,0.6525090336799622,0.6746777296066284,0.6686208248138428,0.8728474378585815,0.6585556268692017,0.6636488437652588,0.6833664178848267,0.6691169738769531,0.6804936528205872,0.681961715221405,0.673628568649292,0.666489839553833,0.6636092066764832,0.682891309261322,0.677249550819397,0.6660124063491821,0.6705194711685181,0.8610740900039673,0.8796434998512268,0.6781314611434937
0.662105143070221,1.0,0.8153561353683472,0.6829630136489868,0.8208239078521729,0.8060906529426575,0.7719069719314575,0.8010987639427185,0.6685250401496887,0.809603214263916,0.7799477577209473,0.7779178023338318,0.657237708568573,0.7566308975219727,0.7867435812950134,0.6655265092849731,0.7925004959106445,0.6834902167320251,0.8078975677490234,0.7883998155593872,0.7790965437889099,0.7677850723266602,0.7913573980331421,0.8176942467689514,0.8018815517425537,0.7875315546989441,0.6582502126693726,0.7972576022148132,0.7835472822189331,0.8169703483581543,0.7934932112693787,0.7885433435440063,0.6597002744674683,0.7788802981376648,0.7590600252151489,0.7930632829666138,0.7990997433662415,0.7736716866493225,0.7799359560012817,0.8279439806938171,0.7897242307662964,0.7901918292045593,0.7864634990692139,0.7827537059783936,0.7706152200698853,0.8091172575950623,0.794370174407959,0.800390899181366,0.6620321869850159,0.7042622566223145,0.7968161106109619,0.7857465744018555,0.8090236186981201,0.7914398908615112,0.7935802936553955,0.6577866077423096,0.7964679598808289,0.6565393805503845,0.7817635536193848,0.7633787989616394,0.6629867553710938,0.8102716207504272,0.6598162651062012,0.6849013566970825,0.7720425724983215,0.7839642763137817,0.7717804312705994,0.8092876672744751,0.8018789887428284,0.7677942514419556,0.7882935404777527,0.8012389540672302,0.6535160541534424,0.7696375250816345,0.7998197078704834,0.7700724005699158,0.7937396168708801,0.6665928959846497,0.7862035632133484,0.8060413002967834,0.7699934840202332,0.7933518886566162,0.7876983880996704,0.6431151032447815,0.7682695984840393,0.7803422808647156,0.8232476711273193,0.7965812087059021,0.8076671957969666,0.7970107793807983,0.7814890742301941,0.7877806425094604,0.771787703037262,0.8267562389373779,0.7838672399520874,0.7759523987770081,0.793113648891449,0.6595355272293091,0.6241069436073303,0.7994214296340942
0.6843264698982239,0.8153561353683472,1.0,0.7052103877067566,0.8406754732131958,0.8264402747154236,0.7948448061943054,0.8248724937438965,0.6879923939704895,0.8334488272666931,0.8060051202774048,0.7948215007781982,0.6805058717727661,0.7755239605903625,0.8129706382751465,0.6875020861625671,0.8141077756881714,0.7021080255508423,0.8262954950332642,0.8134447336196899,0.7978518009185791,0.7875730991363525,0.813162088394165,0.8342493176460266,0.8241727948188782,0.8074690103530884,0.6787594556808472,0.8122023344039917,0.7947343587875366,0.8340108394622803,0.8197270035743713,0.8130701184272766,0.6815192103385925,0.8013921976089478,0.7748757600784302,0.8098019361495972,0.8228231072425842,0.7753075957298279,0.8022392392158508,0.8439134359359741,0.8063900470733643,0.8052335977554321,0.8074795603752136,0.7978576421737671,0.7939401268959045,0.8261784911155701,0.8205987811088562,0.8170279264450073,0.682103157043457,0.7210960984230042,0.81931072473526,0.8044006824493408,0.8245251178741455,0.8100941181182861,0.8039681315422058,0.6776601672172546,0.816199779510498,0.6797520518302917,0.7935572266578674,0.7896114587783813,0.6880252361297607,0.8332416415214539,0.682996928691864,0.7041448950767517,0.7914045453071594,0.8072550892829895,0.7926715612411499,0.8303313851356506,0.8126192092895508,0.7909784317016602,0.8030089139938354,0.8216838240623474,0.6719036102294922,0.7904690504074097,0.8151552677154541,0.7942335605621338,0.813916027545929,0.6790839433670044,0.8107475638389587,0.8186925053596497,0.7875444889068604,0.8113469481468201,0.8082584142684937,0.6625516414642334,0.7903462052345276,0.8034114837646484,0.8358912467956543,0.8159967660903931,0.8251575827598572,0.8161752223968506,0.7962192296981812,0.8090613484382629,0.7862730622291565,0.8410133123397827,0.8013779520988464,0.8001858592033386,0.8116683959960938,0.6775388121604919,0.6475754380226135,0.8143190145492554
0.8791118264198303,0.6829630136489868,0.7052103877067566,1.0,0.7077689170837402,0.696239709854126,0.6840394735336304,0.7057462930679321,0.883653998374939,0.7004638314247131,0.6766405701637268,0.6840357184410095,0.8708168268203735,0.6591250896453857,0.6883043646812439,0.8822113275527954,0.6881335377693176,0.856537938117981,0.7070079445838928,0.692833423614502,0.692956805229187,0.684605062007904,0.6918033957481384,0.7100489139556885,0.7046955823898315,0.69535893201828,0.8796811103820801,0.6829884052276611,0.6871253252029419,0.6996706128120422,0.6964851021766663,0.6903824210166931,0.8725714087486267,0.6950995922088623,0.6687178015708923,0.6882200241088867,0.6879013180732727,0.6687442660331726,0.682767391204834,0.7254775762557983,0.6895825266838074,0.6890289783477783,0.6853973865509033,0.6826590895652771,0.6806968450546265,0.707848072052002,0.6949451565742493,0.7070533633232117,0.867563784122467,0.8842596411705017,0.6922694444656372,0.682632565498352,0.6933742165565491,0.6941569447517395,0.6949342489242554,0.8795974850654602,0.6916788816452026,0.8762027621269226,0.6830576062202454,0.6874026656150818,0.8895621299743652,0.7063915729522705,0.8746088147163391,0.8844788074493408,0.6758581399917603,0.681804358959198,0.6859859228134155,0.7016367316246033,0.6865694522857666,0.6774033308029175,0.6826269626617432,0.6922914385795593,0.8726970553398132,0.6814537048339844,0.6968545317649841,0.6833733320236206,0.692983865737915,0.8801172375679016,0.6908979415893555,0.6992080211639404,0.6741854548454285,0.6938089728355408,0.6870428919792175,0.8636465668678284,0.6784346103668213,0.6914246082305908,0.7084074020385742,0.6958789229393005,0.7001010775566101,0.7010214924812317,0.6886019110679626,0.6846481561660767,0.6815974712371826,0.7052826285362244,0.699113130569458,0.6804854869842529,0.691827118396759,0.8560213446617126,0.8613244295120239,0.7012181878089905
0.6847618222236633,0.8208239078521729,0.8406754732131958,0.7077689170837402,1.0,0.8382834196090698,0.7985776662826538,0.8328830003738403,0.6942252516746521,0.8420741558074951,0.8161885738372803,0.8041374087333679,0.6810837388038635,0.7827304601669312,0.820418119430542,0.6889836192131042,0.82524174451828,0.706737220287323,0.8410341143608093,0.8212448954582214,0.810763955116272,0.7974364757537842,0.822468101978302,0.8507197499275208,0.8388537168502808,0.815437376499176,0.6817905306816101,0.8194848299026489,0.808614194393158,0.8433842658996582,0.8235500454902649,0.8228093385696411,0.6865825057029724,0.8060711026191711,0.7901820540428162,0.8190799951553345,0.8278266787528992,0.7937098741531372,0.8151158690452576,0.861670732498169,0.8210888504981995,0.8205438852310181,0.8176025748252869,0.807208776473999,0.8056648969650269,0.8385148048400879,0.8254151344299316,0.8318313360214233,0.6874535083770752,0.7262070178985596,0.8305141925811768,0.8164910078048706,0.8343655467033386,0.8218592405319214,0.8193073272705078,0.679715096950531,0.8317753076553345,0.6788028478622437,0.8100196719169617,0.7954207062721252,0.6872795224189758,0.8382938504219055,0.6815239191055298,0.7092450261116028,0.7999624609947205,0.8156941533088684,0.8039912581443787,0.8390694260597229,0.821743369102478,0.7987188100814819,0.8118990063667297,0.8319071531295776,0.6733593940734863,0.7945712804794312,0.8239094614982605,0.8065162301063538,0.8177736401557922,0.6831873655319214,0.8194316029548645,0.8281806111335754,0.797858476638794,0.8256745934486389,0.8188954591751099,0.6623188257217407,0.7972007989883423,0.8109709024429321,0.8531993627548218,0.8272625803947449,0.8367239236831665,0.8220174312591553,0.809958815574646,0.818660318851471,0.7995225191116333,0.8483908772468567,0.8065812587738037,0.8054407835006714,0.8230540156364441,0.6849340200424194,0.648002564907074,0.8226923942565918
0.6767931580543518,0.8060906529426575,0.8264402747154236,0.696239709854126,0.8382834196090698,1.0,0.7901626825332642,0.8170127272605896,0.6809091567993164,0.8269181251525879,0.8002187609672546,0.7885412573814392,0.6739448308944702,0.773219883441925,0.8043107986450195,0.6778503656387329,0.8135218024253845,0.6963282227516174,0.8231580853462219,0.8061673641204834,0.7920633554458618,0.7777025103569031,0.8052566647529602,0.83712238073349,0.8219701647758484,0.7986740469932556,0.670910656452179,0.8075352907180786,0.7871959209442139,0.8242971301078796,0.8131292462348938,0.8047621250152588,0.6739663481712341,0.7967126369476318,0.7723545432090759,0.8065716028213501,0.812989354133606,0.780364990234375,0.7953698039054871,0.8426048755645752,0.8020792603492737,0.8041907548904419,0.8043462634086609,0.7897026538848877,0.7833659648895264,0.8210528492927551,0.8115056753158569,0.8123016953468323,0.6738383769989014,0.7122293710708618,0.8084691762924194,0.7977160811424255,0.8171370029449463,0.7989057302474976,0.8069005012512207,0.6699257493019104,0.8112463355064392,0.6722102761268616,0.7905462980270386,0.7794619798660278,0.6784657835960388,0.8248609900474548,0.6712968349456787,0.6987319588661194,0.7796160578727722,0.7992393970489502,0.787472128868103,0.8207857012748718,0.8032698631286621,0.7876356244087219,0.7989170551300049,0.8126075267791748,0.6641839146614075,0.7850219011306763,0.8129796385765076,0.7948508858680725,0.8069822788238525,0.6757792234420776,0.7996981739997864,0.8107695579528809,0.7849564552307129,0.8071314692497253,0.8043727278709412,0.6493561267852783,0.7764432430267334,0.7957663536071777,0.8321770429611206,0.8200375437736511,0.8235596418380737,0.8125426173210144,0.7930846214294434,0.806020200252533,0.7837866544723511,0.8346872329711914,0.7924384474754333,0.7833298444747925,0.8080546855926514,0.6714905500411987,0.6344043612480164,0.8098307251930237
0.6649027466773987,0.7719069719314575,0.7948448061943054,0.6840394735336304,0.7985776662826538,0.7901626825332642,1.0,0.7923301458358765,0.6687644124031067,0.7862807512283325,0.7603855133056641,0.766313374042511,0.6633984446525574,0.7445777058601379,0.774931013584137,0.6668950915336609,0.7709890604019165,0.6772427558898926,0.7900230288505554,0.7679001688957214,0.7642663717269897,0.7536656856536865,0.7757598161697388,0.8017740845680237,0.7875795364379883,0.7785041332244873,0.6616060733795166,0.7752377390861511,0.7592526078224182,0.7963037490844727,0.7749752998352051,0.776634931564331,0.6613797545433044,0.762695848941803,0.7351128458976746,0.7746111154556274,0.7789669036865234,0.7523970007896423,0.7692633271217346,0.8127468824386597,0.7698953747749329,0.7773195505142212,0.7663137316703796,0.768494725227356,0.7545310854911804,0.7888021469116211,0.7900937795639038,0.7799480557441711,0.6607322692871094,0.6980539560317993,0.7811526656150818,0.768093466758728,0.7851637601852417,0.7726364731788635,0.7764867544174194,0.6603297591209412,0.7834091782569885,0.6555278301239014,0.764371931552887,0.7526684403419495,0.6640387773513794,0.7921355366706848,0.6589525938034058,0.6874105930328369,0.7519928812980652,0.7672786116600037,0.7591288685798645,0.7935765385627747,0.7749091982841492,0.7518579363822937,0.7664142847061157,0.7821585536003113,0.655411958694458,0.7593236565589905,0.7749729752540588,0.7542588710784912,0.7775444388389587,0.6633607745170593,0.7715936303138733,0.7798873782157898,0.7507458329200745,0.7757934331893921,0.7678882479667664,0.6432700157165527,0.7521746754646301,0.7671896815299988,0.8050428628921509,0.7829047441482544,0.7951892018318176,0.7797865271568298,0.7620213627815247,0.7683551907539368,0.7526699304580688,0.801943838596344,0.7613388895988464,0.7523769736289978,0.7739696502685547,0.6576235890388489,0.6253114342689514,0.7765976190567017
0.686462938785553,0.8010987639427185,0.8248724937438965,0.7057462930679321,0.8328830003738403,0.8170127272605896,0.7923301458358765,1.0,0.6905239224433899,0.8213321566581726,0.7965104579925537,0.7922035455703735,0.6776698231697083,0.7715755105018616,0.8043113350868225,0.6840836405754089,0.7996344566345215,0.7017878293991089,0.8153972029685974,0.8041353225708008,0.7953939437866211,0.780576229095459,0.806130051612854,0.8369386196136475,0.8218902945518494,0.7943530082702637,0.6800386309623718,0.8013830184936523,0.7922515273094177,0.8245833516120911,0.8045615553855896,0.8020550012588501,0.6843050122261047,0.7901647686958313,0.7697577476501465,0.7987842559814453,0.807381272315979,0.7748216390609741,0.7986315488815308,0.8390800952911377,0.8027157187461853,0.8039059638977051,0.7962523102760315,0.7874521613121033,0.7912396788597107,0.8222888708114624,0.8151876926422119,0.8105422258377075,0.6830546855926514,0.7206355929374695,0.8102664351463318,0.7965147495269775,0.8159217834472656,0.8010554313659668,0.8039714694023132,0.6772446632385254,0.8123809695243835,0.6754444241523743,0.7869919538497925,0.7813303470611572,0.6859976649284363,0.8231125473976135,0.6804827451705933,0.7044398188591003,0.7872162461280823,0.7957877516746521,0.7889170050621033,0.8204692602157593,0.7988283634185791,0.7801108360290527,0.7956845760345459,0.812584400177002,0.6706637144088745,0.784540593624115,0.8107725381851196,0.7886707782745361,0.8023541569709778,0.679772138595581,0.8033778071403503,0.8078193664550781,0.7799779772758484,0.8065429925918579,0.7996758818626404,0.6649551391601562,0.7804148197174072,0.799514651298523,0.832190990447998,0.8111584186553955,0.8212335109710693,0.8043567538261414,0.7940354943275452,0.8019909262657166,0.7875693440437317,0.8362658619880676,0.7929105758666992,0.7910516858100891,0.8068270087242126,0.678232729434967,0.6443922519683838,0.8065402507781982
0.8752534985542297,0.6685250401496887,0.6879923939704895,0.883653998374939,0.6942252516746521,0.6809091567993164,0.6687644124031067,0.6905239224433899,1.0,0.6811797618865967,0.662209153175354,0.6674739122390747,0.872137725353241,0.6448797583580017,0.6759822368621826,0.8902478814125061,0.6735996603965759,0.8660853505134583,0.6928033232688904,0.6773737072944641,0.6790992617607117,0.6733453273773193,0.6774870157241821,0.693664014339447,0.6884440779685974,0.6791790723800659,0.8771819472312927,0.6677728891372681,0.6720152497291565,0.6857993602752686,0.6791460514068604,0.6681534051895142,0.8717294931411743,0.6753746271133423,0.6584586501121521,0.6737651228904724,0.6686726212501526,0.6534764766693115,0.6688017845153809,0.7033816576004028,0.6721566915512085,0.6769081950187683,0.6678598523139954,0.6675787568092346,0.6683624982833862,0.6917560696601868,0.680169403553009,0.689111053943634,0.8751659989356995,0.8798602819442749,0.678756594657898,0.668356716632843,0.6748292446136475,0.6803211569786072,0.6787288784980774,0.8732632994651794,0.6772915720939636,0.8835254311561584,0.6726386547088623,0.6717557311058044,0.8938032984733582,0.6886848211288452,0.8858145475387573,0.8859005570411682,0.659214973449707,0.6673852801322937,0.6606676578521729,0.6851538419723511,0.6701876521110535,0.6593466997146606,0.6696836352348328,0.6774402260780334,0.8721790313720703,0.6699190139770508,0.6833931803703308,0.6721935272216797,0.6742778420448303,0.8808990716934204,0.6726893782615662,0.682375967502594,0.6564655303955078,0.671396017074585,0.6680091023445129,0.872016966342926,0.6681817770004272,0.6736183166503906,0.6902703642845154,0.681266725063324,0.6836650967597961,0.6842564940452576,0.6705780625343323,0.6697373986244202,0.6682997345924377,0.6875343322753906,0.6805419325828552,0.6664772629737854,0.6726722121238708,0.8579301834106445,0.8761271834373474,0.6786442399024963
0.6748582720756531,0.809603214263916,0.8334488272666931,0.7004638314247131,0.8420741558074951,0.8269181251525879,0.7862807512283325,0.8213321566581726,0.6811797618865967,1.0,0.806079089641571,0.7939853072166443,0.674568235874176,0.7751581072807312,0.8047746419906616,0.6785371899604797,0.8153630495071411,0.6966312527656555,0.8279605507850647,0.8105600476264954,0.7981986403465271,0.7880340814590454,0.8132662177085876,0.8374328017234802,0.8261724710464478,0.8059859275817871,0.6788617968559265,0.8117411732673645,0.7958273887634277,0.8360776901245117,0.8158605694770813,0.8039441108703613,0.6780425906181335,0.8017987608909607,0.7817580699920654,0.8117336630821228,0.8237424492835999,0.7846708297729492,0.8002866506576538,0.8459636569023132,0.8097380995750427,0.8108436465263367,0.8079999089241028,0.8011162877082825,0.7975828647613525,0.8246759176254272,0.8161959648132324,0.8176766633987427,0.6766982078552246,0.7172794938087463,0.8164457678794861,0.8039155602455139,0.8238407969474792,0.8062741756439209,0.8168415427207947,0.6685033440589905,0.8208225965499878,0.6724123954772949,0.7966935634613037,0.7875107526779175,0.6784745454788208,0.831188440322876,0.6758810877799988,0.7031237483024597,0.7868885397911072,0.808192789554596,0.792113721370697,0.8305246829986572,0.814956545829773,0.7855035066604614,0.8050888180732727,0.8235456347465515,0.6674602031707764,0.790859043598175,0.8126025199890137,0.7978172302246094,0.8138135671615601,0.6753320693969727,0.8112717270851135,0.8193445205688477,0.7891920804977417,0.8118365406990051,0.8084676861763,0.6528438925743103,0.7854488492012024,0.8085392117500305,0.8397534489631653,0.8262394666671753,0.8285331130027771,0.813080906867981,0.7993847131729126,0.8089497089385986,0.7877805233001709,0.8396692872047424,0.799012303352356,0.7972526550292969,0.8098115921020508,0.6704871654510498,0.6402356624603271,0.8146141171455383
0.6585814952850342,0.7799477577209473,0.8060051202774048,0.6766405701637268,0.8161885738372803,0.8002187609672546,0.7603855133056641,0.7965104579925537,0.662209153175354,0.806079089641571,1.0,0.7727903127670288,0.6537766456604004,0.7489253878593445,0.7748404145240784,0.6553547978401184,0.7827970385551453,0.6769327521324158,0.8023084402084351,0.779102087020874,0.7710052728652954,0.7603257298469543,0.7833722233772278,0.8094067573547363,0.7963722944259644,0.7800583243370056,0.6519061326980591,0.7778604626655579,0.7766440510749817,0.8017397522926331,0.7819442749023438,0.7783240079879761,0.6528674960136414,0.7674977779388428,0.7625120282173157,0.7845622897148132,0.7924296259880066,0.7539045810699463,0.7720792293548584,0.8162218332290649,0.7818996906280518,0.7788020968437195,0.7765294313430786,0.7684549689292908,0.757617712020874,0.7974133491516113,0.7971700429916382,0.7892822623252869,0.6563299298286438,0.6914540529251099,0.7890915274620056,0.7773653864860535,0.794623851776123,0.7839166522026062,0.7834355235099792,0.6473928093910217,0.7915651798248291,0.6523088812828064,0.7675820589065552,0.7548910975456238,0.6588844656944275,0.7984083294868469,0.6472673416137695,0.678509533405304,0.757388710975647,0.7763533592224121,0.7693842053413391,0.8027011752128601,0.7849699258804321,0.7596673965454102,0.7716925144195557,0.7941124439239502,0.6487822532653809,0.7588974237442017,0.7920226454734802,0.765662670135498,0.7833201289176941,0.6543715596199036,0.7837182879447937,0.7884851098060608,0.7584918141365051,0.7855638861656189,0.7814403772354126,0.6367452144622803,0.7548692226409912,0.7743325233459473,0.8098542094230652,0.7895160913467407,0.802288293838501,0.7907610535621643,0.76690274477005,0.7770306468009949,0.7624136805534363,0.8124226331710815,0.7760941386222839,0.7649715542793274,0.7817014455795288,0.6506789326667786,0.6159647703170776,0.7852771878242493
0.6601997017860413,0.7779178023338318,0.7948215007781982,0.6840357184410095,0.8041374087333679,0.7885412573814392,0.766313374042511,0.7922035455703735,0.6674739122390747,0.7939853072166443,0.7727903127670288,1.0,0.6676623821258545,0.7492615580558777,0.7769613862037659,0.6602871417999268,0.7760952711105347,0.6801955699920654,0.793643593788147,0.7803695797920227,0.7671689987182617,0.7558705806732178,0.7806593179702759,0.8016214966773987,0.7933046817779541,0.7781178951263428,0.6604227423667908,0.776355504989624,0.7634217739105225,0.7966393232345581,0.7778129577636719,0.7823298573493958,0.6576220989227295,0.7665650248527527,0.7463183999061584,0.7717026472091675,0.786252498626709,0.7540636658668518,0.7665507793426514,0.8100270628929138,0.7803007960319519,0.7742263078689575,0.7697169780731201,0.77183598279953,0.7600463032722473,0.7923228144645691,0.7909193634986877,0.7852769494056702,0.6580225229263306,0.698168158531189,0.7813048362731934,0.7577671408653259,0.7898039817810059,0.7789573669433594,0.7770414352416992,0.6573755145072937,0.7875219583511353,0.6564960479736328,0.773185133934021,0.7578197717666626,0.6626071929931641,0.7975035905838013,0.6620556712150574,0.6822723150253296,0.7533578276634216,0.765389084815979,0.7639833688735962,0.7933658361434937,0.7868776321411133,0.756763219833374,0.7713394165039062,0.7861404418945312,0.6518576741218567,0.7581213712692261,0.7824298739433289,0.7568122148513794,0.7816157937049866,0.659029483795166,0.7786347270011902,0.7856906652450562,0.7470960021018982,0.7791711688041687,0.7777794003486633,0.643861711025238,0.7602640986442566,0.7765781879425049,0.8059316277503967,0.7834280729293823,0.7980539202690125,0.7793362140655518,0.7676653265953064,0.7719713449478149,0.7565134167671204,0.803149938583374,0.767686128616333,0.7574316263198853,0.7774912714958191,0.6624820828437805,0.6256290078163147,0.7780276536941528
0.872853696346283,0.657237708568573,0.6805058717727661,0.8708168268203735,0.6810837388038635,0.6739448308944702,0.6633984446525574,0.6776698231697083,0.872137725353241,0.674568235874176,0.6537766456604004,0.6676623821258545,1.0,0.6388700008392334,0.6656866669654846,0.8717912435531616,0.6654976010322571,0.8502211570739746,0.684291660785675,0.669193685054779,0.6706400513648987,0.6574957966804504,0.6686588525772095,0.6853169798851013,0.6822342276573181,0.6689237952232361,0.8695289492607117,0.6648650765419006,0.6605966687202454,0.6736030578613281,0.6696337461471558,0.6652928590774536,0.8658140301704407,0.6692401766777039,0.6496362686157227,0.6628726720809937,0.6652368903160095,0.648335337638855,0.6612458229064941,0.6986441016197205,0.6633601188659668,0.6666479706764221,0.6611948609352112,0.6605998277664185,0.6582238078117371,0.6845466494560242,0.6714581251144409,0.6823457479476929,0.8652412295341492,0.880461573600769,0.6728726625442505,0.6600967645645142,0.6669247150421143,0.6796532869338989,0.6716411113739014,0.8788161873817444,0.6711627244949341,0.8644368052482605,0.6663070321083069,0.6595540642738342,0.8805935978889465,0.6784960627555847,0.8805979490280151,0.878758430480957,0.6537792682647705,0.6603177189826965,0.6545113921165466,0.6752138733863831,0.6656172871589661,0.6520127058029175,0.6643708944320679,0.667879045009613,0.8659119606018066,0.6638292074203491,0.6744027137756348,0.6655076742172241,0.665278971195221,0.8746986389160156,0.6670151948928833,0.6720026731491089,0.6497260332107544,0.6739491820335388,0.6629976630210876,0.8609333038330078,0.6554690003395081,0.6648030877113342,0.6870330572128296,0.6705218553543091,0.6749909520149231,0.6739819049835205,0.6657018065452576,0.6556189656257629,0.6584486365318298,0.679812490940094,0.6780773997306824,0.6652530431747437,0.6678064465522766,0.8448830246925354,0.8680920600891113,0.6737371683120728
0.6443725824356079,0.7566308975219727,0.7755239605903625,0.6591250896453857,0.7827304601669312,0.773219883441925,0.7445777058601379,0.7715755105018616,0.6448797583580017,0.7751581072807312,0.7489253878593445,0.7492615580558777,0.6388700008392334,1.0,0.7678033709526062,0.6409286260604858,0.7603139877319336,0.6580384969711304,0.7703642845153809,0.7587658762931824,0.7447443604469299,0.7335731983184814,0.7564316987991333,0.7806566953659058,0.7810206413269043,0.7504661083221436,0.6392198204994202,0.7664278745651245,0.7429115176200867,0.7738660573959351,0.7561928629875183,0.7542434334754944,0.6382184624671936,0.7474193572998047,0.7272611856460571,0.7561153769493103,0.7635151147842407,0.74019455909729,0.7488976716995239,0.7911320328712463,0.7547928690910339,0.7529268860816956,0.7514277100563049,0.7460075616836548,0.7362407445907593,0.7701806426048279,0.765449047088623,0.7642589807510376,0.641505777835846,0.6759322285652161,0.7613856196403503,0.748656690120697,0.7692294120788574,0.7555161714553833,0.757948637008667,0.6346241235733032,0.7636136412620544,0.6326996088027954,0.7409214973449707,0.7365135550498962,0.6430198550224304,0.7729660868644714,0.6358932256698608,0.6603801846504211,0.7359811067581177,0.7489092946052551,0.7398871779441833,0.7783947587013245,0.7558781504631042,0.7365823984146118,0.7514163255691528,0.7681165337562561,0.6278348565101624,0.7418622970581055,0.760627031326294,0.7426791191101074,0.7561502456665039,0.6450468301773071,0.755456268787384,0.7608512043952942,0.7319381833076477,0.7567660808563232,0.7586352229118347,0.6223621368408203,0.7388617992401123,0.7541147470474243,0.7867100834846497,0.7664591073989868,0.7778792977333069,0.7617815732955933,0.7451802492141724,0.753776490688324,0.7393361330032349,0.7840664386749268,0.7481826543807983,0.7448779344558716,0.7606326937675476,0.6376579999923706,0.6064733266830444,0.759285032749176
0.6688166856765747,0.7867435812950134,0.8129706382751465,0.6883043646812439,0.820418119430542,0.8043107986450195,0.774931013584137,0.8043113350868225,0.6759822368621826,0.8047746419906616,0.7748404145240784,0.7769613862037659,0.6656866669654846,0.7678033709526062,1.0,0.6736316680908203,0.7949441075325012,0.6914336085319519,0.8065736293792725,0.7851516604423523,0.7756848931312561,0.7666285634040833,0.7880362868309021,0.8177187442779541,0.8065422773361206,0.7865877747535706,0.6678192019462585,0.7941866517066956,0.7719917297363281,0.81266188621521,0.7926924228668213,0.7912982106208801,0.6681119799613953,0.7808648943901062,0.759673535823822,0.7875881791114807,0.7981730103492737,0.7663586735725403,0.783051073551178,0.8239428997039795,0.7877071499824524,0.7843442559242249,0.7814371585845947,0.7785732746124268,0.772976815700531,0.8048270344734192,0.7968193888664246,0.7970006465911865,0.6669356822967529,0.7040931582450867,0.7969067692756653,0.7825770378112793,0.8013887405395508,0.7865272164344788,0.7854626774787903,0.6614626049995422,0.8034708499908447,0.6671446561813354,0.7789950966835022,0.767541229724884,0.6681844592094421,0.8105733394622803,0.6664806008338928,0.6885214447975159,0.7669774293899536,0.7805055975914001,0.7731780409812927,0.8037006855010986,0.7865172624588013,0.7667503356933594,0.7843841314315796,0.7999893426895142,0.6584707498550415,0.7703384757041931,0.7966970205307007,0.7753787040710449,0.7865673303604126,0.6696986556053162,0.785610556602478,0.796921968460083,0.7634228467941284,0.7931626439094543,0.7928867340087891,0.6486101746559143,0.7727194428443909,0.7893810868263245,0.8171799778938293,0.7960883378982544,0.8065921664237976,0.7929458022117615,0.7769132256507874,0.7846725583076477,0.7710335850715637,0.8161651492118835,0.7795778512954712,0.7739257216453552,0.7932259440422058,0.669704794883728,0.6298691034317017,0.7873003482818604
0.8844334483146667,0.6655265092849731,0.6875020861625671,0.8822113275527954,0.6889836192131042,0.6778503656387329,0.6668950915336609,0.6840836405754089,0.8902478814125061,0.6785371899604797,0.6553547978401184,0.6602871417999268,0.8717912435531616,0.6409286260604858,0.6736316680908203,1.0,0.6703644394874573,0.8679720163345337,0.6910082101821899,0.6738842725753784,0.6784397959709167,0.6654897928237915,0.6701911687850952,0.6890341639518738,0.688352108001709,0.6768442988395691,0.8797522783279419,0.6695315837860107,0.6711085438728333,0.6850322484970093,0.6756235361099243,0.6683593988418579,0.8644851446151733,0.6767520904541016,0.6557266712188721,0.6722208857536316,0.6666374802589417,0.6502138376235962,0.6648699641227722,0.7031208276748657,0.6699795126914978,0.6721251010894775,0.6651707291603088,0.6683626770973206,0.666695773601532,0.693744421005249,0.6733616590499878,0.6900275349617004,0.8696532249450684,0.8820396661758423,0.6740682125091553,0.666614830493927,0.6775394678115845,0.6751000285148621,0.6727564334869385,0.8852939009666443,0.6795868873596191,0.8837303519248962,0.670182466506958,0.6680402159690857,0.8867788314819336,0.6893022060394287,0.8924338221549988,0.8870388269424438,0.6624174118041992,0.6666381359100342,0.6619135141372681,0.680917501449585,0.6739410161972046,0.657516598701477,0.6670004725456238,0.6741357445716858,0.8765459060668945,0.6644235849380493,0.6798097491264343,0.6665430068969727,0.670613706111908,0.8835240006446838,0.6710888147354126,0.680147111415863,0.6529042720794678,0.673479437828064,0.668174147605896,0.8805704116821289,0.6663098931312561,0.6722286939620972,0.6896559596061707,0.6763232350349426,0.683614194393158,0.6813604235649109,0.6711187958717346,0.6661873459815979,0.6635149717330933,0.6865552067756653,0.676848292350769,0.6650400161743164,0.6718955636024475,0.8584917783737183,0.8790626525878906,0.6804936528205872
0.6641042828559875,0.7925004959106445,0.8141077756881714,0.6881335377693176,0.82524174451828,0.8135218024253845,0.7709890604019165,0.7996344566345215,0.6735996603965759,0.8153630495071411,0.7827970385551453,0.7760952711105347,0.6654976010322571,0.7603139877319336,0.7949441075325012,0.6703644394874573,1.0,0.6921218633651733,0.8123762607574463,0.7927249670028687,0.7850197553634644,0.769806981086731,0.7954738736152649,0.8220736384391785,0.8089625835418701,0.7888354659080505,0.6663000583648682,0.8025316596031189,0.776035487651825,0.8173720836639404,0.8020700216293335,0.7913116812705994,0.6686174869537354,0.785405158996582,0.761285126209259,0.7888613939285278,0.8088517189025879,0.7657768726348877,0.7781249284744263,0.8302772641181946,0.7959457635879517,0.7912201881408691,0.7854363322257996,0.7807465195655823,0.7775908708572388,0.808459460735321,0.7986664772033691,0.8074060678482056,0.6657403111457825,0.7025085687637329,0.7970297336578369,0.7846793532371521,0.8067124485969543,0.7940347790718079,0.7957900166511536,0.6629262566566467,0.796284019947052,0.6613990068435669,0.7827228307723999,0.7700310945510864,0.6678615212440491,0.8142244219779968,0.6624963283538818,0.6906670928001404,0.7721788883209229,0.7843120098114014,0.7729496955871582,0.8129291534423828,0.795458197593689,0.7777460217475891,0.7859037518501282,0.8037428855895996,0.6582063436508179,0.773999035358429,0.8053614497184753,0.7787495255470276,0.7945829629898071,0.6646371483802795,0.7938747406005859,0.8022051453590393,0.7729265093803406,0.7949701547622681,0.800175130367279,0.650287389755249,0.7712084650993347,0.7885357141494751,0.8234788775444031,0.7980449795722961,0.8078801035881042,0.7958508729934692,0.7854012250900269,0.7983804941177368,0.7750808596611023,0.8190127015113831,0.7834597826004028,0.7750970721244812,0.7923233509063721,0.6633893251419067,0.6303303837776184,0.7935771942138672
0.8658574819564819,0.6834902167320251,0.7021080255508423,0.856537938117981,0.706737220287323,0.6963282227516174,0.6772427558898926,0.7017878293991089,0.8660853505134583,0.6966312527656555,0.6769327521324158,0.6801955699920654,0.8502211570739746,0.6580384969711304,0.6914336085319519,0.8679720163345337,0.6921218633651733,1.0,0.7047494649887085,0.6884374618530273,0.69533771276474,0.6844983100891113,0.6883480548858643,0.7080097794532776,0.706561267375946,0.6962435841560364,0.852429986000061,0.6885836720466614,0.6869708895683289,0.7032681107521057,0.6957885026931763,0.6874887943267822,0.8546013832092285,0.695340633392334,0.6711694598197937,0.6883379817008972,0.6813768744468689,0.6708236336708069,0.6877536177635193,0.7211126089096069,0.6886116862297058,0.6892956495285034,0.683479368686676,0.6814261078834534,0.6902472376823425,0.7119762301445007,0.6967827677726746,0.7002114653587341,0.8567955493927002,0.8677394390106201,0.6973638534545898,0.684468686580658,0.6945617198944092,0.6965758204460144,0.6897091269493103,0.859561026096344,0.6956350803375244,0.8699162006378174,0.6842951774597168,0.6784588694572449,0.8632579445838928,0.7026708722114563,0.8544764518737793,0.8750476241111755,0.6751570701599121,0.6874240636825562,0.679118812084198,0.701474130153656,0.6851438879966736,0.6712489724159241,0.6835610270500183,0.6925572156906128,0.8678012490272522,0.6840933561325073,0.7025790214538574,0.6859272718429565,0.6926990747451782,0.8674635291099548,0.6897643208503723,0.698128879070282,0.6756089925765991,0.6907793879508972,0.6863093376159668,0.8566808104515076,0.6812177300453186,0.6867324113845825,0.7080156207084656,0.6945292353630066,0.6979408860206604,0.7015450596809387,0.6906761527061462,0.6814637780189514,0.6807814240455627,0.70742267370224,0.6917707324028015,0.6809855103492737,0.6872060894966125,0.8433609008789062,0.8529236316680908,0.6969571113586426
0.6860694885253906,0.8078975677490234,0.8262954950332642,0.7070079445838928,0.8410341143608093,0.8231580853462219,0.7900230288505554,0.8153972029685974,0.6928033232688904,0.8279605507850647,0.8023084402084351,0.793643593788147,0.684291660785675,0.7703642845153809,0.8065736293792725,0.6910082101821899,0.8123762607574463,0.7047494649887085,1.0,0.8128477931022644,0.7958986759185791,0.7906056046485901,0.8100786805152893,0.8344396352767944,0.8279577493667603,0.8028830885887146,0.6858527660369873,0.8102578520774841,0.793811559677124,0.8304287195205688,0.8081191778182983,0.8097368478775024,0.684708833694458,0.7963716387748718,0.7809337973594666,0.8086664080619812,0.8176610469818115,0.7759568095207214,0.8011550903320312,0.8455309271812439,0.8060296773910522,0.807948887348175,0.8022031188011169,0.7958576083183289,0.789859414100647,0.8285536170005798,0.81131911277771,0.8183579444885254,0.6862956881523132,0.7243362665176392,0.8158267140388489,0.8011705279350281,0.8186814785003662,0.8139823079109192,0.8081015944480896,0.682134211063385,0.8161168098449707,0.6799547076225281,0.7978606820106506,0.7854050993919373,0.686633825302124,0.8272793292999268,0.6829149127006531,0.7062225341796875,0.7887560725212097,0.8033783435821533,0.7929642200469971,0.8257259726524353,0.8098347187042236,0.7895013689994812,0.801967442035675,0.8215404152870178,0.6751217246055603,0.7848691940307617,0.8158080577850342,0.7949132323265076,0.8075476288795471,0.6863046884536743,0.8085795640945435,0.8121764063835144,0.7873471975326538,0.815393328666687,0.8120055794715881,0.6687029004096985,0.779323160648346,0.79901522397995,0.8393787741661072,0.8156203627586365,0.8283788561820984,0.8125304579734802,0.8000874519348145,0.8044309616088867,0.7937985062599182,0.8372559547424316,0.8000885248184204,0.7920049428939819,0.8150992393493652,0.6814049482345581,0.6532351970672607,0.8114321827888489
0.6711060404777527,0.7883998155593872,0.8134447336196899,0.692833423614502,0.8212448954582214,0.8061673641204834,0.7679001688957214,0.8041353225708008,0.6773737072944641,0.8105600476264954,0.779102087020874,0.7803695797920227,0.669193685054779,0.7587658762931824,0.7851516604423523,0.6738842725753784,0.7927249670028687,0.6884374618530273,0.8128477931022644,1.0,0.7819337844848633,0.76956707239151,0.7900347113609314,0.8175477981567383,0.8053053021430969,0.7870681881904602,0.6717458963394165,0.7876107692718506,0.7750067710876465,0.8101927638053894,0.7907284498214722,0.7907721996307373,0.6721782684326172,0.7794846892356873,0.7684674263000488,0.7915852665901184,0.7988331317901611,0.7649651765823364,0.7767619490623474,0.8290460705757141,0.7878732085227966,0.7834832072257996,0.7799481153488159,0.778044581413269,0.7796191573143005,0.80756676197052,0.8000003099441528,0.795193612575531,0.6720905900001526,0.7063984870910645,0.796341061592102,0.7833567261695862,0.8008686900138855,0.7881537675857544,0.7906045317649841,0.6655375361442566,0.8004775643348694,0.6665354371070862,0.7793915271759033,0.7636504173278809,0.6751105189323425,0.8116729259490967,0.6716172695159912,0.690586507320404,0.7690357565879822,0.7835155725479126,0.7770691514015198,0.8057154417037964,0.7901586890220642,0.7715276479721069,0.7826410531997681,0.8018584251403809,0.6611887812614441,0.7713420391082764,0.797826886177063,0.7727620601654053,0.7891337871551514,0.6746739149093628,0.7819632291793823,0.7939783334732056,0.7660537958145142,0.7915831208229065,0.7912100553512573,0.6510437726974487,0.7682342529296875,0.7849048376083374,0.8203825354576111,0.7940725684165955,0.8069519996643066,0.7925132513046265,0.7840657234191895,0.7891342639923096,0.7674611806869507,0.8184230327606201,0.7852656841278076,0.7766094207763672,0.7963662147521973,0.6688714027404785,0.6358311176300049,0.7942065000534058
0.6758263111114502,0.7790965437889099,0.7978518009185791,0.692956805229187,0.810763955116272,0.7920633554458618,0.7642663717269897,0.7953939437866211,0.6790992617607117,0.7981986403465271,0.7710052728652954,0.7671689987182617,0.6706400513648987,0.7447443604469299,0.7756848931312561,0.6784397959709167,0.7850197553634644,0.69533771276474,0.7958986759185791,0.7819337844848633,1.0,0.7712544202804565,0.7711175084114075,0.8068474531173706,0.7986049652099609,0.7787103056907654,0.6722327470779419,0.7800584435462952,0.7691867351531982,0.801008403301239,0.7839453220367432,0.7801918983459473,0.6735842227935791,0.7718893885612488,0.7530280947685242,0.7761534452438354,0.7859724760055542,0.7552477121353149,0.7705720067024231,0.8169729709625244,0.780225396156311,0.7791700959205627,0.7756048440933228,0.7692456245422363,0.7702839374542236,0.7992841005325317,0.7891981601715088,0.7866291999816895,0.6753108501434326,0.7092887163162231,0.7875038385391235,0.7764124870300293,0.7867586016654968,0.7843251824378967,0.7809635400772095,0.6714942455291748,0.791381299495697,0.6687152981758118,0.7668588757514954,0.7580302953720093,0.6735449433326721,0.7967641949653625,0.6712397336959839,0.6945550441741943,0.7625117301940918,0.7707997560501099,0.7662924528121948,0.7976618409156799,0.7789102792739868,0.7612515091896057,0.7769192457199097,0.7946808934211731,0.6624100208282471,0.7616517543792725,0.7922329306602478,0.7651271820068359,0.7804315090179443,0.671692430973053,0.7826588749885559,0.7849041819572449,0.7638859152793884,0.7862228155136108,0.7767408490180969,0.6556285619735718,0.7578622698783875,0.7697476148605347,0.8102859854698181,0.7867076992988586,0.7967106103897095,0.7827088236808777,0.7741846442222595,0.769376277923584,0.7660585045814514,0.8095813989639282,0.768059492111206,0.7664759755134583,0.7830325365066528,0.6675799489021301,0.641653299331665,0.7825531363487244
