1.0,-0.9661964774131775,-0.989788830280304,0.9994582533836365,-0.9879465699195862,-0.9595683217048645,-0.7990978360176086,-0.9948713779449463,0.9900907874107361,-0.9668391346931458,-0.9617470502853394,-0.9901375770568848,0.9937455654144287,-0.8078648447990417,-0.9979020953178406,0.9915225505828857,-0.9443840980529785,0.9923941493034363,-0.9858713746070862,-0.9649770855903625,-0.9681463241577148,-0.9209949970245361,-0.9891484379768372,-0.9800552725791931,-0.9670220613479614,-0.9708612561225891,0.9975008964538574,-0.9919009804725647,-0.9913892149925232,-0.9750166535377502,-0.934486448764801,-0.9124982357025146,0.9908513426780701,-0.9751946330070496,-0.9130070805549622,-0.9471303224563599,-0.9003976583480835,-0.2331714779138565,-0.9533843994140625,-0.9854239821434021,-0.9864715337753296,-0.9107660055160522,-0.9886035323143005,-0.7947297692298889,-0.22434696555137634,-0.8948075175285339,-0.979480504989624,-0.9833019971847534,0.9931988716125488,0.9880329966545105,-0.9780770540237427,-0.957880437374115,-0.9722389578819275,-0.8748823404312134,-0.806665301322937,0.9880691170692444,-0.399850457906723,0.9823361039161682,-0.9646776914596558,-0.9945094585418701,0.986558735370636,-0.9659754633903503,0.9504486918449402,0.9971151351928711,-0.9901760220527649,-0.9964549541473389,-0.9832771420478821,-0.984754204750061,-0.9930360317230225,-0.9087732434272766,-0.9883473515510559,-0.9871833920478821,0.9929434657096863,-0.8630765080451965,-0.9506806135177612,-0.9766016602516174,-0.9717282056808472,0.9958492517471313,-0.8998497128486633,-0.9883090257644653,-0.9280363321304321,-0.9157953858375549,-0.8375349044799805,0.9853801727294922,-0.4880857765674591,-0.9765918850898743,-0.9945083260536194,-0.9138477444648743,-0.9879810214042664,-0.3809053897857666,-0.7682260870933533,-0.9259940385818481,-0.9888965487480164,-0.9726456999778748,-0.9436753392219543,-0.9823499917984009,-0.37877434492111206,0.9934754967689514,0.987126350402832,-0.9947720766067505
-0.9661964774131775,1.0,0.9663543701171875,-0.9674319624900818,0.9895246624946594,0.953210711479187,0.7244115471839905,0.9672839045524597,-0.9905263185501099,0.9923882484436035,0.995806097984314,0.9902016520500183,-0.9872666001319885,0.9051545858383179,0.9667903780937195,-0.9599701166152954,0.8776048421859741,-0.984269380569458,0.9737948179244995,0.9768222570419312,0.9872147440910339,0.9474397897720337,0.9816642999649048,0.9742137789726257,0.9986633062362671,0.9882334470748901,-0.9807778596878052,0.9863423109054565,0.9483686089515686,0.9705679416656494,0.9584730267524719,0.941231369972229,-0.9917943477630615,0.9942550659179688,0.9598162770271301,0.9774776697158813,0.9445619583129883,0.23747484385967255,0.920184314250946,0.9854307174682617,0.9764311909675598,0.951924204826355,0.9770656824111938,0.8393306136131287,0.14892080426216125,0.9295490384101868,0.9552899599075317,0.9890342950820923,-0.9885711073875427,-0.9725599884986877,0.9815930128097534,0.9518819451332092,0.9944318532943726,0.9260841012001038,0.8930783867835999,-0.9818580746650696,0.3018876016139984,-0.9850916862487793,0.9914100170135498,0.9849071502685547,-0.9888699650764465,0.945368766784668,-0.9201867580413818,-0.9764021635055542,0.9831194281578064,0.9594929218292236,0.9708860516548157,0.95699143409729,0.9612501263618469,0.8685405850410461,0.9829918742179871,0.9776374697685242,-0.9734395742416382,0.9021700024604797,0.9754705429077148,0.9852058291435242,0.9079424142837524,-0.9840112328529358,0.8101357817649841,0.9638335704803467,0.8771507143974304,0.8819901347160339,0.8552362322807312,-0.9908231496810913,0.4057513177394867,0.9747043251991272,0.9797800779342651,0.8057697415351868,0.9733944535255432,0.5485427975654602,0.8810836672782898,0.8814176321029663,0.9290651679039001,0.9685046076774597,0.9623599052429199,0.9972946047782898,0.1759752780199051,-0.971343457698822,-0.9694664478302002,0.9784319400787354
-0.989788830280304,0.9663543701171875,1.0,-0.9858832955360413,0.989716112613678,0.9754970669746399,0.8474927544593811,0.9938463568687439,-0.9792589545249939,0.9814050197601318,0.9699510931968689,0.9879884123802185,-0.9857369661331177,0.8032553791999817,0.9925758838653564,-0.9860188961029053,0.9671034216880798,-0.9782301187515259,0.9934362173080444,0.940302312374115,0.9812590479850769,0.9428078532218933,0.9900477528572083,0.9959579706192017,0.9646663069725037,0.9828857183456421,-0.986629068851471,0.9795188307762146,0.9918456077575684,0.9929071664810181,0.9489368200302124,0.903115451335907,-0.9845900535583496,0.9771407246589661,0.9415435194969177,0.9561536908149719,0.8811425566673279,0.12098052352666855,0.9215845465660095,0.9832122325897217,0.9811538457870483,0.9504172801971436,0.9859541654586792,0.7660262584686279,0.1680576354265213,0.8827254176139832,0.9595843553543091,0.9825869202613831,-0.9877998232841492,-0.9619044065475464,0.9937247633934021,0.976347029209137,0.9717978239059448,0.9004339575767517,0.8311203122138977,-0.9821293950080872,0.4341818392276764,-0.961533784866333,0.9676924347877502,0.9848172068595886,-0.9779606461524963,0.9747418165206909,-0.9688240885734558,-0.993340015411377,0.9904179573059082,0.9963498115539551,0.9964325428009033,0.9695484042167664,0.9756864309310913,0.953747570514679,0.9757887721061707,0.9876344203948975,-0.9824346899986267,0.8770792484283447,0.9423407912254333,0.9714117050170898,0.9379753470420837,-0.9865363240242004,0.8871443271636963,0.9960327744483948,0.9582551717758179,0.9547340869903564,0.8951559066772461,-0.9816327095031738,0.4688100516796112,0.9727112650871277,0.9974024891853333,0.9011499285697937,0.9984906911849976,0.32782983779907227,0.7593578696250916,0.8739120364189148,0.9648053646087646,0.9754948616027832,0.958900511264801,0.9809520244598389,0.3189401626586914,-0.9902684688568115,-0.9791857600212097,0.9898623824119568
0.9994582533836365,-0.9674319624900818,-0.9858832955360413,1.0,-0.9872885942459106,-0.9520988464355469,-0.7897560000419617,-0.9933401942253113,0.9917858242988586,-0.9647073745727539,-0.96019047498703,-0.9898171424865723,0.9948684573173523,-0.818838357925415,-0.9972890019416809,0.9924532175064087,-0.9366358518600464,0.9948399662971497,-0.9812784790992737,-0.9695383310317993,-0.9674077033996582,-0.9226652979850769,-0.9893661141395569,-0.9755377769470215,-0.9681057333946228,-0.9704972505569458,0.9981882572174072,-0.9926362037658691,-0.9898870587348938,-0.9722728729248047,-0.9364502429962158,-0.9104485511779785,0.991255521774292,-0.9754374027252197,-0.908840537071228,-0.9435311555862427,-0.9016154408454895,-0.26248371601104736,-0.9601402878761292,-0.9872052669525146,-0.9839068651199341,-0.9069108963012695,-0.9900375604629517,-0.793354332447052,-0.23458123207092285,-0.9050209522247314,-0.9819731116294861,-0.9817959666252136,0.9933504462242126,0.991404116153717,-0.9739316701889038,-0.94969242811203,-0.973740816116333,-0.8777875304222107,-0.8120430111885071,0.9902758002281189,-0.40117961168289185,0.9852114915847778,-0.9636247158050537,-0.9953591227531433,0.9883049726486206,-0.9664371609687805,0.9488695859909058,0.996360719203949,-0.9886755347251892,-0.9939122200012207,-0.9807254076004028,-0.9826586842536926,-0.9935795664787292,-0.898673951625824,-0.9881775379180908,-0.9837584495544434,0.9950118660926819,-0.8696709871292114,-0.9501944184303284,-0.9757631421089172,-0.9725908041000366,0.9968429803848267,-0.8901142477989197,-0.9839500188827515,-0.9153962135314941,-0.9024444818496704,-0.8304839134216309,0.9855331182479858,-0.500907838344574,-0.9734504222869873,-0.9924255013465881,-0.9049938917160034,-0.9839243292808533,-0.39637842774391174,-0.7724019289016724,-0.9329305291175842,-0.9882073402404785,-0.9712704420089722,-0.9443333148956299,-0.9827907681465149,-0.37049973011016846,0.9934312105178833,0.9897409081459045,-0.9932150840759277
-0.9879465699195862,0.9895246624946594,0.989716112613678,-0.9872885942459106,1.0,0.9722091555595398,0.7779012322425842,0.9850935339927673,-0.9953232407569885,0.9930930733680725,0.986222505569458,0.9994187951087952,-0.9966037273406982,0.853783905506134,0.9871677160263062,-0.9822072386741638,0.9345383048057556,-0.9925005435943604,0.988338828086853,0.9756857752799988,0.993733286857605,0.9513238072395325,0.9914818406105042,0.992564857006073,0.9903009533882141,0.9901263117790222,-0.993614673614502,0.9905669093132019,0.9807884693145752,0.9882490038871765,0.9683027863502502,0.9373044967651367,-0.997015118598938,0.9875965118408203,0.9624249935150146,0.9763883352279663,0.9098113775253296,0.18423232436180115,0.9249849319458008,0.9938857555389404,0.987647533416748,0.9497460722923279,0.9918229579925537,0.8084054589271545,0.22094732522964478,0.918466329574585,0.9589470624923706,0.9959079623222351,-0.9982988834381104,-0.978147566318512,0.9912052154541016,0.9654583930969238,0.9951534271240234,0.9109697937965393,0.8773622512817383,-0.9926985502243042,0.3673139214515686,-0.9841811060905457,0.9903697967529297,0.9964337944984436,-0.9966784119606018,0.9726009964942932,-0.9544820785522461,-0.9961190223693848,0.9985150694847107,0.9847985506057739,0.9896039962768555,0.9749881625175476,0.9734432101249695,0.9108019471168518,0.9890749454498291,0.9894534945487976,-0.9864771366119385,0.8972546458244324,0.9568515419960022,0.979112982749939,0.9291766881942749,-0.9942511320114136,0.8588499426841736,0.9822105765342712,0.921810507774353,0.9162032008171082,0.8860452175140381,-0.9982922673225403,0.4369410276412964,0.9817764163017273,0.9963186979293823,0.8658784031867981,0.9933348894119263,0.4365423023700714,0.8358706831932068,0.8808677196502686,0.9574257731437683,0.9898390173912048,0.9582151770591736,0.9963345527648926,0.2447364628314972,-0.9861000776290894,-0.9860308766365051,0.9950887560844421
-0.9595683217048645,0.953210711479187,0.9754970669746399,-0.9520988464355469,0.9722091555595398,1.0,0.754198431968689,0.9551920890808105,-0.9565219283103943,0.9731030464172363,0.9695835709571838,0.9721193909645081,-0.9575729370117188,0.7398872375488281,0.9528114795684814,-0.931746780872345,0.9363832473754883,-0.9465315937995911,0.9887973070144653,0.9320985078811646,0.959340512752533,0.8809541463851929,0.9480869770050049,0.9859172701835632,0.9595824480056763,0.9488381147384644,-0.9589181542396545,0.9604077935218811,0.9467639923095703,0.9589744210243225,0.9081240892410278,0.9566829800605774,-0.9661087393760681,0.9511448740959167,0.9618028402328491,0.9851790070533752,0.8993391394615173,-0.008968634530901909,0.8397325873374939,0.9424249529838562,0.985170304775238,0.920398473739624,0.940687358379364,0.8499273657798767,0.17949014902114868,0.8030527234077454,0.9076071977615356,0.9826139807701111,-0.9677119255065918,-0.9341577291488647,0.9818297624588013,0.9940540790557861,0.9555109739303589,0.8277714252471924,0.7957233786582947,-0.9394052624702454,0.252377450466156,-0.9463456273078918,0.9766275882720947,0.9623953700065613,-0.9571704864501953,0.9166175127029419,-0.9044438004493713,-0.9679882526397705,0.9796872735023499,0.9630078077316284,0.960411548614502,0.9749083518981934,0.9397289752960205,0.9143182635307312,0.9710158705711365,0.9881357550621033,-0.9337849020957947,0.7892515659332275,0.9426259994506836,0.9592720866203308,0.9020804166793823,-0.9554334282875061,0.9205127954483032,0.9731961488723755,0.9712345600128174,0.9655551910400391,0.871712327003479,-0.9711383581161499,0.2632542550563812,0.987106204032898,0.9748339056968689,0.9111423492431641,0.9845793843269348,0.3784491717815399,0.8231865763664246,0.8157910704612732,0.9391894936561584,0.9721090197563171,0.8981892466545105,0.963539719581604,0.3188289403915405,-0.9448145627975464,-0.9268640279769897,0.9791719913482666
-0.7990978360176086,0.7244115471839905,0.8474927544593811,-0.7897560000419617,0.7779012322425842,0.754198431968689,1.0,0.840545117855072,-0.7452480792999268,0.7750022411346436,0.7338246703147888,0.7653732895851135,-0.7726249098777771,0.6084340810775757,0.8289819955825806,-0.842533528804779,0.8972269892692566,-0.7556806206703186,0.7983312010765076,0.6371660828590393,0.7923400402069092,0.8414251208305359,0.8268474340438843,0.820269763469696,0.7035424113273621,0.8170211315155029,-0.7751070261001587,0.7457553744316101,0.8581519722938538,0.8579978942871094,0.786487340927124,0.545616090297699,-0.7570204138755798,0.7765008807182312,0.7113680243492126,0.677186131477356,0.5653753280639648,-0.024256713688373566,0.7725004553794861,0.7989404201507568,0.7344783544540405,0.844844400882721,0.8163214325904846,0.34303349256515503,-0.0526045560836792,0.7150576710700989,0.784839928150177,0.7367766499519348,-0.7675605416297913,-0.7132494449615479,0.8172900676727295,0.7803724408149719,0.7345294952392578,0.822891354560852,0.6537944674491882,-0.7953797578811646,0.7844133973121643,-0.6914719939231873,0.7011694312095642,0.75998854637146,-0.741481363773346,0.8619012236595154,-0.9045916795730591,-0.7974377274513245,0.7708017230033875,0.8427223563194275,0.8596305251121521,0.710253119468689,0.7829306125640869,0.9508840441703796,0.7184232473373413,0.7622339129447937,-0.8079077005386353,0.7938757538795471,0.6844537854194641,0.7445847392082214,0.7391141653060913,-0.7807745337486267,0.6734174489974976,0.842508852481842,0.8429430723190308,0.8590563535690308,0.844753086566925,-0.740841805934906,0.6890785694122314,0.7100151777267456,0.8134299516677856,0.7325775027275085,0.8220754265785217,-0.11732881516218185,0.3404387831687927,0.65977543592453,0.7604789733886719,0.7440105676651001,0.854464590549469,0.7544724941253662,0.2851288318634033,-0.8356636166572571,-0.8112558126449585,0.7666998505592346
-0.9948713779449463,0.9672839045524597,0.9938463568687439,-0.9933401942253113,0.9850935339927673,0.9551920890808105,0.840545117855072,1.0,-0.9841750860214233,0.9713691473007202,0.9659385681152344,0.9857320189476013,-0.9898412227630615,0.8259831666946411,0.9987645745277405,-0.9933474659919739,0.9459801912307739,-0.9859937429428101,0.9875261187553406,0.9454656839370728,0.9712585806846619,0.9380467534065247,0.9952030181884766,0.982833981513977,0.9633553624153137,0.9809059500694275,-0.9923983216285706,0.9873855113983154,0.9913728833198547,0.9840653538703918,0.9365917444229126,0.8883677124977112,-0.9872071743011475,0.9832763671875,0.9114705324172974,0.9393871426582336,0.8989512324333191,0.21881112456321716,0.9571963548660278,0.9865705370903015,0.9782806038856506,0.9355646371841431,0.9892686605453491,0.7683354616165161,0.13893848657608032,0.8986250758171082,0.9843535423278809,0.9767046570777893,-0.9886174201965332,-0.9771116971969604,0.9854815006256104,0.9622176289558411,0.9675432443618774,0.9046225547790527,0.8122530579566956,-0.9870174527168274,0.4441617727279663,-0.9714279174804688,0.9575816988945007,0.9873514771461487,-0.9781696796417236,0.9700335264205933,-0.9609102606773376,-0.992285966873169,0.9838065505027771,0.9980995059013367,0.9915165901184082,0.9695605039596558,0.991852879524231,0.9327023029327393,0.9789237380027771,0.9835811257362366,-0.9932674169540405,0.8815343379974365,0.9545612335205078,0.9804365038871765,0.9627227783203125,-0.9930313229560852,0.8787481188774109,0.9955214262008667,0.9322950839996338,0.9302111268043518,0.8531146049499512,-0.9778666496276855,0.5206077694892883,0.9679335951805115,0.9950425624847412,0.8943522572517395,0.9895685911178589,0.3641257584095001,0.7445983290672302,0.9191478490829468,0.9768568873405457,0.9595679640769958,0.9669094681739807,0.98219895362854,0.3558661639690399,-0.9986699819564819,-0.9858244061470032,0.9872235655784607
0.9900907874107361,-0.9905263185501099,-0.9792589545249939,0.9917858242988586,-0.9953232407569885,-0.9565219283103943,-0.7452480792999268,-0.9841750860214233,1.0,-0.982769250869751,-0.9825580716133118,-0.9975041747093201,0.9990301132202148,-0.8681254982948303,-0.9875653386116028,0.9821876883506775,-0.9085703492164612,0.9988195300102234,-0.9810726046562195,-0.9872534871101379,-0.9825951457023621,-0.9372993111610413,-0.9901484847068787,-0.9782509207725525,-0.9914820790290833,-0.9827665090560913,0.9974785447120667,-0.9973688721656799,-0.9744064211845398,-0.9738401174545288,-0.9542603492736816,-0.9379528164863586,0.9991134405136108,-0.9890349507331848,-0.9393520355224609,-0.967461884021759,-0.9300243854522705,-0.26904550194740295,-0.9478654265403748,-0.993197500705719,-0.9874959588050842,-0.9268699288368225,-0.9903162717819214,-0.8285639882087708,-0.22234266996383667,-0.9272131323814392,-0.9742693305015564,-0.9929826259613037,0.9986808896064758,0.9927983283996582,-0.9800125360488892,-0.9517284035682678,-0.9926851987838745,-0.9009996652603149,-0.8598964810371399,0.9937273263931274,-0.3412964642047882,0.9959039688110352,-0.9855715036392212,-0.9988787174224854,0.9982175827026367,-0.9611096978187561,0.9367538690567017,0.9936307668685913,-0.9933523535728455,-0.9810335040092468,-0.9784822463989258,-0.9791710376739502,-0.9839246273040771,-0.8775373101234436,-0.9944403767585754,-0.9863162636756897,0.9912620186805725,-0.8898680806159973,-0.9676406979560852,-0.9852057099342346,-0.9486238360404968,0.9979512691497803,-0.8563238382339478,-0.9758097529411316,-0.8945830464363098,-0.8873355984687805,-0.8410241007804871,0.9968278408050537,-0.4523547291755676,-0.9812750220298767,-0.9912124276161194,-0.861488938331604,-0.9825228452682495,-0.4883800745010376,-0.8416426181793213,-0.9175727963447571,-0.9673910140991211,-0.9793493151664734,-0.9532278776168823,-0.9967427849769592,-0.27573922276496887,0.9869903326034546,0.987415611743927,-0.9934783577919006
-0.9668391346931458,0.9923882484436035,0.9814050197601318,-0.9647073745727539,0.9930930733680725,0.9731030464172363,0.7750022411346436,0.9713691473007202,-0.982769250869751,1.0,0.9947358965873718,0.990723192691803,-0.9832388758659363,0.8708549737930298,0.9692772626876831,-0.9622803926467896,0.917148232460022,-0.9754699468612671,0.9840884804725647,0.958107054233551,0.9958425760269165,0.9577540159225464,0.9827442765235901,0.9913958311080933,0.9910097122192383,0.9930748343467712,-0.9766920208930969,0.9775791168212891,0.9602360725402832,0.9870935678482056,0.9683293104171753,0.93525630235672,-0.987501859664917,0.9888849854469299,0.9793270230293274,0.983135998249054,0.9146038293838501,0.12925228476524353,0.895057737827301,0.9838565587997437,0.9772897958755493,0.9729538559913635,0.9780574440956116,0.8097118139266968,0.14847107231616974,0.9092703461647034,0.9392736554145813,0.990393340587616,-0.9869683980941772,-0.955007016658783,0.9941496253013611,0.9703119397163391,0.9917621612548828,0.9287108778953552,0.8970984220504761,-0.9789314866065979,0.3439314067363739,-0.9685652256011963,0.9918184280395508,0.9812642335891724,-0.9841643571853638,0.9591115713119507,-0.9432981610298157,-0.980485200881958,0.988614022731781,0.9682629704475403,0.9847367405891418,0.9549447894096375,0.9521817564964294,0.9146721959114075,0.975999653339386,0.9822990894317627,-0.9682934880256653,0.9013435244560242,0.9593401551246643,0.9764764904975891,0.8928735256195068,-0.9794093370437622,0.8271782994270325,0.9749494194984436,0.9184513688087463,0.9236125349998474,0.9048051834106445,-0.9897863268852234,0.39432698488235474,0.9751356840133667,0.9868000149726868,0.8269056677818298,0.9876284599304199,0.4609755873680115,0.855610191822052,0.842205286026001,0.9244125485420227,0.9791066646575928,0.9645542502403259,0.9931354522705078,0.1714353859424591,-0.9720210433006287,-0.9674642086029053,0.9812491536140442
-0.9617470502853394,0.995806097984314,0.9699510931968689,-0.96019047498703,0.986222505569458,0.9695835709571838,0.7338246703147888,0.9659385681152344,-0.9825580716133118,0.9947358965873718,1.0,0.9867197275161743,-0.9796738624572754,0.8782404065132141,0.962171733379364,-0.9493641257286072,0.8839386701583862,-0.9733161926269531,0.9826409816741943,0.9624469876289368,0.9832512140274048,0.9342576265335083,0.9757602214813232,0.9802259206771851,0.9948272705078125,0.9845041632652283,-0.9743560552597046,0.9823217391967773,0.9426898956298828,0.9701372981071472,0.9436848759651184,0.9485316276550293,-0.9875519871711731,0.9924558997154236,0.966304361820221,0.9864054918289185,0.9506315588951111,0.16621778905391693,0.898320198059082,0.9747211337089539,0.9810581803321838,0.9570657014846802,0.9660249948501587,0.855229914188385,0.10124494880437851,0.8956983685493469,0.9467877745628357,0.9901337027549744,-0.9838659167289734,-0.9611622095108032,0.98871910572052,0.9720016121864319,0.9862999320030212,0.913128674030304,0.8711270689964294,-0.9696456789970398,0.2734413743019104,-0.9761712551116943,0.9922587275505066,0.9779699444770813,-0.9794461131095886,0.9325186014175415,-0.9112071394920349,-0.9720262289047241,0.9817732572555542,0.9595709443092346,0.9703620672225952,0.9598850607872009,0.9568763375282288,0.8835646510124207,0.981672465801239,0.9842156171798706,-0.9620555639266968,0.8751947283744812,0.9813743829727173,0.9884301424026489,0.9030719995498657,-0.9769230484962463,0.8321734070777893,0.9709351062774658,0.9030269980430603,0.9117717146873474,0.8597784638404846,-0.9863314628601074,0.3545699715614319,0.98223477602005,0.9798892736434937,0.8216450214385986,0.9783174991607666,0.5308004021644592,0.8769814968109131,0.8640162348747253,0.9259511232376099,0.96452397108078,0.9563035368919373,0.9937085509300232,0.19787083566188812,-0.9658530354499817,-0.9546653628349304,0.9779120683670044
-0.9901375770568848,0.9902016520500183,0.9879884123802185,-0.9898171424865723,0.9994187951087952,0.9721193909645081,0.7653732895851135,0.9857320189476013,-0.9975041747093201,0.990723192691803,0.9867197275161743,1.0,-0.9978742599487305,0.8518742918968201,0.9880290031433105,-0.9814578890800476,0.92811518907547,-0.994731605052948,0.9891488552093506,0.9802804589271545,0.989830493927002,0.9427022933959961,0.9907010197639465,0.9899439811706543,0.9916326999664307,0.9869828224182129,-0.9958822727203369,0.9943261742591858,0.9790440797805786,0.9834761619567871,0.9608970880508423,0.9429913759231567,-0.9988370537757874,0.9883643984794617,0.9566357135772705,0.9772257208824158,0.9200424551963806,0.2016260325908661,0.9299756288528442,0.9927153587341309,0.991163969039917,0.941037118434906,0.990404486656189,0.8232336044311523,0.2204323261976242,0.9149457812309265,0.9640036821365356,0.9973223209381104,-0.9995146989822388,-0.9838916659355164,0.9894543886184692,0.966035008430481,0.9943358302116394,0.9023582935333252,0.8660856485366821,-0.9921022057533264,0.3479369580745697,-0.9892608523368835,0.9909120798110962,0.9982174634933472,-0.9975999593734741,0.9667267799377441,-0.9465320706367493,-0.9964783191680908,0.9986174702644348,0.9851219058036804,0.9861846566200256,0.9805679321289062,0.9783244132995605,0.9010730981826782,0.9934074878692627,0.991820216178894,-0.9874204993247986,0.8876765966415405,0.9631940126419067,0.9832569360733032,0.9382724165916443,-0.9960364699363708,0.8671223521232605,0.9824614524841309,0.9189107418060303,0.9123881459236145,0.8699392676353455,-0.9990919828414917,0.4291415512561798,0.9857946634292603,0.9961138367652893,0.872047483921051,0.9919675588607788,0.4531112015247345,0.8400537371635437,0.893146276473999,0.9636999368667603,0.9880094528198242,0.9540141820907593,0.9972066879272461,0.26554957032203674,-0.9864338636398315,-0.9850842952728271,0.9968917369842529
0.9937455654144287,-0.9872666001319885,-0.9857369661331177,0.9948684573173523,-0.9966037273406982,-0.9575729370117188,-0.7726249098777771,-0.9898412227630615,0.9990301132202148,-0.9832388758659363,-0.9796738624572754,-0.9978742599487305,1.0,-0.8617457747459412,-0.9928925633430481,0.9890973567962646,-0.9236851930618286,0.9989722967147827,-0.9835823774337769,-0.9807496666908264,-0.9849995374679565,-0.9448453783988953,-0.9944534301757812,-0.9827035665512085,-0.9871816039085388,-0.9860722422599792,0.9988515377044678,-0.9961795806884766,-0.9830945134162903,-0.9809815287590027,-0.9586696028709412,-0.9268066883087158,0.9986230731010437,-0.9888637065887451,-0.938173770904541,-0.9625378251075745,-0.9175481796264648,-0.255860298871994,-0.9514697194099426,-0.99605792760849,-0.9861498475074768,-0.9332872629165649,-0.9948345422744751,-0.8077871203422546,-0.21951383352279663,-0.9282005429267883,-0.9764220118522644,-0.9914427399635315,0.9992302060127258,0.9905838370323181,-0.9833600521087646,-0.9536709785461426,-0.9911772012710571,-0.9073963165283203,-0.8594115376472473,0.9966645240783691,-0.3778916299343109,0.991645336151123,-0.9817436933517456,-0.9992969036102295,0.9975149631500244,-0.970712423324585,0.9501529335975647,0.9969109892845154,-0.9946096539497375,-0.9875246286392212,-0.9855745434761047,-0.9775078296661377,-0.9860376119613647,-0.8951357007026672,-0.9918444156646729,-0.9864945411682129,0.9950850605964661,-0.8970152735710144,-0.9616174101829529,-0.9830676913261414,-0.9505535364151001,0.9994447231292725,-0.8592226505279541,-0.9814335107803345,-0.9048320055007935,-0.8976221084594727,-0.8542443513870239,0.995791494846344,-0.4771856963634491,-0.9782816767692566,-0.994907021522522,-0.8688811659812927,-0.9870699048042297,-0.4520007371902466,-0.8205516338348389,-0.9153224229812622,-0.9702762365341187,-0.9804894328117371,-0.9595010876655579,-0.9956535696983337,-0.28357309103012085,0.9922879934310913,0.9921783208847046,-0.9945135116577148
-0.8078648447990417,0.9051545858383179,0.8032553791999817,-0.818838357925415,0.853783905506134,0.7398872375488281,0.6084340810775757,0.8259831666946411,-0.8681254982948303,0.8708549737930298,0.8782404065132141,0.8518742918968201,-0.8617457747459412,1.0,0.8242458701133728,-0.8398768901824951,0.666327178478241,-0.8656134009361267,0.7979004979133606,0.8590289950370789,0.878122091293335,0.9117595553398132,0.8717477917671204,0.8106966018676758,0.8898419141769409,0.8958994150161743,-0.8420524597167969,0.8513264060020447,0.7955960035324097,0.8449324369430542,0.8889225721359253,0.7519950866699219,-0.8609762787818909,0.8972548842430115,0.823411226272583,0.8117858171463013,0.8386579751968384,0.4664205014705658,0.8616515398025513,0.8857342004776001,0.7970830202102661,0.8794196248054504,0.8685485124588013,0.6563543677330017,0.022057972848415375,0.9552639722824097,0.8523849248886108,0.8343942165374756,-0.8518234491348267,-0.8458200097084045,0.834082305431366,0.7487054467201233,0.887861430644989,0.9457345008850098,0.9131807684898376,-0.8784887194633484,0.362652450799942,-0.8612936735153198,0.8519088625907898,0.8472554087638855,-0.8650546669960022,0.8413143157958984,-0.8100672960281372,-0.824668824672699,0.8260562419891357,0.7967256307601929,0.8393221497535706,0.7578824162483215,0.8199775815010071,0.699701189994812,0.8269924521446228,0.8010047674179077,-0.8634759783744812,0.9365914463996887,0.8564509749412537,0.8572964072227478,0.7370612025260925,-0.8563547730445862,0.4991077780723572,0.7988583445549011,0.6196064949035645,0.6478466987609863,0.7423462867736816,-0.8530189990997314,0.5396533608436584,0.791257381439209,0.8286207914352417,0.5034220814704895,0.8059864640235901,0.6617914438247681,0.811072826385498,0.7880690693855286,0.7390620112419128,0.8050256967544556,0.9154514670372009,0.8821226954460144,-0.1200009360909462,-0.8490163683891296,-0.8667328953742981,0.8112958073616028
-0.9979020953178406,0.9667903780937195,0.9925758838653564,-0.9972890019416809,0.9871677160263062,0.9528114795684814,0.8289819955825806,0.9987645745277405,-0.9875653386116028,0.9692772626876831,0.962171733379364,0.9880290031433105,-0.9928925633430481,0.8242458701133728,1.0,-0.9963904023170471,0.9478610157966614,-0.9905266761779785,0.984556257724762,0.954474151134491,0.9720864295959473,0.9375694990158081,0.9948389530181885,0.9813475012779236,0.9643861651420593,0.978766918182373,-0.9954718351364136,0.9887598752975464,0.9945299625396729,0.982638955116272,0.9418287873268127,0.8927446603775024,-0.9889011979103088,0.9798226356506348,0.9114506840705872,0.938931941986084,0.8928084373474121,0.2356524020433426,0.9601641893386841,0.9892826080322266,0.9790502786636353,0.927097499370575,0.9926326274871826,0.7674141526222229,0.18588827550411224,0.9063104391098022,0.9832398891448975,0.9781998991966248,-0.9911632537841797,-0.9822971224784851,0.9813683032989502,0.9552739262580872,0.9711428880691528,0.8986189365386963,0.8179677128791809,-0.9908853769302368,0.44448235630989075,-0.9757816195487976,0.9591538906097412,0.9913564324378967,-0.9833251237869263,0.974530816078186,-0.9630171656608582,-0.9955751299858093,0.9866709113121033,0.9981870651245117,0.9900908470153809,0.9730858206748962,0.9922536611557007,0.9244490265846252,0.981253981590271,0.9825323820114136,-0.9961237907409668,0.8841186165809631,0.9484204053878784,0.9762587547302246,0.9653894305229187,-0.9954692721366882,0.8801122307777405,0.9913982152938843,0.926378071308136,0.9193430542945862,0.8518034219741821,-0.981393039226532,0.526348888874054,0.9677401185035706,0.9952027797698975,0.8979578018188477,0.9885432720184326,0.36444416642189026,0.7502175569534302,0.9224832653999329,0.9812381267547607,0.9663574695587158,0.9607037305831909,0.9824132323265076,0.3558841049671173,-0.9984560012817383,-0.9908720254898071,0.9898920655250549
0.9915225505828857,-0.9599701166152954,-0.9860188961029053,0.9924532175064087,-0.9822072386741638,-0.931746780872345,-0.842533528804779,-0.9933474659919739,0.9821876883506775,-0.9622803926467896,-0.9493641257286072,-0.9814578890800476,0.9890973567962646,-0.8398768901824951,-0.9963904023170471,1.0,-0.9476661682128906,0.9878368973731995,-0.9694014191627502,-0.9484089612960815,-0.9723360538482666,-0.9538357853889465,-0.9941442012786865,-0.9729979038238525,-0.9557352066040039,-0.9789907932281494,0.9897045493125916,-0.9786032438278198,-0.9958199262619019,-0.9833539724349976,-0.9553599953651428,-0.8665457367897034,0.981341540813446,-0.9727822542190552,-0.9040625691413879,-0.9202410578727722,-0.8644228577613831,-0.26517802476882935,-0.9658122062683105,-0.9918268918991089,-0.9619448781013489,-0.9292902946472168,-0.9962798953056335,-0.7217141389846802,-0.21335585415363312,-0.929979145526886,-0.9775335788726807,-0.9662215709686279,0.9849150776863098,0.9749220609664917,-0.9712207913398743,-0.9316951036453247,-0.9691348671913147,-0.9158037900924683,-0.8407852649688721,0.9938161969184875,-0.5025987029075623,0.9663984775543213,-0.9475188255310059,-0.9859749674797058,0.9803466200828552,-0.9868417978286743,0.9766728281974792,0.9909892678260803,-0.9790822267532349,-0.9919657707214355,-0.989277720451355,-0.9544092416763306,-0.9827735424041748,-0.9242059588432312,-0.9673762917518616,-0.9661142826080322,0.9971929788589478,-0.9128011465072632,-0.9268836975097656,-0.9604774117469788,-0.9512163996696472,0.9910137057304382,-0.8453687429428101,-0.9799288511276245,-0.9054293632507324,-0.8973237872123718,-0.8647721409797668,0.9745946526527405,-0.5837423205375671,-0.9471970796585083,-0.98833829164505,-0.8721203207969666,-0.9795845746994019,-0.3418683707714081,-0.732039749622345,-0.9138129949569702,-0.9686198830604553,-0.962397575378418,-0.9665006399154663,-0.9755014777183533,-0.3141420781612396,0.9965217709541321,0.9969258904457092,-0.979607105255127
-0.9443840980529785,0.8776048421859741,0.9671034216880798,-0.9366358518600464,0.9345383048057556,0.9363832473754883,0.8972269892692566,0.9459801912307739,-0.9085703492164612,0.917148232460022,0.8839386701583862,0.92811518907547,-0.9236851930618286,0.666327178478241,0.9478610157966614,-0.9476661682128906,1.0,-0.912188708782196,0.9422333836555481,0.8572037220001221,0.9287775754928589,0.8987599015235901,0.9332507252693176,0.9586306810379028,0.8779488801956177,0.9208616614341736,-0.9274908900260925,0.9044232964515686,0.9719645977020264,0.9587962627410889,0.9111130237579346,0.8197305798530579,-0.9155417084693909,0.8929938673973083,0.8930867910385132,0.8847750425338745,0.7392107248306274,-0.02414415217936039,0.8447184562683105,0.9254277348518372,0.9188514351844788,0.8994350433349609,0.9380870461463928,0.6299042105674744,0.26404693722724915,0.8047822713851929,0.8802471160888672,0.9183640480041504,-0.9268702864646912,-0.8842344880104065,0.9409776926040649,0.9272492527961731,0.9031630158424377,0.8299001455307007,0.7719478607177734,-0.9264411926269531,0.5431094765663147,-0.8762440085411072,0.8948895335197449,0.925160825252533,-0.915107250213623,0.957464337348938,-0.968169093132019,-0.9493505358695984,0.9414289593696594,0.9609171152114868,0.9601653218269348,0.9131967425346375,0.9096518158912659,0.9738584160804749,0.9031119346618652,0.9287246465682983,-0.9260798096656799,0.8245919346809387,0.8298948407173157,0.8809630274772644,0.8778979778289795,-0.924455463886261,0.8797990679740906,0.951143741607666,0.9672958850860596,0.9505566954612732,0.9176635146141052,-0.9190882444381714,0.49066585302352905,0.9040101766586304,0.9501447677612305,0.9142299294471741,0.9600297808647156,0.09053879231214523,0.6261731386184692,0.775142252445221,0.9213503003120422,0.9416104555130005,0.8908690810203552,0.9051647782325745,0.35081207752227783,-0.9381434321403503,-0.932820737361908,0.9386370778083801
0.9923941493034363,-0.984269380569458,-0.9782301187515259,0.9948399662971497,-0.9925005435943604,-0.9465315937995911,-0.7556806206703186,-0.9859937429428101,0.9988195300102234,-0.9754699468612671,-0.9733161926269531,-0.994731605052948,0.9989722967147827,-0.8656134009361267,-0.9905266761779785,0.9878368973731995,-0.912188708782196,1.0,-0.9759352207183838,-0.9850046038627625,-0.9785532355308533,-0.9383989572525024,-0.991151750087738,-0.9735339879989624,-0.9846078753471375,-0.9800227880477905,0.9981964230537415,-0.9956628084182739,-0.9793111085891724,-0.9726018905639648,-0.9538791179656982,-0.923780620098114,0.9966830015182495,-0.9850007891654968,-0.9264370799064636,-0.9548681378364563,-0.9180781841278076,-0.29514601826667786,-0.9590041637420654,-0.9943230152130127,-0.9822472929954529,-0.9196135997772217,-0.9931163787841797,-0.8088308572769165,-0.23782606422901154,-0.9337165355682373,-0.9786834120750427,-0.9871904850006104,0.9970536231994629,0.9945492148399353,-0.974302351474762,-0.9415984749794006,-0.9886905550956726,-0.9007645845413208,-0.8545867204666138,0.9959951639175415,-0.3724317252635956,0.9940559267997742,-0.9768743515014648,-0.9984616637229919,0.9969491362571716,-0.9664834141731262,0.9429589509963989,0.9940692186355591,-0.9903668761253357,-0.9829999804496765,-0.9782742261886597,-0.9760420322418213,-0.9866492748260498,-0.8775466084480286,-0.9907993674278259,-0.9809204936027527,0.9953131675720215,-0.8953059911727905,-0.959121584892273,-0.9799387454986572,-0.9549586176872253,0.9986268281936646,-0.8534148335456848,-0.9740484356880188,-0.8884350657463074,-0.8788564801216125,-0.8359010815620422,0.9932194948196411,-0.4886943995952606,-0.973638653755188,-0.989830493927002,-0.8639007210731506,-0.9792981147766113,-0.468258261680603,-0.8208454847335815,-0.9269698262214661,-0.9718120098114014,-0.9759504199028015,-0.9535172581672668,-0.9926456809043884,-0.2907141149044037,0.9897629022598267,0.992330014705658,-0.9912916421890259
-0.9858713746070862,0.9737948179244995,0.9934362173080444,-0.9812784790992737,0.988338828086853,0.9887973070144653,0.7983312010765076,0.9875261187553406,-0.9810726046562195,0.9840884804725647,0.9826409816741943,0.9891488552093506,-0.9835823774337769,0.7979004979133606,0.984556257724762,-0.9694014191627502,0.9422333836555481,-0.9759352207183838,1.0,0.9490371942520142,0.9744716882705688,0.9162539839744568,0.9816215634346008,0.993815541267395,0.9746257662773132,0.9756984710693359,-0.9854776859283447,0.9860924482345581,0.9745072722434998,0.9796017408370972,0.9273691177368164,0.9362090826034546,-0.9879642128944397,0.9811826348304749,0.9464148879051208,0.9755708575248718,0.9210611581802368,0.11064431816339493,0.9082494974136353,0.9733526706695557,0.9937325119972229,0.939168393611908,0.9726337790489197,0.8305763006210327,0.1355905532836914,0.8573367595672607,0.9585776925086975,0.9910929799079895,-0.9883694052696228,-0.9666231870651245,0.995392918586731,0.9917425513267517,0.9716300368309021,0.876539409160614,0.8092777729034424,-0.9715086817741394,0.3336162269115448,-0.97104412317276,0.9792171120643616,0.9844518303871155,-0.9769425988197327,0.9468686580657959,-0.9351648092269897,-0.9884286522865295,0.9909574389457703,0.9891020059585571,0.9844164848327637,0.9830644130706787,0.9772871136665344,0.9284026026725769,0.9871039986610413,0.9979983568191528,-0.9723427891731262,0.8403720259666443,0.9673314094543457,0.9855417609214783,0.9430578351020813,-0.984343409538269,0.9079751968383789,0.9955031871795654,0.9594079852104187,0.9581704139709473,0.8635536432266235,-0.9846439361572266,0.38392239809036255,0.9907277226448059,0.9946495294570923,0.9076704382896423,0.9965582489967346,0.3969672918319702,0.8002665042877197,0.880517840385437,0.9666879773139954,0.9721651077270508,0.9442462921142578,0.9851095080375671,0.340412974357605,-0.9813753962516785,-0.9630960822105408,0.9929504990577698
-0.9649770855903625,0.9768222570419312,0.940302312374115,-0.9695383310317993,0.9756857752799988,0.9320985078811646,0.6371660828590393,0.9454656839370728,-0.9872534871101379,0.958107054233551,0.9624469876289368,0.9802804589271545,-0.9807496666908264,0.8590289950370789,0.954474151134491,-0.9484089612960815,0.8572037220001221,-0.9850046038627625,0.9490371942520142,1.0,0.9585776329040527,0.8974401950836182,0.9565768241882324,0.9451278448104858,0.9837821125984192,0.9494402408599854,-0.9780354499816895,0.9809373021125793,0.9376246929168701,0.9332466125488281,0.9344697594642639,0.9577950239181519,-0.9821917414665222,0.9608691930770874,0.9268192052841187,0.9613664746284485,0.9280982613563538,0.31558725237846375,0.9190264940261841,0.9695168733596802,0.9721658229827881,0.8761321306228638,0.9637119174003601,0.8629150986671448,0.32089370489120483,0.9173258543014526,0.9423401355743408,0.9798024296760559,-0.9810125231742859,-0.9854774475097656,0.9438492059707642,0.9152998924255371,0.983150839805603,0.8526861071586609,0.8563852310180664,-0.9718824028968811,0.2382751852273941,-0.9929305911064148,0.9791749715805054,0.9841474294662476,-0.9889311194419861,0.9253119826316833,-0.8874742984771729,-0.9707649350166321,0.975705087184906,0.9435279369354248,0.9373777508735657,0.9698616862297058,0.9561809301376343,0.8005227446556091,0.9843107461929321,0.9636833071708679,-0.964383065700531,0.8565047979354858,0.9490446448326111,0.9604853391647339,0.9254024624824524,-0.9768109917640686,0.8351820111274719,0.9327823519706726,0.8417404294013977,0.8246273994445801,0.7924649119377136,-0.9858672618865967,0.3817797303199768,0.9687484502792358,0.9614127278327942,0.8327234983444214,0.9493770599365234,0.5671101808547974,0.8913493752479553,0.9039906859397888,0.9464959502220154,0.9713001251220703,0.9033759832382202,0.9786849021911621,0.24522490799427032,-0.9507871866226196,-0.9630318284034729,0.975488543510437
