1.0,-0.9981659650802612,-0.999847412109375,0.9988013505935669,-0.9988614916801453,-0.9939994812011719,-0.9896814823150635,-0.9879739284515381,0.9999979138374329,-0.9923449754714966,-0.9999222159385681,-0.9990449547767639,0.9999861121177673,-0.9988411664962769,-0.999674379825592,0.9988518953323364,-0.999392032623291,0.999869704246521,-0.995676577091217,-0.9989838600158691,-0.9999748468399048,-0.9973059296607971,-0.9982579350471497,-0.997599720954895,-0.9987760782241821,-0.9992541670799255,0.9999672174453735,-0.9877868294715881,-0.9992881417274475,-0.9993598461151123,-0.9942224025726318,-0.9909992814064026,0.9999108910560608,-0.9988706111907959,-0.9999897480010986,-0.9929298162460327,-0.9989957213401794,-0.9903176426887512,-0.9929145574569702,-0.994743287563324,-0.991244912147522,-0.9976963400840759,-0.9999321103096008,-0.9934437274932861,-0.9946281313896179,-0.9606027603149414,-0.9954760074615479,-0.9999966621398926,0.9988588094711304,1.0,-0.9993544220924377,-0.9996875524520874,-0.9989062547683716,-0.9992200136184692,-0.9961325526237488,0.9999236464500427,-0.9927998185157776,0.999206006526947,-0.9986497163772583,-0.9980541467666626,0.9997408390045166,-0.9996866583824158,0.9987229108810425,0.9998872876167297,-0.9946894645690918,-0.9994614124298096,-0.9984118938446045,-0.9927260875701904,-0.9956170320510864,-0.9941751956939697,-0.9999949336051941,-0.9999212622642517,0.9992734789848328,-0.9358223676681519,-0.9952420592308044,-0.9929506778717041,-0.9922037720680237,0.9999980926513672,-0.9997742176055908,-0.9992215633392334,-0.9999971985816956,-0.9907554388046265,-0.23777206242084503,0.9994455575942993,-0.9995701313018799,-0.9257459044456482,-0.9982962608337402,-0.9982313513755798,-0.9999285936355591,-0.9997595548629761,-0.9992053508758545,-0.9998956322669983,-0.995158851146698,-0.9926422834396362,-0.9999855160713196,-0.9992528557777405,-0.9842460751533508,0.9996760487556458,0.999922513961792,-0.9925201535224915
-0.9981659650802612,1.0,0.9990711212158203,-0.9999327063560486,0.9999174475669861,0.9987983107566833,0.9965405464172363,0.9955222010612488,-0.9982903599739075,0.9980010986328125,0.9988430738449097,0.9998577833175659,-0.9978319406509399,0.9999229311943054,0.9993856549263,-0.9999199509620667,0.9996697306632996,-0.9970585703849792,0.9994735717773438,0.9944232106208801,0.9977102279663086,0.9999175667762756,0.9999988079071045,0.9999619126319885,0.9999383687973022,0.9997591972351074,-0.9986234307289124,0.9954074025154114,0.9951715469360352,0.9996927976608276,0.9988968372344971,0.9972856044769287,-0.9988855123519897,0.9999149441719055,0.9978822469711304,0.9982947111129761,0.9998757839202881,0.9969050288200378,0.9982872009277344,0.999117910861969,0.9974198937416077,0.9999732375144958,0.9988034963607788,0.9985424280166626,0.9990701675415039,0.9756657481193542,0.9994019865989685,0.9983211159706116,-0.9941354990005493,-0.9981507062911987,0.9953466057777405,0.9993672966957092,0.9999047517776489,0.9997779130935669,0.9996246099472046,-0.9973412156105042,0.9982304573059082,-0.9997852444648743,0.9936732649803162,0.9924488663673401,-0.9992854595184326,0.9993686079978943,-0.993832528591156,-0.9989623427391052,0.9990957975387573,0.9996150135993958,0.9999911189079285,0.9981937408447266,0.9994526505470276,0.9988762736320496,0.9983545541763306,0.9988473653793335,-0.9951333999633789,0.9554435610771179,0.9993150234222412,0.9983048439025879,0.9979285597801208,-0.9980442523956299,0.9992268085479736,0.9997772574424744,0.998306393623352,0.9807257056236267,0.17853471636772156,-0.9996280670166016,0.9959617853164673,0.9011558890342712,0.999997615814209,0.9999992847442627,0.9988184571266174,0.9965983629226685,0.9949596524238586,0.9989364743232727,0.9992832541465759,0.9981518983840942,0.998477041721344,0.9997599124908447,0.993144154548645,-0.9963016510009766,-0.9973343014717102,0.9980901479721069
-0.999847412109375,0.9990711212158203,1.0,-0.9995039701461792,0.9995424747467041,0.9957587122917175,0.9920337796211243,0.9905242919921875,-0.9998817443847656,0.9943510293960571,0.9999874830245972,0.9996559023857117,-0.9997410774230957,0.9995294809341431,0.999967634677887,-0.9995361566543579,0.9998485445976257,-0.9994350671768188,0.9971472024917603,0.9980440735816956,0.9996979236602783,0.9984352588653564,0.9991361498832703,0.9986571669578552,0.9994876980781555,0.9997763633728027,-0.9999561309814453,0.9903579354286194,0.9984765648841858,0.999832272529602,0.9959457516670227,0.9931866526603699,-0.9999915957450867,0.9995483160018921,0.9997583627700806,0.9948520660400391,0.9996260404586792,0.9925916194915771,0.994839072227478,0.9963804483413696,0.9934003353118896,0.9987292289733887,0.9999831318855286,0.9952892065048218,0.9962846040725708,0.9653115272521973,0.9969838261604309,0.9998897314071655,-0.9978720545768738,-0.9998430013656616,0.9985742568969727,0.9999716281890869,0.9995707273483276,0.9997574090957642,0.9975154399871826,-0.9995549321174622,0.9947410225868225,-0.9997495412826538,0.9975897669792175,0.9968124032020569,-0.9999859929084778,0.9999713897705078,-0.9976878762245178,-0.9999969601631165,0.9963356852531433,0.9998821020126343,0.9992436766624451,0.9946777820587158,0.9970988631248474,0.9959062933921814,0.9998982548713684,0.9999880194664001,-0.9984551072120667,0.9418370723724365,0.9967922568321228,0.9948698878288269,0.9942296147346497,-0.9998109340667725,0.999992847442627,0.9997581839561462,0.9998860359191895,0.9882341623306274,0.22076676785945892,-0.9998747706413269,0.9989052414894104,0.9189982414245605,0.9991632103919983,0.9991176128387451,0.999984860420227,0.9992239475250244,0.9983565807342529,0.9999954700469971,0.996724009513855,0.9946061968803406,0.9999269247055054,0.9997755289077759,0.9871845841407776,-0.9990788102149963,-0.9995521306991577,0.9945014119148254
0.9988013505935669,-0.9999327063560486,-0.9995039701461792,1.0,-0.9999992847442627,-0.9981622695922852,-0.9955089092254639,-0.9943583607673645,0.9989014267921448,-0.9972005486488342,-0.999333918094635,-0.9999862313270569,0.9985285997390747,-0.9999997019767761,-0.9997251033782959,0.999999463558197,-0.9999006390571594,0.9978808760643005,-0.9990297555923462,-0.9955801367759705,-0.9984279274940491,-0.9997011423110962,-0.9999492764472961,-0.9997933506965637,-0.9999998807907104,-0.9999465346336365,0.9991650581359863,-0.9942296147346497,-0.9962435364723206,-0.9999130964279175,-0.9982847571372986,-0.996364176273346,0.9993659257888794,-0.9999989867210388,-0.9985700249671936,-0.9975500702857971,-0.9999913573265076,-0.9959256649017334,-0.9975411295890808,-0.9985633492469788,-0.9965198636054993,-0.9998209476470947,-0.9993037581443787,-0.9978489279747009,-0.9985027313232422,-0.9730556011199951,-0.9989334940910339,-0.998926043510437,0.9953234791755676,0.9987889528274536,-0.9963977932929993,-0.9997129440307617,-0.999997615814209,-0.9999551773071289,-0.9992393255233765,0.9981197714805603,-0.9974731802940369,0.9999584555625916,-0.9949097037315369,-0.9938054084777832,0.9996567964553833,-0.999713659286499,0.9950525760650635,0.999423623085022,-0.9985350966453552,-0.999869704246521,-0.9999727010726929,-0.9974293112754822,-0.9990015625953674,-0.9982590079307556,-0.9989528059959412,-0.9993371367454529,0.996209979057312,-0.9519540071487427,-0.9988182783126831,-0.9975623488426208,-0.9971147775650024,0.9987024664878845,-0.9996158480644226,-0.9999548196792603,-0.9989142417907715,-0.982927143573761,-0.18994095921516418,0.9998772740364075,-0.9969366192817688,-0.9061257243156433,-0.9999557137489319,-0.9999446868896484,-0.9993152022361755,-0.9974877238273621,-0.9960564374923706,-0.9994041919708252,-0.9987766742706299,-0.9973793625831604,-0.9990500211715698,-0.9999468326568604,-0.9917206168174744,0.9972317814826965,0.9981140494346619,-0.9973061680793762
-0.9988614916801453,0.9999174475669861,0.9995424747467041,-0.9999992847442627,1.0,0.9980860352516174,0.9953902363777161,0.994225263595581,-0.9989590644836426,0.9971065521240234,0.9993785619735718,0.9999919533729553,-0.9985953569412231,1.0,0.9997535347938538,-1.0,0.9999174475669861,-0.9979611039161682,0.9989741444587708,0.9956964254379272,0.9984970688819885,0.9996699094772339,0.9999359846115112,0.9997672438621521,0.9999985098838806,0.9999586939811707,-0.9992150664329529,0.9940950274467468,0.9963506460189819,0.9999285936355591,0.9982110857963562,0.9962571859359741,-0.9994094967842102,1.0000001192092896,0.9986357688903809,0.9974620938301086,0.999995768070221,0.9958124756813049,0.9974528551101685,0.9984958171844482,0.9964150786399841,0.9997966289520264,0.9993495345115662,0.9977663159370422,0.9984337091445923,0.9727675318717957,0.9988752007484436,0.9989830851554871,-0.9954431653022766,-0.9988493919372559,0.996502697467804,0.9997419714927673,0.9999995827674866,0.9999661445617676,0.9991899132728577,-0.9981953501701355,0.9973838329315186,-0.9999690055847168,0.9950345158576965,0.9939432144165039,-0.9996887445449829,0.9997426867485046,-0.9951756000518799,-0.9994651675224304,0.9984668493270874,0.999889075756073,0.9999626874923706,0.9973392486572266,0.9989450573921204,0.9981847405433655,0.9990090131759644,0.9993817806243896,-0.9963175058364868,0.951571524143219,0.9987568855285645,0.9974745512008667,0.9970194697380066,-0.9987651705741882,0.9996495246887207,0.9999659061431885,0.9989715814590454,0.9831556677818298,0.19116441905498505,-0.9998959302902222,0.9970333576202393,0.9066522121429443,0.999943196773529,0.9999307990074158,0.9993604421615601,0.9975752234458923,0.9961661696434021,0.999446451663971,0.9987143278121948,0.9972884654998779,0.9991034865379333,0.999958872795105,0.9915598034858704,-0.9973236322402954,-0.9981896281242371,0.9972140192985535
-0.9939994812011719,0.9987983107566833,0.9957587122917175,-0.9981622695922852,0.9980860352516174,1.0,0.9994162321090698,0.9989587068557739,-0.9942261576652527,0.9998990893363953,0.9952858686447144,0.9978295564651489,-0.9934074878692627,0.9981123805046082,0.9964669346809387,-0.9980984330177307,0.9972089529037476,-0.9921040534973145,0.999862551689148,0.9880595207214355,0.9931966066360474,0.9993454217910767,0.998721718788147,0.9991878867149353,0.9981931447982788,0.9974820613861084,-0.9948529005050659,0.9989028573036194,0.9891650676727295,0.9972764849662781,0.9999979138374329,0.9996957778930664,-0.9953716397285461,0.9980739951133728,0.9934951663017273,0.9999560117721558,0.9979023337364197,0.9995599985122681,0.9999548196792603,0.999975323677063,0.9997397065162659,0.9991300702095032,0.9952065944671631,0.9999876022338867,0.999982476234436,0.9852393865585327,0.9998955726623535,0.9942826628684998,-0.9876407980918884,-0.9939720034599304,0.9894278645515442,0.9964233636856079,0.998026967048645,0.9975436329841614,0.9997662305831909,-0.9925711750984192,0.9999451637268066,-0.9975683689117432,0.9869747161865234,0.9852446913719177,-0.9962320923805237,0.9964262843132019,-0.9872035384178162,-0.9955297708511353,0.9999788403511047,0.997053861618042,0.998583197593689,0.9999385476112366,0.9998729825019836,0.9999986886978149,0.9943444728851318,0.9952945709228516,-0.9891082048416138,0.9687619805335999,0.999927818775177,0.9999576210975647,0.9998823404312134,-0.9937813878059387,0.9960991144180298,0.9975412487983704,0.9942556619644165,0.9699711203575134,0.13009746372699738,-0.9970903992652893,0.9903649687767029,0.8788273334503174,0.9986883997917175,0.9987443685531616,0.9952364563941956,0.9913618564605713,0.9888496398925781,0.995476245880127,0.9999375939369202,0.9999306797981262,0.9945734143257141,0.997484564781189,0.9976797699928284,-0.9908931851387024,-0.9925596117973328,0.9999182820320129
-0.9896814823150635,0.9965405464172363,0.9920337796211243,-0.9955089092254639,0.9953902363777161,0.9994162321090698,1.0,0.9999343752861023,-0.9899792671203613,0.9998006820678711,0.9913908839225769,0.9949969053268433,-0.9889103770256042,0.9954311847686768,0.9930155277252197,-0.9954096674919128,0.99407559633255,-0.9872395396232605,0.9987121820449829,0.9822182655334473,0.9886378645896912,0.9975258708000183,0.9964115619659424,0.9972277879714966,0.9955572485923767,0.9944764971733093,-0.9908096790313721,0.9999198913574219,0.9835715293884277,0.9941741824150085,0.999343752861023,0.9999547600746155,-0.9915069937705994,0.9953718185424805,0.9890242218971252,0.9996925592422485,0.9951075315475464,0.9999898672103882,0.999695897102356,0.9991514682769775,0.9999356269836426,0.9971217513084412,0.9912839531898499,0.9995735883712769,0.9991970062255859,0.9905131459236145,0.9988181591033936,0.9900535941123962,-0.9817087054252625,-0.9896457195281982,0.9838948845863342,0.9929542541503906,0.9952989220619202,0.9945676922798157,0.9984435439109802,-0.9878345131874084,0.9997190833091736,-0.9946044683456421,0.9809017181396484,0.9788213968276978,-0.9926871657371521,0.9929584264755249,-0.9811784625053406,-0.9917213320732117,0.9991729259490967,0.9938507080078125,0.9961820244789124,0.9997333884239197,0.9987444281578064,0.9993594884872437,0.9901349544525146,0.9914026260375977,-0.9835014343261719,0.9766698479652405,0.9989334344863892,0.9996882677078247,0.999822735786438,-0.9893963932991028,0.9925025701522827,0.9945641756057739,0.9900179505348206,0.9610942602157593,0.09614341706037521,-0.9939035773277283,0.9850550293922424,0.8620109558105469,0.9963558912277222,0.9964494705200195,0.9913240671157837,0.986301600933075,0.9831839203834534,0.9916485548019409,0.9989722967147827,0.9997493028640747,0.990437924861908,0.9944801926612854,0.9994233846664429,-0.9857138991355896,-0.9878197312355042,0.9997711777687073
-0.9879739284515381,0.9955222010612488,0.9905242919921875,-0.9943583607673645,0.994225263595581,0.9989587068557739,0.9999343752861023,1.0,-0.988295316696167,0.9995061159133911,0.989824652671814,0.9937862753868103,-0.9871427416801453,0.9942709803581238,0.991597592830658,-0.9942468404769897,0.9927642941474915,-0.9853488802909851,0.9980647563934326,0.9800014495849609,0.9868495464324951,0.9966543316841125,0.9953757524490356,0.9963091015815735,0.994412362575531,0.9932077527046204,-0.9891939163208008,0.9999992251396179,0.9814372658729553,0.9928731918334961,0.998862624168396,0.9997801184654236,-0.9899508357048035,0.9942047595977783,0.9872652888298035,0.9993425607681274,0.9939094185829163,0.9998723864555359,0.9993473291397095,0.9986135363578796,0.9997396469116211,0.9961870312690735,0.9897083640098572,0.999173104763031,0.9986719489097595,0.9920233488082886,0.9981953501701355,0.9883754849433899,-0.9794615507125854,-0.9879350662231445,0.9817810654640198,0.9915304780006409,0.9941231608390808,0.9933090806007385,0.9977385401725769,-0.9859868288040161,0.9993816018104553,-0.9933499097824097,0.9786072969436646,0.9764100313186646,-0.9912380576133728,0.9915350079536438,-0.9789002537727356,-0.99018394947052,0.9986410737037659,0.9925159215927124,0.9951156973838806,0.9994029402732849,0.9981043934822083,0.9988836050033569,0.9884635806083679,0.9898375272750854,-0.9813628792762756,0.9790674448013306,0.9983383417129517,0.9993361234664917,0.9995412230491638,-0.9876663088798523,0.9910361766815186,0.9933050870895386,0.988336980342865,0.9578644633293152,0.08472607284784317,-0.9925742149353027,0.9830157160758972,0.8561432361602783,0.9953126311302185,0.9954188466072083,0.9897521138191223,0.9843457341194153,0.9810256361961365,0.9901049733161926,0.9983869791030884,0.9994267821311951,0.9887911081314087,0.9932119846343994,0.999747097492218,-0.9837181568145752,-0.9859709739685059,0.9994602203369141
0.9999979138374329,-0.9982903599739075,-0.9998817443847656,0.9989014267921448,-0.9989590644836426,-0.9942261576652527,-0.9899792671203613,-0.988295316696167,1.0,-0.992601215839386,-0.9999462962150574,-0.9991343021392822,0.9999727010726929,-0.998939573764801,-0.9997256398200989,0.9989498853683472,-0.9994628429412842,0.9998337030410767,-0.9958686828613281,-0.9988873600959778,-0.9999576807022095,-0.9974572062492371,-0.9983791708946228,-0.9977424740791321,-0.9988774061203003,-0.999332845211029,0.9999819397926331,-0.9881107211112976,-0.9992069602012634,-0.9994325041770935,-0.9944447875022888,-0.9912772178649902,0.999936580657959,-0.9989677667617798,-0.9999781250953674,-0.9931761026382446,-0.9990872740745544,-0.9906059503555298,-0.9931610226631165,-0.99495530128479,-0.9915191531181335,-0.9978361129760742,-0.9999542832374573,-0.9936807751655579,-0.9948424696922302,-0.9611822962760925,-0.9956726431846619,-0.9999998211860657,0.9987565875053406,0.9999972581863403,-0.999276876449585,-0.999737560749054,-0.9990019202232361,-0.9993004202842712,-0.9963142275810242,0.999895453453064,-0.9930483102798462,0.9992871284484863,-0.9985387325286865,-0.997921347618103,0.9997863173484802,-0.9997367858886719,0.9986149668693542,0.9999166131019592,-0.9949025511741638,-0.9995279312133789,-0.9985274076461792,-0.9929758906364441,-0.9958105087280273,-0.9943985939025879,-0.9999994039535522,-0.999945342540741,0.9991914629936218,-0.936557948589325,-0.9954437017440796,-0.9931966066360474,-0.9924624562263489,0.9999915957450867,-0.9998164772987366,-0.9993017315864563,-0.9999998807907104,-0.9904692769050598,-0.23573844134807587,0.9995129704475403,-0.999506413936615,-0.9249522686004639,-0.9984161257743835,-0.9983535408973694,-0.9999513030052185,-0.9997113347053528,-0.999119758605957,-0.9999235272407532,-0.9953624606132507,-0.9928935170173645,-0.9999945759773254,-0.9993314146995544,-0.984613835811615,0.9996204972267151,0.9998940825462341,-0.9927734136581421
-0.9923449754714966,0.9980010986328125,0.9943510293960571,-0.9972005486488342,0.9971065521240234,0.9998990893363953,0.9998006820678711,0.9995061159133911,-0.992601215839386,1.0,0.9938074946403503,0.996793270111084,-0.9916783571243286,0.9971388578414917,0.9951730966567993,-0.9971219897270203,0.9960475564002991,-0.9902219176292419,0.9995260834693909,0.9857707023620605,0.9914419054985046,0.998730480670929,0.9979027509689331,0.9985145330429077,0.9972386360168457,0.9963737726211548,-0.9933127760887146,0.9994674324989319,0.9869793057441711,0.9961278438568115,0.9998677372932434,0.999945342540741,-0.9939059019088745,0.9970919489860535,0.9917768836021423,0.999988317489624,0.9968816041946411,0.9998804926872253,0.9999889135360718,0.9997745752334595,0.9999629855155945,0.9984367489814758,0.9937166571617126,0.999957263469696,0.9997977018356323,0.9875721335411072,0.9995894432067871,0.9926650524139404,-0.9853140115737915,-0.9923139810562134,0.9872674345970154,0.9951221346855164,0.9970340132713318,0.9964476227760315,0.9993579983711243,-0.9907422661781311,0.9999930262565613,-0.9964774250984192,0.9845892786979675,0.9827132821083069,-0.9948992729187012,0.9951255321502686,-0.9848381876945496,-0.9940873384475708,0.9997855424880981,0.9958632588386536,0.9977263808250427,0.9999949932098389,0.9995456337928772,0.9998748302459717,0.992734968662262,0.9938174486160278,-0.9869169592857361,0.9721877574920654,0.9996561408042908,0.9999874234199524,0.9999993443489075,-0.9920989274978638,0.9947450757026672,0.996444821357727,0.9926343560218811,0.9664174318313599,0.1159965991973877,-0.9959065318107605,0.9882973432540894,0.8719590902328491,0.9978601932525635,0.9979317784309387,0.9937506914138794,0.9893983006477356,0.986633837223053,0.994025707244873,0.9996780157089233,0.9999970197677612,0.9929948449134827,0.9963767528533936,0.9985464215278625,-0.9888800978660583,-0.9907294511795044,0.9999989867210388
-0.9999222159385681,0.9988430738449097,0.9999874830245972,-0.999333918094635,0.9993785619735718,0.9952858686447144,0.9913908839225769,0.989824652671814,-0.9999462962150574,0.9938074946403503,1.0,0.9995121359825134,-0.9998425245285034,0.9993634223937988,0.9999147653579712,-0.9993714690208435,0.999748945236206,-0.9995907545089722,0.9967571496963501,0.9983444213867188,0.9998083710670471,0.9981428980827332,0.9989157915115356,0.998385488986969,0.999315083026886,0.9996579885482788,-0.9999904036521912,0.9896522760391235,0.9987401962280273,0.9997281432151794,0.9954832196235657,0.9925910234451294,-0.9999995827674866,0.9993852376937866,0.9998558163642883,0.994332492351532,0.9994766116142273,0.9919712543487549,0.994318962097168,0.9959425926208496,0.9928140044212341,0.9984645843505859,0.9999997019767761,0.9947918057441711,0.9958412051200867,0.9639927744865417,0.9965830445289612,0.9999515414237976,-0.9981858134269714,-0.9999191164970398,0.9988289475440979,0.9999215006828308,0.9994114637374878,0.9996345639228821,0.9971504211425781,-0.9996917843818665,0.9942159652709961,-0.9996248483657837,0.9979245066642761,0.9971991777420044,-0.9999470114707947,0.9999210834503174,-0.9980154633522034,-0.9999966621398926,0.9958952069282532,0.9997928738594055,0.9990366101264954,0.9941498637199402,0.9967056512832642,0.9954414963722229,0.9999571442604065,1.0000001192092896,-0.998720645904541,0.9401436448097229,0.9963793158531189,0.9943511486053467,0.9936803579330444,-0.9998956322669983,0.9999613165855408,0.9996355772018433,0.9999490976333618,0.9889872670173645,0.2256445735692978,-0.9997829794883728,0.9991267919540405,0.9209597110748291,0.9989461302757263,0.9988948106765747,0.9999998211860657,0.9994086027145386,0.9986308813095093,0.999998152256012,0.9963067173957825,0.9940746426582336,0.9999749064445496,0.9996569752693176,0.9863736033439636,-0.999281108379364,-0.9996894598007202,0.9939648509025574
-0.9990449547767639,0.9998577833175659,0.9996559023857117,-0.9999862313270569,0.9999919533729553,0.9978295564651489,0.9949969053268433,0.9937862753868103,-0.9991343021392822,0.996793270111084,0.9995121359825134,1.0,-0.9988002181053162,0.9999901056289673,0.9998346567153931,-0.9999911189079285,0.9999609589576721,-0.9982095956802368,0.9987841248512268,0.9960606694221497,0.9987090826034546,0.9995586276054382,0.9998824596405029,0.999672532081604,0.9999833106994629,0.9999871850013733,-0.9993661642074585,0.9936512112617493,0.9966855049133301,0.9999685883522034,0.9979629516601562,0.9959019422531128,-0.9995395541191101,0.9999926090240479,0.9988374710083008,0.9971680641174316,0.9999992847442627,0.9954372644424438,0.9971584677696228,0.9982674717903137,0.9960673451423645,0.9997076988220215,0.9994864463806152,0.9974900484085083,0.9982010126113892,0.9718285799026489,0.9986767768859863,0.9991560578346252,-0.9958181381225586,-0.9990339279174805,0.9968303442001343,0.9998251795768738,0.9999953508377075,0.9999911785125732,0.9990201592445374,-0.998428463935852,0.997085452079773,-0.9999925494194031,0.9954261779785156,0.9943764805793762,-0.9997808337211609,0.9998257160186768,-0.9955616593360901,-0.9995883703231812,0.9982364773750305,0.9999407529830933,0.9999199509620667,0.9970384240150452,0.9987525343894958,0.9979347586631775,0.9991797208786011,0.9995148777961731,-0.9966539144515991,0.950329065322876,0.9985486268997192,0.997181236743927,0.9967014789581299,-0.9989567995071411,0.9997478723526001,0.9999909996986389,0.9991455078125,0.9838818907737732,0.19510550796985626,-0.9999458193778992,0.9973344802856445,0.9083395004272461,0.9998923540115356,0.9998754262924194,0.9994959831237793,0.9978467226028442,0.9965096116065979,0.9995719790458679,0.9985026121139526,0.9969848394393921,0.9992654919624329,0.9999872446060181,0.9910311102867126,-0.9976091980934143,-0.9984232783317566,0.9969062805175781
0.9999861121177673,-0.9978319406509399,-0.9997410774230957,0.9985285997390747,-0.9985953569412231,-0.9934074878692627,-0.9889103770256042,-0.9871427416801453,0.9999727010726929,-0.9916783571243286,-0.9998425245285034,-0.9988002181053162,1.0,-0.9985726475715637,-0.9995255470275879,0.9985845685005188,-0.9991938471794128,0.9999411106109619,-0.9951715469360352,-0.9992080926895142,-0.9999985098838806,-0.9969042539596558,-0.9979320764541626,-0.9972197413444519,-0.9985007643699646,-0.9990361332893372,0.9999104142189026,-0.9869493246078491,-0.9994736313819885,-0.9991568326950073,-0.9936411380767822,-0.9902777671813965,0.9998262524604797,-0.998605489730835,-0.9999998211860657,-0.9922885298728943,-0.9987449645996094,-0.9895700216293335,-0.9922726154327393,-0.9941880702972412,-0.990533173084259,-0.9973239302635193,-0.99985671043396,-0.9928255081176758,-0.9940669536590576,-0.9591202139854431,-0.9949598908424377,-0.9999687671661377,0.9990972280502319,0.9999873638153076,-0.9995303750038147,-0.9995414018630981,-0.9986451268196106,-0.9989972710609436,-0.9956542253494263,0.9999750852584839,-0.9921528697013855,0.9989814162254333,-0.9989103674888611,-0.9983698725700378,0.9996065497398376,-0.9995403289794922,0.9989760518074036,0.9997939467430115,-0.9941316843032837,-0.9992738962173462,-0.9981000423431396,-0.9920758605003357,-0.9951087236404419,-0.9935915470123291,-0.9999640583992004,-0.9998407959938049,0.9994610548019409,-0.9339460730552673,-0.9947130084037781,-0.9923103451728821,-0.9915310144424438,0.9999945163726807,-0.9996480941772461,-0.9989989399909973,-0.9999706745147705,-0.9914586544036865,-0.24290288984775543,0.9992555975914001,-0.9997110366821289,-0.9277316927909851,-0.9979738593101501,-0.997903048992157,-0.9998512864112854,-0.9998615980148315,-0.9994021058082581,-0.9998051524162292,-0.9946255683898926,-0.9919884204864502,-0.9999430775642395,-0.9990345239639282,-0.9832976460456848,0.9997965693473816,0.9999743103981018,-0.9918609261512756
-0.9988411664962769,0.9999229311943054,0.9995294809341431,-0.9999997019767761,1.0,0.9981123805046082,0.9954311847686768,0.9942709803581238,-0.998939573764801,0.9971388578414917,0.9993634223937988,0.9999901056289673,-0.9985726475715637,1.0,0.9997439384460449,-1.0,0.999911904335022,-0.9979338645935059,0.9989933371543884,0.9956567883491516,0.9984737038612366,0.999680757522583,0.9999408721923828,0.9997763633728027,0.9999992251396179,0.9999546408653259,-0.9991981983184814,0.9941412806510925,0.9963141083717346,0.9999236464500427,0.9982364773750305,0.9962940216064453,-0.9993947744369507,0.9999998211860657,0.9986133575439453,0.997492253780365,0.9999943971633911,0.995851457118988,0.9974833130836487,0.9985191822052002,0.9964511394500732,0.999805212020874,0.9993340969085693,0.9977948069572449,0.9984574913978577,0.9728662967681885,0.9988953471183777,0.9989636540412903,-0.9954023957252502,-0.9988290071487427,0.9964669942855835,0.9997321963310242,0.9999991655349731,0.9999625086784363,0.9992070198059082,-0.9981696605682373,0.9974145889282227,-0.999965488910675,0.9949919581413269,0.9938963055610657,-0.9996778964996338,0.9997329115867615,-0.9951336979866028,-0.9994510412216187,0.9984903931617737,0.9998826384544373,0.9999662637710571,0.997370183467865,0.9989645481109619,0.9982103109359741,0.998989999294281,0.9993666410446167,-0.9962809085845947,0.9517026543617249,0.9987781047821045,0.9975048899650574,0.9970522522926331,-0.9987438321113586,0.9996381998062134,0.9999623894691467,0.9989520907402039,0.9830775856971741,0.19074560701847076,-0.9998896718025208,0.9970003366470337,0.9064723253250122,0.999947726726532,0.9999356865882874,0.9993451237678528,0.9975454807281494,0.9961287379264832,0.9994321465492249,0.9987359642982483,0.9973198175430298,0.9990854859352112,0.9999549388885498,0.9916151762008667,-0.9972923994064331,-0.9981638789176941,0.997245728969574
-0.999674379825592,0.9993856549263,0.999967634677887,-0.9997251033782959,0.9997535347938538,0.9964669346809387,0.9930155277252197,0.991597592830658,-0.9997256398200989,0.9951730966567993,0.9999147653579712,0.9998346567153931,-0.9995255470275879,0.9997439384460449,1.0,-0.9997490644454956,0.9999562501907349,-0.9991322159767151,0.9977225065231323,0.9975085854530334,0.9994677305221558,0.9988529682159424,0.9994384050369263,0.9990416765213013,0.9997128844261169,0.9999141693115234,-0.9998483657836914,0.9914408326148987,0.9980000853538513,0.999947190284729,0.9966376423835754,0.9940924048423767,-0.9999260306358337,0.9997577667236328,0.9995488524436951,0.9956355094909668,0.9998137950897217,0.9935373067855835,0.9956233501434326,0.9970323443412781,0.9942913055419922,0.9991025924682617,0.9999038577079773,0.9960374236106873,0.9969454407691956,0.9673815965652466,0.9975762367248535,0.9997377395629883,-0.9973148107528687,-0.9996678233146667,0.9981122612953186,1.0,0.9997740983963013,0.9999021887779236,0.9980502724647522,-0.9992824792861938,0.9955331087112427,-0.999897301197052,0.9969989657402039,0.9961380958557129,-0.9999961256980896,0.9999998807907104,-0.9971084594726562,-0.999944806098938,0.9969918727874756,0.9999733567237854,0.9995242357254028,0.9954748749732971,0.9976792931556702,0.996601402759552,0.9997509121894836,0.9999159574508667,-0.9979754686355591,0.9445115327835083,0.9974040389060974,0.9956517815589905,0.9950607419013977,-0.9996220469474792,0.9999908804893494,0.9999027848243713,0.9997318983078003,0.9869710803031921,0.21290966868400574,-0.9999696612358093,0.9984964728355408,0.9157951474189758,0.9994601011276245,0.9994231462478638,0.9999079704284668,0.9988744854927063,0.9978629350662231,0.9999387264251709,0.997342586517334,0.9954087138175964,0.9997970461845398,0.9999136924743652,0.9884369969367981,-0.9987009763717651,-0.9992789030075073,0.9953119158744812
0.9988518953323364,-0.9999199509620667,-0.9995361566543579,0.999999463558197,-1.0,-0.9980984330177307,-0.9954096674919128,-0.9942468404769897,0.9989498853683472,-0.9971219897270203,-0.9993714690208435,-0.9999911189079285,0.9985845685005188,-1.0,-0.9997490644454956,1.0,-0.999914824962616,0.9979482889175415,-0.9989832043647766,-0.9956775903701782,-0.9984859228134155,-0.9996749758720398,-0.9999383091926575,-0.9997715950012207,-0.9999987483024597,-0.9999567866325378,0.9992071390151978,-0.9941170811653137,-0.9963333010673523,-0.9999263286590576,-0.9982231855392456,-0.9962746500968933,0.9994024038314819,-0.9999999403953552,-0.9986251592636108,-0.9974764585494995,-0.9999951124191284,-0.9958310127258301,-0.9974673390388489,-0.9985067248344421,-0.9964322447776794,-0.9998006820678711,-0.9993422031402588,-0.997779905796051,-0.9984450340270996,-0.9728143811225891,-0.9988847970962524,-0.9989738464355469,0.9954237937927246,0.9988397359848022,-0.9964857697486877,-0.9997372627258301,-0.9999994039535522,-0.9999645948410034,-0.9991980195045471,0.9981831908226013,-0.9973983764648438,0.9999672770500183,-0.9950143098831177,-0.9939208626747131,0.9996836185455322,-0.9997379779815674,0.9951557517051697,0.9994585514068604,-0.9984780550003052,-0.9998859763145447,-0.9999644160270691,-0.9973539710044861,-0.9989542961120605,-0.9981969594955444,-0.9989999532699585,-0.9993746280670166,0.9963001608848572,-0.951633870601654,-0.998767077922821,-0.9974889755249023,-0.9970349669456482,0.9987550973892212,-0.9996441006660461,-0.99996417760849,-0.9989623427391052,-0.9831185936927795,-0.19096548855304718,0.999893069267273,-0.9970177412033081,-0.9065667390823364,-0.9999452829360962,-0.9999331831932068,-0.9993532299995422,-0.9975611567497253,-0.996148407459259,-0.9994397163391113,-0.9987245202064514,-0.9973034262657166,-0.9990950226783752,-0.9999570846557617,-0.9915861487388611,0.9973088502883911,0.9981775283813477,-0.9972291588783264
-0.999392032623291,0.9996697306632996,0.9998485445976257,-0.9999006390571594,0.9999174475669861,0.9972089529037476,0.99407559633255,0.9927642941474915,-0.9994628429412842,0.9960475564002991,0.999748945236206,0.9999609589576721,-0.9991938471794128,0.999911904335022,0.9999562501907349,-0.999914824962616,1.0,-0.998698890209198,0.9983096718788147,0.9968050122261047,0.9991187453269958,0.9992570877075195,0.9997079968452454,0.9994074106216431,0.999893307685852,0.9999930262565613,-0.9996415376663208,0.9926186800003052,0.9973650574684143,0.9999995827674866,0.997360348701477,0.9950641989707947,-0.9997685551643372,0.9999198317527771,0.9992243051528931,0.9964648485183716,0.9999505281448364,0.9945555925369263,0.9964540600776672,0.9977087378501892,0.9952458143234253,0.9994550347328186,0.9997303485870361,0.996825635433197,0.9976323843002319,0.9697088599205017,0.9981833696365356,0.9994799494743347,-0.996586263179779,-0.9993832111358643,0.997494101524353,0.9999512434005737,0.9999291896820068,0.9999892115592957,0.998590350151062,-0.9988844990730286,0.9963725805282593,-0.9999876022338867,0.9962313175201416,0.9952731132507324,-0.999926745891571,0.9999516010284424,-0.9963541030883789,-0.9998028874397278,0.9976732134819031,0.9999979138374329,0.9997689723968506,0.9963200688362122,0.9982725381851196,0.9973283410072327,0.9994984269142151,0.9997509717941284,-0.9973369240760803,0.9475427269935608,0.9980340003967285,0.9964796304702759,0.9959456920623779,-0.9993211030960083,0.9999070763587952,0.9999895095825195,0.9994716644287109,0.9854229092597961,0.20376117527484894,-0.9999987483024597,0.9979400634765625,0.9119982719421387,0.9997236132621765,0.999697208404541,0.9997375011444092,0.9983870983123779,0.9972079396247864,0.9997914433479309,0.9979804158210754,0.9962604641914368,0.9995651245117188,0.9999927878379822,0.9898121356964111,-0.9981808066368103,-0.9988799691200256,0.9961731433868408
0.999869704246521,-0.9970585703849792,-0.9994350671768188,0.9978808760643005,-0.9979611039161682,-0.9921040534973145,-0.9872395396232605,-0.9853488802909851,0.9998337030410767,-0.9902219176292419,-0.9995907545089722,-0.9982095956802368,0.9999411106109619,-0.9979338645935059,-0.9991322159767151,0.9979482889175415,-0.998698890209198,1.0,-0.9940471649169922,-0.9995811581611633,-0.9999592304229736,-0.9959917068481445,-0.9971751570701599,-0.9963517189025879,-0.997847318649292,-0.9985005259513855,0.9997060298919678,-0.9851426482200623,-0.9997668862342834,-0.9986520409584045,-0.9923599362373352,-0.9887089133262634,0.9995648860931396,-0.9979733228683472,-0.9999322891235352,-0.9908841252326965,-0.9981420636177063,-0.987947404384613,-0.9908668398857117,-0.992960512638092,-0.9889841079711914,-0.9964711666107178,-0.9996137022972107,-0.9914685487747192,-0.9928272366523743,-0.9559908509254456,-0.9938122630119324,-0.9998239874839783,0.9994996786117554,0.999873697757721,-0.9998042583465576,-0.9991535544395447,-0.9980211853981018,-0.9984522461891174,-0.9945842027664185,0.999992847442627,-0.9907366633415222,0.9984325170516968,-0.9993581771850586,-0.9989306926727295,0.9992430210113525,-0.9991521835327148,0.9994084239006042,0.9995145797729492,-0.9928982257843018,-0.9988013505935669,-0.9973722100257874,-0.9906529784202576,-0.993977427482605,-0.9923056364059448,-0.9998128414154053,-0.999588131904602,0.9997584819793701,-0.9300100803375244,-0.9935392737388611,-0.9909078478813171,-0.9900624752044678,0.9998995661735535,-0.9993008971214294,-0.9984543323516846,-0.999828577041626,-0.9928163290023804,-0.25342175364494324,0.9987777471542358,-0.9999130964279175,-0.9317296743392944,-0.9972241520881653,-0.997141420841217,-0.999605119228363,-0.9999833703041077,-0.9997185468673706,-0.9995321035385132,-0.9934425950050354,-0.9905581474304199,-0.9997683763504028,-0.9984985589981079,-0.9812633395195007,0.9999566674232483,0.9999932050704956,-0.990419864654541
-0.995676577091217,0.9994735717773438,0.9971472024917603,-0.9990297555923462,0.9989741444587708,0.999862551689148,0.9987121820449829,0.9980647563934326,-0.9958686828613281,0.9995260834693909,0.9967571496963501,0.9987841248512268,-0.9951715469360352,0.9989933371543884,0.9977225065231323,-0.9989832043647766,0.9983096718788147,-0.9940471649169922,1.0,0.9904783368110657,0.9949910044670105,0.9998077750205994,0.999422550201416,0.9997187256813049,0.9990522265434265,0.9985208511352539,-0.9963963031768799,0.9979889988899231,0.9914633631706238,0.9983623623847961,0.9998944401741028,0.9991493821144104,-0.9968281984329224,0.9989654421806335,0.9952466487884521,0.9996629953384399,0.9988384246826172,0.9989306330680847,0.9996595978736877,0.9999542832374573,0.9992239475250244,0.99968421459198,0.9966912269592285,0.9997677206993103,0.99994295835495,0.9822654724121094,0.999997615814209,0.9959164261817932,-0.9901038408279419,-0.9956532120704651,0.9916965365409851,0.9976874589920044,0.998930811882019,0.9985678195953369,0.9999871253967285,-0.9944519996643066,0.9996340274810791,-0.9985866546630859,0.9895064830780029,0.9879470467567444,-0.9975332021713257,0.9976898431777954,-0.9897119402885437,-0.9969589114189148,0.9999491572380066,0.9981886148452759,0.9993282556533813,0.999617338180542,0.9999997615814209,0.9998880624771118,0.9959685802459717,0.9967642426490784,-0.9914128184318542,0.964516818523407,0.9999895691871643,0.9996675252914429,0.9994903206825256,-0.9954908490180969,0.997425377368927,0.9985660314559937,0.9958935976028442,0.9738706350326538,0.14651978015899658,-0.9982171058654785,0.9925249218940735,0.88661789894104,0.9994000792503357,0.9994376301765442,0.9967159032821655,0.9934002757072449,0.991182804107666,0.9969147443771362,0.9999853372573853,0.9995979070663452,0.996161699295044,0.9985226988792419,0.9964136481285095,-0.9929896593093872,-0.9944421052932739,0.99956876039505
-0.9989838600158691,0.9944232106208801,0.9980440735816956,-0.9955801367759705,0.9956964254379272,0.9880595207214355,0.9822182655334473,0.9800014495849609,-0.9988873600959778,0.9857707023620605,0.9983444213867188,0.9960606694221497,-0.9992080926895142,0.9956567883491516,0.9975085854530334,-0.9956775903701782,0.9968050122261047,-0.9995811581611633,0.9904783368110657,1.0,0.9992791414260864,0.9929865598678589,0.9945842623710632,0.9934651851654053,0.9955319762229919,0.9964983463287354,-0.9985859394073486,0.9797608256340027,0.9999730587005615,0.9967319369316101,0.9883742928504944,0.9839590787887573,-0.998292863368988,0.9957141876220703,0.9991773366928101,0.986571192741394,0.9959612488746643,0.9830548167228699,0.9865500330924988,0.9891175031661987,0.984286904335022,0.9936252236366272,0.9983909726142883,0.9872817993164062,0.988952100276947,0.947100818157196,0.9901822209358215,0.9988623857498169,-0.9999963641166687,-0.9989951848983765,0.9999581575393677,0.9975450038909912,0.995783805847168,0.9964249730110168,0.9911603331565857,-0.9994646906852722,0.9863924980163574,-0.99639493227005,0.9999762177467346,0.9998500943183899,-0.9976988434791565,0.9975425004959106,-0.9999850392341614,-0.9981945753097534,0.989040195941925,0.9969667792320251,0.9948582649230957,0.9862912893295288,0.9903902411460876,0.988307535648346,0.9988345503807068,0.9983391761779785,-0.9999758005142212,0.9189859628677368,0.9898394346237183,0.9865996241569519,0.985578715801239,-0.9990708827972412,0.9978006482124329,0.9964280128479004,0.9988743662834167,0.9958625435829163,0.2813066244125366,-0.996929407119751,0.9998757839202881,0.9418476223945618,0.9946520328521729,0.994537353515625,0.9983736276626587,0.9997318387031555,0.999986469745636,0.9982283115386963,0.9897183179855347,0.9861765503883362,0.9987270832061768,0.9964954257011414,0.9752776026725769,-0.9998072981834412,-0.9994677305221558,0.9860095381736755
