1.0,0.9472403526306152,0.9417922496795654,0.9747457504272461,0.9479303956031799,0.9449121952056885,0.9459049701690674,0.946116030216217,0.9708380699157715,0.9445499181747437,0.9488823413848877,0.9451790452003479,0.9699079394340515,0.9466583728790283,0.947681725025177,0.9658823609352112,0.9424280524253845,0.9717143774032593,0.9451619386672974,0.9445362687110901,0.9441234469413757,0.9468846321105957,0.9457398653030396,0.9427304863929749,0.9402738213539124,0.9445762634277344,0.9747834205627441,0.9436554908752441,0.9423410892486572,0.9458485841751099,0.9410219192504883,0.9432491064071655,0.9728678464889526,0.9418540596961975,0.9416683316230774,0.945287823677063,0.9406320452690125,0.9334347248077393,0.9428518414497375,0.9499563574790955,0.9461054801940918,0.9455392956733704,0.9372094869613647,0.9383077621459961,0.9406368136405945,0.9373182058334351,0.9296689629554749,0.9415634870529175,0.9725474119186401,0.9735667705535889,0.9501649737358093,0.9434661269187927,0.9466217756271362,0.9477753639221191,0.9358086585998535,0.9717833399772644,0.9420472383499146,0.9719008803367615,0.9467873573303223,0.9438237547874451,0.971834659576416,0.9479973316192627,0.9721314907073975,0.975597083568573,0.9480173587799072,0.9465600252151489,0.9414990544319153,0.9471825957298279,0.94771409034729,0.9389957785606384,0.9467471837997437,0.9460927844047546,0.9710350036621094,0.9428364634513855,0.9452123045921326,0.9439314007759094,0.9427092671394348,0.9712172746658325,0.9453709125518799,0.9484767913818359,0.9346415996551514,0.946476936340332,0.9404599666595459,0.9729740023612976,0.9450027346611023,0.9424004554748535,0.9493312835693359,0.9431478977203369,0.9478434324264526,0.938852846622467,0.9432691931724548,0.9430735111236572,0.942232608795166,0.9457048177719116,0.9389497637748718,0.9433279037475586,0.9412338137626648,0.9682614803314209,0.9723530411720276,0.9484789371490479
0.9472403526306152,1.0,0.9799798130989075,0.9461128115653992,0.9846785068511963,0.9822483658790588,0.9838688373565674,0.9815206527709961,0.9407392144203186,0.9816912412643433,0.9865480661392212,0.9838778376579285,0.9441893696784973,0.9834799766540527,0.9857848882675171,0.9360718131065369,0.9782646298408508,0.9512425661087036,0.9798573851585388,0.9815762639045715,0.9819133281707764,0.9820035099983215,0.9832172989845276,0.9823657274246216,0.9747625589370728,0.9814020395278931,0.9457625150680542,0.9804596304893494,0.9801410436630249,0.9840371012687683,0.9788918495178223,0.9822043180465698,0.9421599507331848,0.9801178574562073,0.9795816540718079,0.9843572378158569,0.9781805872917175,0.9692808985710144,0.9806313514709473,0.9861899018287659,0.983975887298584,0.9843550324440002,0.9768105149269104,0.9758977293968201,0.9786522388458252,0.9769339561462402,0.9654320478439331,0.9786397814750671,0.9422673583030701,0.940585732460022,0.986909031867981,0.9812088012695312,0.9834122061729431,0.9861161708831787,0.9734671711921692,0.9428797364234924,0.9806153774261475,0.9434338212013245,0.984718918800354,0.9800211787223816,0.9430949687957764,0.9851277470588684,0.9449684619903564,0.9493650197982788,0.9838516116142273,0.9838265776634216,0.9782663583755493,0.9839152097702026,0.9848116636276245,0.9776195287704468,0.9850503206253052,0.9847124814987183,0.9396044611930847,0.9788547158241272,0.9837961196899414,0.9808434844017029,0.9799339771270752,0.9452909827232361,0.9831341505050659,0.9860662221908569,0.969875156879425,0.9833476543426514,0.9743927717208862,0.9480739235877991,0.9805769920349121,0.9791398048400879,0.987457811832428,0.9808960556983948,0.9843128323554993,0.9755300283432007,0.9803212881088257,0.9811060428619385,0.9792458415031433,0.9834921956062317,0.9760861992835999,0.981894850730896,0.9767230749130249,0.9399908781051636,0.9431561827659607,0.9852108955383301
0.9417922496795654,0.9799798130989075,1.0,0.9407147169113159,0.9800205230712891,0.9768229722976685,0.9787241220474243,0.9772469997406006,0.936509907245636,0.9767228364944458,0.9819849133491516,0.9792120456695557,0.9398710131645203,0.9791198372840881,0.9809041023254395,0.9320300221443176,0.974014937877655,0.946861982345581,0.9752588868141174,0.9770036339759827,0.9774609208106995,0.9775714874267578,0.9785659313201904,0.9779425263404846,0.9707930088043213,0.9769870042800903,0.9405716061592102,0.97581946849823,0.9753059148788452,0.9798330664634705,0.9754383563995361,0.9777003526687622,0.9371374249458313,0.9760006666183472,0.9754165410995483,0.9803528785705566,0.9728637337684631,0.9643707275390625,0.9762625098228455,0.9813537001609802,0.9785812497138977,0.979491651058197,0.9727665185928345,0.9713819622993469,0.9746170043945312,0.9723799824714661,0.9606361985206604,0.9737367033958435,0.938518762588501,0.9360708594322205,0.9820110201835632,0.9761348962783813,0.9786983728408813,0.9814212322235107,0.9682189226150513,0.9377802610397339,0.9758244156837463,0.9389355182647705,0.9799842834472656,0.9760823249816895,0.9377501010894775,0.9807794690132141,0.9397902488708496,0.9449135661125183,0.9796090126037598,0.9791039824485779,0.9737489223480225,0.9801677465438843,0.9799152612686157,0.9731740951538086,0.9801331758499146,0.9802936315536499,0.9353026151657104,0.9735114574432373,0.9788798093795776,0.9765951633453369,0.9762930274009705,0.9408026337623596,0.9785248041152954,0.981658935546875,0.965169370174408,0.9786781072616577,0.9700815677642822,0.943222165107727,0.9764714241027832,0.975259006023407,0.9827597141265869,0.9763299226760864,0.9800317287445068,0.9706762433052063,0.9756933450698853,0.9759528636932373,0.973859429359436,0.9785462021827698,0.9707499146461487,0.9775185585021973,0.9723889231681824,0.9350638389587402,0.9385999441146851,0.9802181124687195
0.9747457504272461,0.9461128115653992,0.9407147169113159,1.0,0.9472360610961914,0.9443668723106384,0.9458128809928894,0.9459848999977112,0.974716305732727,0.9434293508529663,0.9486966729164124,0.9452877640724182,0.9703174233436584,0.9463256597518921,0.94764643907547,0.9691115021705627,0.9427760243415833,0.9742838740348816,0.9456037282943726,0.9450029134750366,0.9440925121307373,0.9463905096054077,0.9453601837158203,0.942200779914856,0.9398359060287476,0.9444564580917358,0.9761592149734497,0.9435227513313293,0.9413657188415527,0.9463964700698853,0.9408501386642456,0.9416517615318298,0.9757086038589478,0.9417102932929993,0.9410440921783447,0.944473147392273,0.9400485754013062,0.9335873126983643,0.9424479603767395,0.9487531185150146,0.9456987380981445,0.9439508318901062,0.9363640546798706,0.9382122755050659,0.9412228465080261,0.9381292462348938,0.9291806817054749,0.940873920917511,0.9756795167922974,0.9747430682182312,0.9497628211975098,0.9421974420547485,0.9461746215820312,0.9472123980522156,0.9367830753326416,0.9736819267272949,0.9413279891014099,0.9748039841651917,0.9471220970153809,0.9430912137031555,0.9737812280654907,0.9470592141151428,0.9750458598136902,0.9771736860275269,0.9470136165618896,0.9463854432106018,0.9401792883872986,0.946770966053009,0.9470176100730896,0.9385622143745422,0.9452411532402039,0.9453244805335999,0.9730852842330933,0.942628800868988,0.9453951120376587,0.9444432258605957,0.9431940317153931,0.9752545356750488,0.945244550704956,0.9473804235458374,0.9334834218025208,0.9453393816947937,0.940082848072052,0.9732770919799805,0.9432453513145447,0.9413490295410156,0.9490159153938293,0.9419538378715515,0.9468656778335571,0.9389243721961975,0.9437482357025146,0.9437217116355896,0.9405800700187683,0.9455810189247131,0.938598096370697,0.9428243637084961,0.9408489465713501,0.9721646308898926,0.9735133051872253,0.9465892314910889
0.9479303956031799,0.9846785068511963,0.9800205230712891,0.9472360610961914,1.0,0.9818938970565796,0.9837363362312317,0.9813295006752014,0.9423722624778748,0.9808480739593506,0.9865112900733948,0.9836889505386353,0.9457566738128662,0.9833893775939941,0.985605001449585,0.9370248317718506,0.9793340563774109,0.9519000053405762,0.9797999262809753,0.9814976453781128,0.9819309711456299,0.9826763868331909,0.9829910397529602,0.9824790358543396,0.9751886129379272,0.9815632700920105,0.9463465213775635,0.9807960391044617,0.9802252650260925,0.9839820265769958,0.9792429208755493,0.9826380610466003,0.9428207874298096,0.9799337983131409,0.9798057675361633,0.9840415120124817,0.9779376983642578,0.9684625267982483,0.9805815815925598,0.9860563278198242,0.9837961196899414,0.9845112562179565,0.97688227891922,0.9760880470275879,0.9791561961174011,0.9770901203155518,0.9646690487861633,0.9782605767250061,0.9435170888900757,0.941474199295044,0.9867887496948242,0.9809870719909668,0.983569860458374,0.9857309460639954,0.9731454849243164,0.9438164234161377,0.9804761409759521,0.9448249936103821,0.9848309755325317,0.9801180958747864,0.9437848925590515,0.9852936267852783,0.9455516934394836,0.949805736541748,0.9841446876525879,0.9836493134498596,0.9783942699432373,0.9841658473014832,0.9846733808517456,0.9777783155441284,0.9850299954414368,0.9847044348716736,0.9413654804229736,0.9787899851799011,0.9826855659484863,0.9807382822036743,0.9801352620124817,0.9460122585296631,0.9829789400100708,0.9857402443885803,0.9702747464179993,0.9833924174308777,0.974216639995575,0.948574960231781,0.9809656739234924,0.9798961877822876,0.9875839948654175,0.9813582301139832,0.9844032526016235,0.9748743176460266,0.9799094200134277,0.9804410934448242,0.9789544343948364,0.9834872484207153,0.9755163788795471,0.9814367890357971,0.9771584272384644,0.9414986968040466,0.943497359752655,0.9845479726791382
0.9449121952056885,0.9822483658790588,0.9768229722976685,0.9443668723106384,0.9818938970565796,1.0,0.9816439747810364,0.979145884513855,0.9392459988594055,0.9790322780609131,0.984025776386261,0.9813981652259827,0.9425575137138367,0.9809157252311707,0.9830213189125061,0.9345285892486572,0.9758590459823608,0.9497084021568298,0.9776793122291565,0.9791099429130554,0.9788617491722107,0.9796352386474609,0.9806899428367615,0.979852020740509,0.9727368950843811,0.9793325662612915,0.944553554058075,0.978000819683075,0.97732013463974,0.9815741777420044,0.9760909080505371,0.9797055125236511,0.9408999681472778,0.9775567054748535,0.9773687124252319,0.9819459915161133,0.9748337864875793,0.9665679335594177,0.9775011539459229,0.9834403991699219,0.9809622764587402,0.9818270206451416,0.9750584959983826,0.9730486273765564,0.9763681888580322,0.9738935232162476,0.9626370668411255,0.9759564399719238,0.9413834810256958,0.9392274022102356,0.9842374324798584,0.9782781600952148,0.9804589748382568,0.9833940267562866,0.9707026481628418,0.9410698413848877,0.9782103896141052,0.9424002766609192,0.9825653433799744,0.9778801202774048,0.9405049681663513,0.9822978377342224,0.9437075257301331,0.9478222131729126,0.9810144901275635,0.9810768961906433,0.975858211517334,0.981586754322052,0.982119083404541,0.9752640128135681,0.9824585318565369,0.9819784164428711,0.9389446377754211,0.9769128561019897,0.9810512661933899,0.9781087636947632,0.9772092700004578,0.9445528984069824,0.9808935523033142,0.9839023947715759,0.9678272008895874,0.9807718396186829,0.9721056222915649,0.9462547302246094,0.978512167930603,0.97757887840271,0.984992265701294,0.9789662957191467,0.9819973111152649,0.9722825884819031,0.9771103858947754,0.9785436391830444,0.9770926833152771,0.9807627201080322,0.9728575944900513,0.9788604974746704,0.9747826457023621,0.9390064477920532,0.9417731761932373,0.9824866652488708
0.9459049701690674,0.9838688373565674,0.9787241220474243,0.9458128809928894,0.9837363362312317,0.9816439747810364,1.0,0.9814193248748779,0.941077470779419,0.9807438254356384,0.9857152104377747,0.9829793572425842,0.9438581466674805,0.9831771850585938,0.9850789904594421,0.9357407689094543,0.9778358340263367,0.9501089453697205,0.9807212352752686,0.9807022213935852,0.9810986518859863,0.9820706844329834,0.9828287959098816,0.9825461506843567,0.9740315079689026,0.9816796183586121,0.9450518488883972,0.9799256324768066,0.9796192646026611,0.9837580323219299,0.9787976741790771,0.9816998839378357,0.9415942430496216,0.9794080853462219,0.9787817597389221,0.9837837219238281,0.9773080348968506,0.9678092002868652,0.979856014251709,0.9855010509490967,0.9829424619674683,0.9839179515838623,0.9766838550567627,0.9751572608947754,0.9782112836837769,0.9764485955238342,0.9637283682823181,0.9769704937934875,0.9420165419578552,0.9389829635620117,0.9861733913421631,0.980333685874939,0.9830849170684814,0.985659658908844,0.9722707271575928,0.9418283700942993,0.9796183109283447,0.9435591101646423,0.9844695329666138,0.979379415512085,0.9421296119689941,0.9841529130935669,0.9443836212158203,0.9488151669502258,0.9834105968475342,0.9830166101455688,0.9778594970703125,0.9832797050476074,0.9847856760025024,0.9777244925498962,0.9843267798423767,0.9841521978378296,0.9400005340576172,0.9785090684890747,0.9825843572616577,0.9803863763809204,0.9797458648681641,0.9449727535247803,0.982435941696167,0.9853736758232117,0.9697306752204895,0.9823561310768127,0.9735627174377441,0.9474830627441406,0.9796513319015503,0.9792528748512268,0.9868141412734985,0.9805945158004761,0.9836549162864685,0.974337637424469,0.979481041431427,0.9800130128860474,0.9784770607948303,0.9826090335845947,0.9753187894821167,0.9806659817695618,0.9761027097702026,0.938819169998169,0.9423143863677979,0.9839735627174377
0.946116030216217,0.9815206527709961,0.9772469997406006,0.9459848999977112,0.9813295006752014,0.979145884513855,0.9814193248748779,1.0,0.9417971968650818,0.9783169031143188,0.9835798144340515,0.9807313084602356,0.9436860680580139,0.9807206392288208,0.9833224415779114,0.9362080097198486,0.9752106070518494,0.9507355093955994,0.9772335886955261,0.9783640503883362,0.9793363213539124,0.9799813628196716,0.9802972078323364,0.9801362156867981,0.9728016257286072,0.9789842963218689,0.944505512714386,0.9775591492652893,0.977496325969696,0.9813851118087769,0.975612223148346,0.9796956181526184,0.9424829483032227,0.9771326184272766,0.9768849015235901,0.981525182723999,0.9749183058738708,0.9660714268684387,0.977443516254425,0.983296275138855,0.9805856943130493,0.9814728498458862,0.9747207164764404,0.9722710251808167,0.9754754304885864,0.9738406538963318,0.9636768102645874,0.9755024909973145,0.9418609738349915,0.9399170279502869,0.9841771125793457,0.978473961353302,0.9805582761764526,0.9830359220504761,0.97043377161026,0.9411430358886719,0.9780052900314331,0.9441139698028564,0.9822226762771606,0.9777944087982178,0.9432092308998108,0.9823303818702698,0.94521164894104,0.9488067030906677,0.9812779426574707,0.9806792140007019,0.9756494760513306,0.9815184473991394,0.9817739725112915,0.9743587970733643,0.9818642735481262,0.9821146130561829,0.9396642446517944,0.9757340550422668,0.9810144901275635,0.9781305193901062,0.9771119356155396,0.9443109631538391,0.9800381660461426,0.9831429123878479,0.9669012427330017,0.9802424311637878,0.9718542098999023,0.946645975112915,0.9782953262329102,0.9771733283996582,0.9846507906913757,0.9780172109603882,0.9815739393234253,0.9720407128334045,0.9777567386627197,0.9774084687232971,0.9769309759140015,0.9804697632789612,0.9737778902053833,0.9787521958351135,0.9740576148033142,0.9392693042755127,0.9429323077201843,0.9815247654914856
0.9708380699157715,0.9407392144203186,0.936509907245636,0.974716305732727,0.9423722624778748,0.9392459988594055,0.941077470779419,0.9417971968650818,1.0,0.9392291903495789,0.9442079663276672,0.9408190846443176,0.9671764969825745,0.9417293071746826,0.9429877400398254,0.9650553464889526,0.9384962320327759,0.9719412922859192,0.9398945569992065,0.9390147924423218,0.9402676820755005,0.9415737986564636,0.9408738017082214,0.9389082789421082,0.9352211356163025,0.9405098557472229,0.9735913276672363,0.9387610554695129,0.9365299940109253,0.9421473145484924,0.936436116695404,0.937168538570404,0.9709371328353882,0.9375399351119995,0.9373180866241455,0.940034806728363,0.9347376823425293,0.9286781549453735,0.9382227659225464,0.9443581700325012,0.9416028261184692,0.9398747682571411,0.9307876229286194,0.9338058829307556,0.9349469542503357,0.9338621497154236,0.9248827695846558,0.9355247616767883,0.9705596566200256,0.9690941572189331,0.9452369809150696,0.9379733800888062,0.9418033361434937,0.9429479837417603,0.9319919347763062,0.9706723093986511,0.937084972858429,0.9722356796264648,0.942598819732666,0.9382315874099731,0.9703404903411865,0.9435834884643555,0.9704135060310364,0.9722165465354919,0.942538321018219,0.9416278600692749,0.9354920983314514,0.9421811699867249,0.9426776766777039,0.9341195225715637,0.9410986304283142,0.9416123032569885,0.9704431891441345,0.9384915828704834,0.9409885406494141,0.9395553469657898,0.9389970898628235,0.9709742665290833,0.9402579069137573,0.9434217810630798,0.9279115796089172,0.9421539902687073,0.9357749819755554,0.9698964357376099,0.9393144845962524,0.9371199607849121,0.9446516633033752,0.9372700452804565,0.9428030848503113,0.93437260389328,0.9390433430671692,0.9389423727989197,0.9374347925186157,0.940013587474823,0.9349463582038879,0.9382389187812805,0.936250627040863,0.9682896137237549,0.9693171977996826,0.9429449439048767
0.9445499181747437,0.9816912412643433,0.9767228364944458,0.9434293508529663,0.9808480739593506,0.9790322780609131,0.9807438254356384,0.9783169031143188,0.9392291903495789,1.0,0.983090341091156,0.9809755682945251,0.9416202306747437,0.9803329706192017,0.9829075932502747,0.9336320161819458,0.9751377701759338,0.9487360119819641,0.9771080613136292,0.9783318638801575,0.9788912534713745,0.9793652892112732,0.9802455306053162,0.9796413779258728,0.9727060794830322,0.9786971211433411,0.9429451823234558,0.9773358702659607,0.9766963720321655,0.9808099269866943,0.9754616022109985,0.9793300032615662,0.9394787549972534,0.97687166929245,0.9766226410865784,0.9813708066940308,0.9748031497001648,0.9661111831665039,0.9768962860107422,0.982847273349762,0.9798009395599365,0.9813214540481567,0.9736692905426025,0.9725490808486938,0.975833535194397,0.9740023612976074,0.9627471566200256,0.9751704335212708,0.9397536516189575,0.9379587173461914,0.9839553833007812,0.9777628779411316,0.9801105260848999,0.9827830195426941,0.9708725810050964,0.9395549893379211,0.9773830771446228,0.9405083656311035,0.9821969270706177,0.9775565266609192,0.9400141835212708,0.9820958375930786,0.9429484009742737,0.9469322562217712,0.9803666472434998,0.9807681441307068,0.9746690988540649,0.9809067845344543,0.9816919565200806,0.9742608666419983,0.9814547896385193,0.9817031621932983,0.9375584721565247,0.9757610559463501,0.9807033538818359,0.9774702191352844,0.9768837690353394,0.9428550601005554,0.9800159335136414,0.9831888675689697,0.9680156707763672,0.9795960187911987,0.9721023440361023,0.9447600841522217,0.977139413356781,0.9766691327095032,0.9840465188026428,0.9784272313117981,0.9815480709075928,0.9725106954574585,0.9765049815177917,0.9773027896881104,0.9762187004089355,0.9800657629966736,0.9724869132041931,0.9781039953231812,0.9736603498458862,0.9373508095741272,0.9395751357078552,0.9816527962684631
0.9488823413848877,0.9865480661392212,0.9819849133491516,0.9486966729164124,0.9865112900733948,0.984025776386261,0.9857152104377747,0.9835798144340515,0.9442079663276672,0.983090341091156,1.0,0.986272931098938,0.9460595846176147,0.9857314825057983,0.9878866672515869,0.9394646883010864,0.9806005954742432,0.9534086585044861,0.9817988276481628,0.9831869602203369,0.983502984046936,0.9838405847549438,0.9852287173271179,0.9845993518829346,0.9770211577415466,0.9838044047355652,0.9476432800292969,0.9818505048751831,0.9822890758514404,0.9859943389892578,0.9805061221122742,0.9843502640724182,0.9443793296813965,0.9825235605239868,0.9816988706588745,0.986282467842102,0.979718029499054,0.9711675047874451,0.9824421405792236,0.9876444935798645,0.9856612682342529,0.9863134026527405,0.979218065738678,0.9779364466667175,0.9802606105804443,0.9790559411048889,0.9669577479362488,0.9803213477134705,0.9450574517250061,0.9426575303077698,0.9888930320739746,0.9832532405853271,0.9851877093315125,0.9879013895988464,0.9750476479530334,0.9438648223876953,0.982105016708374,0.9459967017173767,0.9868693351745605,0.9817646741867065,0.9453039765357971,0.9871276021003723,0.9469837546348572,0.9515085816383362,0.9856480956077576,0.9857906103134155,0.9807153940200806,0.986384928226471,0.986973226070404,0.9796937108039856,0.9864394664764404,0.9869090914726257,0.9427415728569031,0.980766773223877,0.9853679537773132,0.9829979538917542,0.9824090003967285,0.9476203918457031,0.9852405190467834,0.9882867932319641,0.9717721939086914,0.9851399064064026,0.9764895439147949,0.9499789476394653,0.9827826023101807,0.9819398522377014,0.9892877340316772,0.9831275343894958,0.9866641759872437,0.9770009517669678,0.9818814992904663,0.9827182292938232,0.98134446144104,0.9850983023643494,0.977570116519928,0.9839122295379639,0.9786433577537537,0.9420433044433594,0.9457480907440186,0.9870309233665466
0.9451790452003479,0.9838778376579285,0.9792120456695557,0.9452877640724182,0.9836889505386353,0.9813981652259827,0.9829793572425842,0.9807313084602356,0.9408190846443176,0.9809755682945251,0.986272931098938,1.0,0.9440249800682068,0.9826282858848572,0.9850087761878967,0.935768723487854,0.9782221913337708,0.9501799941062927,0.9794101715087891,0.9805185198783875,0.9811148047447205,0.9817123413085938,0.9825930595397949,0.9821376204490662,0.9748181104660034,0.9815798997879028,0.9450118541717529,0.979844868183136,0.9791603088378906,0.9832751750946045,0.9781299233436584,0.9820217490196228,0.940909206867218,0.9806117415428162,0.9792124032974243,0.9831835031509399,0.9766212701797485,0.9693631529808044,0.9798120260238647,0.9851783514022827,0.9830271005630493,0.9837709069252014,0.9762921333312988,0.9749578833580017,0.9781703948974609,0.9766589403152466,0.9653070569038391,0.9772444367408752,0.941484272480011,0.9395373463630676,0.9860743880271912,0.9811075925827026,0.9824410676956177,0.9850537776947021,0.9729179739952087,0.9419154524803162,0.9803905487060547,0.9434058666229248,0.9845523834228516,0.9796745777130127,0.9416353106498718,0.9843686819076538,0.94428950548172,0.948851466178894,0.9834404587745667,0.9827774167060852,0.9776723384857178,0.9837783575057983,0.9843930602073669,0.9765768647193909,0.9842261075973511,0.983869194984436,0.9395270943641663,0.9778590798377991,0.9828366041183472,0.9798382520675659,0.9800959229469299,0.9446370601654053,0.9824801683425903,0.9855165481567383,0.9690878987312317,0.9829767346382141,0.9733894467353821,0.9467808604240417,0.9803738594055176,0.9803359508514404,0.9867584109306335,0.9803304076194763,0.9840237498283386,0.9744541049003601,0.9789980053901672,0.9801463484764099,0.9784530401229858,0.9830052852630615,0.9752063751220703,0.9814299941062927,0.9760202765464783,0.9400933384895325,0.942274808883667,0.984369158744812
0.9699079394340515,0.9441893696784973,0.9398710131645203,0.9703174233436584,0.9457566738128662,0.9425575137138367,0.9438581466674805,0.9436860680580139,0.9671764969825745,0.9416202306747437,0.9460595846176147,0.9440249800682068,1.0,0.9448562264442444,0.9462997317314148,0.9644412994384766,0.9403659701347351,0.9699065089225769,0.9427149295806885,0.9426515102386475,0.9421668648719788,0.9443150758743286,0.9440244436264038,0.9408924579620361,0.9380065202713013,0.9429393410682678,0.970106840133667,0.941457986831665,0.9405824542045593,0.9442669153213501,0.9390603303909302,0.9405990242958069,0.969698965549469,0.9405317306518555,0.9400730133056641,0.9433947205543518,0.9377971291542053,0.9321691393852234,0.9411771297454834,0.9471054077148438,0.9439960718154907,0.9423072338104248,0.9340139627456665,0.9363954067230225,0.9381809234619141,0.9365822076797485,0.9265558123588562,0.9390257596969604,0.9690527319908142,0.9689410924911499,0.9479389786720276,0.9411022663116455,0.9444122910499573,0.9458643794059753,0.9346627593040466,0.9682716131210327,0.9400222897529602,0.9689881801605225,0.9450489282608032,0.9407368302345276,0.9682822227478027,0.9463332891464233,0.9682178497314453,0.9739229679107666,0.9456960558891296,0.9439601302146912,0.9401373863220215,0.9453175067901611,0.9450532793998718,0.9367888569831848,0.9448800086975098,0.944661021232605,0.9680724143981934,0.9410294890403748,0.9430223703384399,0.9420967698097229,0.9414446353912354,0.9676455855369568,0.9432349801063538,0.9457573890686035,0.9333469271659851,0.9442156553268433,0.9384941458702087,0.9684332013130188,0.9435796737670898,0.9396713376045227,0.9475585222244263,0.9405502676963806,0.945307195186615,0.9380320906639099,0.9419376850128174,0.9410392045974731,0.9390555024147034,0.9439802765846252,0.9375222325325012,0.9410129189491272,0.9399080872535706,0.9663224816322327,0.9683393836021423,0.946441113948822
0.9466583728790283,0.9834799766540527,0.9791198372840881,0.9463256597518921,0.9833893775939941,0.9809157252311707,0.9831771850585938,0.9807206392288208,0.9417293071746826,0.9803329706192017,0.9857314825057983,0.9826282858848572,0.9448562264442444,1.0,0.9852070808410645,0.9359622597694397,0.9773686528205872,0.9508287906646729,0.9791420102119446,0.9806274771690369,0.9808154106140137,0.980963945388794,0.9823846220970154,0.9815376996994019,0.9749147891998291,0.9813719987869263,0.9451035857200623,0.9793515801429749,0.9793092608451843,0.9830896854400635,0.977849543094635,0.9816751480102539,0.9416002035140991,0.9793837666511536,0.9787152409553528,0.9834043979644775,0.976532518863678,0.9681933522224426,0.9803367257118225,0.9847636818885803,0.982822060585022,0.983333170413971,0.9763827323913574,0.9749518632888794,0.9780071973800659,0.9751912951469421,0.964205801486969,0.977342426776886,0.9418516159057617,0.939924955368042,0.9858061671257019,0.9804259538650513,0.9822689890861511,0.9849239587783813,0.9722626209259033,0.942103922367096,0.9796057939529419,0.9436181783676147,0.9842556715011597,0.9795165061950684,0.9420421719551086,0.984285295009613,0.9449310302734375,0.9501530528068542,0.982681930065155,0.9829317331314087,0.977537214756012,0.9837464094161987,0.9838297367095947,0.9769251942634583,0.9836977124214172,0.9838622212409973,0.9407508969306946,0.9779914617538452,0.9821605086326599,0.9800351858139038,0.979222297668457,0.9450962543487549,0.9823896288871765,0.985334038734436,0.9691476225852966,0.982125997543335,0.9739711880683899,0.9480002522468567,0.980105996131897,0.9790452122688293,0.9867628216743469,0.9805988073348999,0.9833951592445374,0.9745182394981384,0.9790888428688049,0.9798315763473511,0.9779292345046997,0.9827104806900024,0.9745001792907715,0.98080974817276,0.9760741591453552,0.9397659301757812,0.9431295990943909,0.9839887022972107
0.947681725025177,0.9857848882675171,0.9809041023254395,0.94764643907547,0.985605001449585,0.9830213189125061,0.9850789904594421,0.9833224415779114,0.9429877400398254,0.9829075932502747,0.9878866672515869,0.9850087761878967,0.9462997317314148,0.9852070808410645,1.0,0.9381546378135681,0.9794986844062805,0.9529227614402771,0.9804700613021851,0.9826343655586243,0.9829163551330566,0.983858585357666,0.9845484495162964,0.9837743043899536,0.9764831066131592,0.983091413974762,0.9467484951019287,0.9820075631141663,0.9812629222869873,0.9853432178497314,0.9796829223632812,0.9834810495376587,0.9426777958869934,0.9819130897521973,0.9811596870422363,0.9856840968132019,0.978647768497467,0.9698934555053711,0.9818944334983826,0.9865515232086182,0.9850736260414124,0.9853852391242981,0.9778932929039001,0.9771127700805664,0.9803900718688965,0.9780094623565674,0.9665700197219849,0.9797053337097168,0.943682074546814,0.9415521621704102,0.9882076382637024,0.9823638796806335,0.9843848347663879,0.987110435962677,0.9745550155639648,0.942876398563385,0.9817899465560913,0.944493293762207,0.9863976240158081,0.982106626033783,0.94340980052948,0.9867360591888428,0.9466878771781921,0.9502288699150085,0.9853935837745667,0.985084056854248,0.9799074530601501,0.9853997230529785,0.9855704307556152,0.9787070155143738,0.9859527349472046,0.9858558773994446,0.9413905739784241,0.980186402797699,0.9844790697097778,0.9820154309272766,0.9809390902519226,0.9450764656066895,0.9844925999641418,0.9870298504829407,0.9713911414146423,0.9847223162651062,0.9755728840827942,0.9481201171875,0.9819778203964233,0.9814577698707581,0.9888008236885071,0.9823592901229858,0.985674262046814,0.975737452507019,0.9808375239372253,0.9820752739906311,0.9805187582969666,0.9847080111503601,0.9771548509597778,0.9827785491943359,0.9782751798629761,0.9410678148269653,0.9442538619041443,0.986068606376648
0.9658823609352112,0.9360718131065369,0.9320300221443176,0.9691115021705627,0.9370248317718506,0.9345285892486572,0.9357407689094543,0.9362080097198486,0.9650553464889526,0.9336320161819458,0.9394646883010864,0.935768723487854,0.9644412994384766,0.9359622597694397,0.9381546378135681,1.0,0.9335592985153198,0.9666048884391785,0.9354324340820312,0.9352518320083618,0.9342390298843384,0.937526285648346,0.9359169602394104,0.9335824251174927,0.9291173219680786,0.9351670742034912,0.9676296710968018,0.9334913492202759,0.9319155812263489,0.9359269738197327,0.9306976199150085,0.9323983192443848,0.9683626890182495,0.932727575302124,0.9316174983978271,0.9351695775985718,0.9301639199256897,0.9232047200202942,0.9332975745201111,0.9395449757575989,0.935624361038208,0.9345923066139221,0.9271175861358643,0.9287899136543274,0.9310016632080078,0.9281343221664429,0.9212219715118408,0.9310174584388733,0.9671109318733215,0.9670076370239258,0.9403941035270691,0.9322082996368408,0.937059760093689,0.9378224015235901,0.9261049628257751,0.9659110903739929,0.9319199323654175,0.9657241106033325,0.9365760087966919,0.9334193468093872,0.9644980430603027,0.9380549788475037,0.9658311605453491,0.9682586193084717,0.9376403093338013,0.9362475872039795,0.9310675263404846,0.9369205236434937,0.9368100166320801,0.9283460378646851,0.9366625547409058,0.9365752339363098,0.9646490216255188,0.9331074953079224,0.9360453486442566,0.9355696439743042,0.9335155487060547,0.9667525887489319,0.9346030354499817,0.9382711052894592,0.9241668581962585,0.9366478323936462,0.9302409887313843,0.9662063121795654,0.9342296719551086,0.931803286075592,0.9393813610076904,0.9327692985534668,0.936856210231781,0.9296619892120361,0.9349133968353271,0.9338633418083191,0.9309801459312439,0.934848964214325,0.9291054606437683,0.9327291250228882,0.9313710331916809,0.9627711176872253,0.9669538736343384,0.9379210472106934
0.9424280524253845,0.9782646298408508,0.974014937877655,0.9427760243415833,0.9793340563774109,0.9758590459823608,0.9778358340263367,0.9752106070518494,0.9384962320327759,0.9751377701759338,0.9806005954742432,0.9782221913337708,0.9403659701347351,0.9773686528205872,0.9794986844062805,0.9335592985153198,1.0,0.9479384422302246,0.9738925695419312,0.9758102297782898,0.9758134484291077,0.9761661291122437,0.977133572101593,0.9767086505889893,0.9688367247581482,0.9758234024047852,0.9416026473045349,0.9747045636177063,0.9741626381874084,0.9782783389091492,0.9731497168540955,0.9763226509094238,0.9391342401504517,0.9749230146408081,0.9735984206199646,0.9786810874938965,0.9717299938201904,0.9628647565841675,0.974506676197052,0.9801900386810303,0.9778941869735718,0.9781620502471924,0.9712209105491638,0.9708247780799866,0.9735771417617798,0.9721124768257141,0.959368109703064,0.9723597168922424,0.9389272928237915,0.9365876317024231,0.9809425473213196,0.9754220843315125,0.977454423904419,0.9799087047576904,0.9674628973007202,0.9380176067352295,0.9745529294013977,0.9409692287445068,0.9795191287994385,0.9743946194648743,0.9381792545318604,0.9792404174804688,0.9411352872848511,0.9453748464584351,0.9785242080688477,0.9779869318008423,0.9733622670173645,0.9783762693405151,0.9789755940437317,0.972011923789978,0.9791461229324341,0.9786852598190308,0.9359199404716492,0.972256064414978,0.9778739809989929,0.9745988249778748,0.9736682176589966,0.9408341646194458,0.9779447913169861,0.9807862043380737,0.9634010195732117,0.9774917364120483,0.9689420461654663,0.943964421749115,0.9749225378036499,0.9739667773246765,0.9816803932189941,0.9755758047103882,0.9782429933547974,0.9683437943458557,0.9742414951324463,0.9747639298439026,0.9737364053726196,0.9771130681037903,0.969841718673706,0.9763203263282776,0.9720401167869568,0.9362821578979492,0.9391365647315979,0.9783175587654114
0.9717143774032593,0.9512425661087036,0.946861982345581,0.9742838740348816,0.9519000053405762,0.9497084021568298,0.9501089453697205,0.9507355093955994,0.9719412922859192,0.9487360119819641,0.9534086585044861,0.9501799941062927,0.9699065089225769,0.9508287906646729,0.9529227614402771,0.9666048884391785,0.9479384422302246,1.0,0.94935542345047,0.9491719603538513,0.9486448168754578,0.9521369338035583,0.9500316381454468,0.9475324749946594,0.9438562393188477,0.9497261643409729,0.9744754433631897,0.9483454823493958,0.9470969438552856,0.9510309100151062,0.9463483691215515,0.9475880265235901,0.9740440845489502,0.9481350779533386,0.9467737078666687,0.9511775970458984,0.9451406002044678,0.9381635189056396,0.9480510950088501,0.9537903070449829,0.9500603675842285,0.949917197227478,0.9412510395050049,0.9436556100845337,0.9448338747024536,0.9424000382423401,0.9340832233428955,0.9457082152366638,0.9715537428855896,0.9707467555999756,0.955043375492096,0.9467196464538574,0.9515411853790283,0.9529929757118225,0.9409964084625244,0.9710716605186462,0.9480990171432495,0.9721980690956116,0.9517831802368164,0.9484069347381592,0.9714199900627136,0.9526801705360413,0.9726610779762268,0.9751046299934387,0.9515633583068848,0.9516561627388,0.9461345076560974,0.9522591233253479,0.9520692229270935,0.944184422492981,0.9510257244110107,0.9507001638412476,0.9708355665206909,0.9478146433830261,0.9512206315994263,0.948474109172821,0.9484835863113403,0.9708882570266724,0.9507359266281128,0.9525521397590637,0.9388230443000793,0.9515491127967834,0.944909930229187,0.972136378288269,0.9487042427062988,0.9465433955192566,0.9543006420135498,0.9474499821662903,0.9523115158081055,0.9439767003059387,0.9484956860542297,0.9476767778396606,0.9467083811759949,0.9500151872634888,0.9435451626777649,0.9475642442703247,0.9465774893760681,0.9700236320495605,0.9710817933082581,0.9520813822746277
0.9451619386672974,0.9798573851585388,0.9752588868141174,0.9456037282943726,0.9797999262809753,0.9776793122291565,0.9807212352752686,0.9772335886955261,0.9398945569992065,0.9771080613136292,0.9817988276481628,0.9794101715087891,0.9427149295806885,0.9791420102119446,0.9804700613021851,0.9354324340820312,0.9738925695419312,0.94935542345047,1.0,0.9787043929100037,0.9774478077888489,0.9779417514801025,0.9784111380577087,0.9786247611045837,0.9706076979637146,0.9772278070449829,0.9443579912185669,0.9764134883880615,0.9758821129798889,0.9794221520423889,0.9748046398162842,0.9780619740486145,0.9411036968231201,0.9755356311798096,0.9755826592445374,0.9793578386306763,0.9734996557235718,0.9642881155014038,0.9764485359191895,0.9812139868736267,0.9788855910301208,0.9801035523414612,0.9732134342193604,0.9716488122940063,0.9742525219917297,0.9728213548660278,0.9602950215339661,0.9731261134147644,0.9403785467147827,0.9390115737915039,0.9822434186935425,0.976621687412262,0.9785390496253967,0.9810799956321716,0.9689540266990662,0.9415034055709839,0.9757893681526184,0.9431009888648987,0.9804913401603699,0.9751925468444824,0.9417772889137268,0.9803227186203003,0.9436237812042236,0.9473050236701965,0.9793106317520142,0.9790303111076355,0.9732956886291504,0.9793123006820679,0.9804821014404297,0.9733423590660095,0.9797331094741821,0.9800751209259033,0.9385619163513184,0.9748162627220154,0.9788543581962585,0.9765679240226746,0.9756976366043091,0.9442316889762878,0.9783928990364075,0.981492280960083,0.9665889739990234,0.9787772297859192,0.9706517457962036,0.9461215734481812,0.9756225347518921,0.975142776966095,0.9834354519844055,0.9758164286613464,0.9799537062644958,0.9705811738967896,0.9758267998695374,0.9759774804115295,0.974311113357544,0.9787799715995789,0.9718877077102661,0.9771138429641724,0.972635805606842,0.9398409128189087,0.9423838257789612,0.9806370139122009
0.9445362687110901,0.9815762639045715,0.9770036339759827,0.9450029134750366,0.9814976453781128,0.9791099429130554,0.9807022213935852,0.9783640503883362,0.9390147924423218,0.9783318638801575,0.9831869602203369,0.9805185198783875,0.9426515102386475,0.9806274771690369,0.9826343655586243,0.9352518320083618,0.9758102297782898,0.9491719603538513,0.9787043929100037,1.0,0.9790356755256653,0.9792967438697815,0.9801387786865234,0.9794302582740784,0.9731907844543457,0.9791712760925293,0.9432221055030823,0.9777067303657532,0.9770830869674683,0.9814662337303162,0.9759912490844727,0.9797529578208923,0.9398865103721619,0.9767282009124756,0.9767392873764038,0.9809542298316956,0.9746719598770142,0.9657707214355469,0.976926863193512,0.9830871224403381,0.9803776144981384,0.981554388999939,0.9748105406761169,0.9727433323860168,0.9760296940803528,0.974734902381897,0.9621771574020386,0.9755344986915588,0.9402395486831665,0.9389556050300598,0.9835600256919861,0.9783538579940796,0.9803093075752258,0.9828920960426331,0.9703363180160522,0.9401874542236328,0.9781538844108582,0.9415451884269714,0.9819010496139526,0.9776843786239624,0.9403107166290283,0.9820491075515747,0.9426542520523071,0.9473416209220886,0.9805654287338257,0.9808946847915649,0.9757960438728333,0.9809919595718384,0.9816569089889526,0.9739761352539062,0.9819169044494629,0.98211669921875,0.9386889338493347,0.9756813645362854,0.9801556468009949,0.9774699807167053,0.9771413207054138,0.9429956078529358,0.9802793860435486,0.9831187129020691,0.9674790501594543,0.9800975322723389,0.9715861678123474,0.9465193748474121,0.9780165553092957,0.9769373536109924,0.9843958020210266,0.9779583215713501,0.9817755818367004,0.9722446203231812,0.977358341217041,0.978160560131073,0.9751256704330444,0.9806647896766663,0.9727964401245117,0.9784572124481201,0.9741278886795044,0.9381687641143799,0.9402682781219482,0.9814678430557251
0.9441234469413757,0.9819133281707764,0.9774609208106995,0.9440925121307373,0.9819309711456299,0.9788617491722107,0.9810986518859863,0.9793363213539124,0.9402676820755005,0.9788912534713745,0.983502984046936,0.9811148047447205,0.9421668648719788,0.9808154106140137,0.9829163551330566,0.9342390298843384,0.9758134484291077,0.9486448168754578,0.9774478077888489,0.9790356755256653,1.0,0.9804186224937439,0.9806118011474609,0.9805924296379089,0.9724210500717163,0.9794760346412659,0.943712055683136,0.9778774976730347,0.9776946902275085,0.9812256693840027,0.9766838550567627,0.9795778393745422,0.9401634335517883,0.9770247936248779,0.9768723845481873,0.9813687801361084,0.9756909012794495,0.9664156436920166,0.9782297611236572,0.9834536910057068,0.980566680431366,0.9814121723175049,0.9747306108474731,0.9734975099563599,0.9763457179069519,0.9745543599128723,0.963448703289032,0.9754859805107117,0.9405600428581238,0.9379473924636841,0.9841442704200745,0.9784749746322632,0.9807151556015015,0.9832627177238464,0.971197247505188,0.9408122301101685,0.9783738255500793,0.9413198232650757,0.9824795722961426,0.977616012096405,0.9411900639533997,0.982519805431366,0.942489743232727,0.9463882446289062,0.9808809161186218,0.9810818433761597,0.9758482575416565,0.9816803336143494,0.982003390789032,0.9746432900428772,0.9817920327186584,0.9817655086517334,0.9377076625823975,0.9766285419464111,0.9808080792427063,0.9787057042121887,0.9773203134536743,0.94346022605896,0.9808119535446167,0.9833739995956421,0.9671863913536072,0.9806782007217407,0.9718020558357239,0.9453846216201782,0.978283166885376,0.977209210395813,0.9848331212997437,0.9782425165176392,0.98124098777771,0.9721836447715759,0.9777235388755798,0.9782028794288635,0.9767298698425293,0.9806746244430542,0.9733359217643738,0.979085385799408,0.9747030735015869,0.9382705092430115,0.9398430585861206,0.982036292552948
