1.0,-0.995911180973053,-0.8901634812355042,0.9992654323577881,-0.9587563276290894,-0.9779618978500366,-0.536903977394104,-0.9150277376174927,0.9990559220314026,-0.9771024584770203,-0.9887100458145142,-0.9127029776573181,0.9985740184783936,-0.8937389850616455,-0.9933769106864929,0.9917292594909668,-0.6815783977508545,0.9977559447288513,-0.9864749908447266,-0.9509536623954773,-0.984362781047821,-0.958128809928894,-0.9826843738555908,-0.9529717564582825,-0.9855782389640808,-0.6140791177749634,0.9998689889907837,-0.9283644556999207,-0.977364182472229,-0.9721631407737732,-0.9749208688735962,-0.9142157435417175,0.9993298649787903,-0.9893133640289307,-0.9927992224693298,-0.9846873879432678,-0.9423813223838806,-0.2768058776855469,-0.9785120487213135,-0.9495726227760315,-0.9587609171867371,-0.9494752287864685,-0.9049979448318481,-0.20263361930847168,-0.8668665885925293,-0.7932054400444031,-0.9646878242492676,-0.9885613918304443,0.9989645481109619,0.9993113875389099,-0.9829012155532837,-0.993532657623291,-0.9796555042266846,-0.8671034574508667,-0.2281864434480667,0.9975038170814514,-0.9830008149147034,0.9989560842514038,-0.967475950717926,-0.9556447863578796,0.9996846914291382,-0.9914509654045105,0.9991881847381592,0.9993176460266113,-0.8982775807380676,-0.9826192259788513,-0.7901983857154846,-0.9480999708175659,-0.9807682633399963,-0.9644699096679688,-0.8237078189849854,-0.9864338636398315,0.9993395209312439,-0.8718825578689575,-0.9934506416320801,-0.9906436800956726,-0.8016817569732666,0.9984724521636963,-0.9678095579147339,-0.9502598643302917,-0.27546408772468567,-0.9051271080970764,-0.8866369128227234,0.9997215867042542,-0.9341747164726257,-0.9802425503730774,-0.9867420196533203,-0.6833812594413757,-0.979995846748352,-0.9433430433273315,-0.9520152807235718,-0.9426522850990295,-0.9233151078224182,-0.9855242371559143,-0.94953852891922,-0.9857425093650818,-0.972040593624115,0.9975714087486267,0.9995021224021912,-0.978733479976654
-0.995911180973053,1.0,0.870100200176239,-0.9948893785476685,0.9708684086799622,0.9862632155418396,0.4861014485359192,0.9328858256340027,-0.9948981404304504,0.9902384877204895,0.9918418526649475,0.9402868747711182,-0.9983395934104919,0.9231050610542297,0.9917297959327698,-0.9951114058494568,0.7373925447463989,-0.9922565221786499,0.994789183139801,0.9687778353691101,0.990888774394989,0.9627683758735657,0.9790831208229065,0.9689433574676514,0.9784737825393677,0.5694679617881775,-0.9965074062347412,0.952662467956543,0.9759540557861328,0.9866238832473755,0.9869951009750366,0.9030503630638123,-0.996855616569519,0.9954150319099426,0.996828556060791,0.9904022812843323,0.9653952717781067,0.25458818674087524,0.9812924861907959,0.945071280002594,0.9788796901702881,0.9723742604255676,0.8776251077651978,0.18863020837306976,0.8934915065765381,0.7653761506080627,0.9570838809013367,0.9960271716117859,-0.9935345649719238,-0.9948123693466187,0.9828696846961975,0.9931117296218872,0.9776818156242371,0.8291205763816833,0.15027347207069397,-0.9973258972167969,0.9945420026779175,-0.9918193817138672,0.9831953644752502,0.9556787610054016,-0.9945192337036133,0.9908179044723511,-0.9978920221328735,-0.9952926635742188,0.9130094051361084,0.9802210330963135,0.7707198858261108,0.966099739074707,0.9887009263038635,0.9813728928565979,0.8643363118171692,0.9902057647705078,-0.9960362315177917,0.8670822978019714,0.9981381297111511,0.9971644878387451,0.7604811191558838,-0.9956075549125671,0.9700849652290344,0.9599748253822327,0.24741725623607635,0.8942509889602661,0.9216890931129456,-0.9960522055625916,0.9507807493209839,0.9901860356330872,0.9916045069694519,0.7326593995094299,0.993655800819397,0.9134054183959961,0.9621858596801758,0.9538273215293884,0.8949996829032898,0.9828985333442688,0.9594287276268005,0.9922221899032593,0.9730131030082703,-0.9990983009338379,-0.9949584603309631,0.9595124125480652
-0.8901634812355042,0.870100200176239,1.0,-0.8877345323562622,0.8880618810653687,0.8606753349304199,0.8125876784324646,0.7851212024688721,-0.8869796395301819,0.859734058380127,0.8899071216583252,0.7090888023376465,-0.8845654129981995,0.6440930366516113,0.8870250582695007,-0.8366639018058777,0.3683326244354248,-0.9093393087387085,0.8724796772003174,0.7801711559295654,0.8517656326293945,0.8986320495605469,0.9076159596443176,0.8774453997612,0.9032588005065918,0.8466099500656128,-0.8938659429550171,0.8382995128631592,0.8223636746406555,0.8122296929359436,0.8858513236045837,0.8948743343353271,-0.8946148157119751,0.8677030205726624,0.8755585551261902,0.8866782784461975,0.7289242148399353,0.01269495114684105,0.838772177696228,0.9398128986358643,0.8185543417930603,0.8266697525978088,0.7469442486763,0.01390712521970272,0.7326186895370483,0.7548523545265198,0.9703477621078491,0.8626280426979065,-0.8891347646713257,-0.894839882850647,0.8643474578857422,0.8725607395172119,0.8881855607032776,0.7331097722053528,0.334401398897171,-0.8904753923416138,0.8338556289672852,-0.8946702480316162,0.8182669878005981,0.925643265247345,-0.8869795203208923,0.9124442934989929,-0.8871082663536072,-0.8947943449020386,0.8915695548057556,0.8219424486160278,0.6503480672836304,0.8265418410301208,0.8638164401054382,0.8577560782432556,0.5257306694984436,0.866892397403717,-0.8833593130111694,0.7888148427009583,0.8769487738609314,0.885360598564148,0.9342321157455444,-0.8826072812080383,0.8534117937088013,0.9205883145332336,0.48770883679389954,0.9679091572761536,0.7289664149284363,-0.8817594051361084,0.6819420456886292,0.8070344924926758,0.8740045428276062,0.39590907096862793,0.8494419455528259,0.9377902746200562,0.9062377214431763,0.8020804524421692,0.8227669596672058,0.8379697203636169,0.7164108157157898,0.8855039477348328,0.9012423157691956,-0.8771354556083679,-0.8800258040428162,0.947860598564148
0.9992654323577881,-0.9948893785476685,-0.8877345323562622,1.0,-0.9563388228416443,-0.9709737300872803,-0.5438169240951538,-0.9123767614364624,0.9999829530715942,-0.9759737849235535,-0.9897995591163635,-0.9147067666053772,0.9988323450088501,-0.8930919766426086,-0.9962078332901001,0.9903096556663513,-0.6761711835861206,0.9986373782157898,-0.983769416809082,-0.9520585536956787,-0.9859594106674194,-0.9580864310264587,-0.9877232909202576,-0.954357385635376,-0.9869700074195862,-0.6104634404182434,0.999218761920929,-0.9215468168258667,-0.9826223254203796,-0.9742758870124817,-0.9718984365463257,-0.9017110466957092,0.9991686940193176,-0.9906570911407471,-0.9937891960144043,-0.9842033982276917,-0.9393580555915833,-0.25628864765167236,-0.9775860905647278,-0.9506428837776184,-0.9534628391265869,-0.9471721053123474,-0.9089216589927673,-0.22947824001312256,-0.8731263875961304,-0.8019261956214905,-0.9625263810157776,-0.9902864694595337,0.9998440742492676,0.9993427395820618,-0.988818883895874,-0.9966162443161011,-0.9804362654685974,-0.8705652952194214,-0.2377697378396988,0.9972386956214905,-0.982890784740448,0.9994567036628723,-0.968471348285675,-0.9583219885826111,0.9993318319320679,-0.9924685955047607,0.9990180134773254,0.9984866380691528,-0.9003589749336243,-0.9837184548377991,-0.7948381900787354,-0.9486141204833984,-0.9840149879455566,-0.9610521197319031,-0.8218710422515869,-0.981225311756134,0.9999054074287415,-0.8762229084968567,-0.9936184287071228,-0.9895356893539429,-0.795049250125885,0.9994534850120544,-0.9759002923965454,-0.9458985924720764,-0.25908446311950684,-0.9038102626800537,-0.8877874612808228,0.9994174242019653,-0.9377460479736328,-0.9794657826423645,-0.9902329444885254,-0.6736941337585449,-0.9788041114807129,-0.9458540678024292,-0.9553527235984802,-0.9506535530090332,-0.9177073240280151,-0.9811522960662842,-0.946148157119751,-0.9869496822357178,-0.9629952311515808,0.9977532625198364,0.9988929629325867,-0.9767369031906128
-0.9587563276290894,0.9708684086799622,0.8880618810653687,-0.9563388228416443,1.0,0.9623823761940002,0.47526267170906067,0.8757814168930054,-0.9566213488578796,0.9913279414176941,0.9565313458442688,0.8939075469970703,-0.9661437273025513,0.8642814755439758,0.952068030834198,-0.9628928303718567,0.7027636766433716,-0.9610995054244995,0.9668383002281189,0.9181066751480103,0.9456854462623596,0.925564706325531,0.9585500359535217,0.9662972092628479,0.9234704375267029,0.6459373235702515,-0.9626358151435852,0.9793335199356079,0.9077972769737244,0.9515088796615601,0.9936051964759827,0.921520471572876,-0.9667201638221741,0.9613722562789917,0.9623241424560547,0.991976261138916,0.9427656531333923,0.12719503045082092,0.9156807661056519,0.9129041433334351,0.9710235595703125,0.9854996204376221,0.8122467398643494,0.1778511255979538,0.9425015449523926,0.6341040730476379,0.946333110332489,0.9696062207221985,-0.955772876739502,-0.9545613527297974,0.9477043747901917,0.9536070823669434,0.9219067692756653,0.6934912800788879,-0.009138261899352074,-0.9749455451965332,0.9610356688499451,-0.9500278234481812,0.9473037719726562,0.9281620383262634,-0.9517385959625244,0.9613447189331055,-0.9670611023902893,-0.9656017422676086,0.9160779118537903,0.9048771262168884,0.6091009974479675,0.9332021474838257,0.9582855105400085,0.9929913878440857,0.8237584233283997,0.9766572117805481,-0.9576822519302368,0.7642972469329834,0.9798865914344788,0.9856079816818237,0.7814552783966064,-0.9537606835365295,0.9441577792167664,0.9600880146026611,0.39263367652893066,0.9439901113510132,0.9542820453643799,-0.9583011865615845,0.8947452306747437,0.9659498929977417,0.9677474498748779,0.761279284954071,0.9761084318161011,0.8847540020942688,0.9642374515533447,0.9048924446105957,0.8465706706047058,0.9490411877632141,0.8858679533004761,0.9658262729644775,0.9629815220832825,-0.9691014885902405,-0.9560884833335876,0.9226155877113342
-0.9779618978500366,0.9862632155418396,0.8606753349304199,-0.9709737300872803,0.9623823761940002,1.0,0.44586655497550964,0.945325493812561,-0.9702666401863098,0.9784133434295654,0.9740134477615356,0.9303779006004333,-0.9779996275901794,0.9227980375289917,0.9628588557243347,-0.9794018268585205,0.7674123644828796,-0.9678916931152344,0.9928067922592163,0.9588054418563843,0.9722136855125427,0.9567328095436096,0.9389792680740356,0.956237256526947,0.9577234387397766,0.5477285981178284,-0.9785131216049194,0.9708800315856934,0.9388071298599243,0.9668444395065308,0.9840776324272156,0.9244457483291626,-0.9769003391265869,0.9758798480033875,0.9775359630584717,0.9718120098114014,0.9638271927833557,0.31203076243400574,0.9737936854362488,0.9318735599517822,0.9893549680709839,0.9703177809715271,0.8229460120201111,0.04504218325018883,0.8508808016777039,0.7249435782432556,0.9503949284553528,0.9736572504043579,-0.9681419730186462,-0.9749436974525452,0.9404901266098022,0.9623677134513855,0.9629356265068054,0.7886148691177368,0.09573277831077576,-0.9775259494781494,0.9819338917732239,-0.9681991338729858,0.9706215858459473,0.9361381530761719,-0.9751805663108826,0.9710237979888916,-0.9782276749610901,-0.9765687584877014,0.9045799374580383,0.9598497152328491,0.7485352754592896,0.9604935050010681,0.9629497528076172,0.9808130860328674,0.8685599565505981,0.9898402690887451,-0.9731022119522095,0.850153386592865,0.9786249995231628,0.9841153621673584,0.7526666522026062,-0.9723197817802429,0.9194079041481018,0.9700068831443787,0.2751084566116333,0.8739848136901855,0.907749354839325,-0.9758546948432922,0.9209418296813965,0.9733878374099731,0.960989773273468,0.7611654996871948,0.985569417476654,0.8719780445098877,0.939286470413208,0.9140986800193787,0.880409300327301,0.9751973748207092,0.958281397819519,0.9744147062301636,0.9911081194877625,-0.9792185425758362,-0.9753093123435974,0.9438164234161377
-0.536903977394104,0.4861014485359192,0.8125876784324646,-0.5438169240951538,0.47526267170906067,0.44586655497550964,1.0,0.44513756036758423,-0.5432560443878174,0.44263967871665955,0.5559964179992676,0.3062947392463684,-0.5249677896499634,0.20306897163391113,0.5627590417861938,-0.42762327194213867,-0.14514748752117157,-0.5793524980545044,0.4894436001777649,0.4028451144695282,0.5016867518424988,0.6074833273887634,0.6039871573448181,0.5273137092590332,0.6200832724571228,0.7812720537185669,-0.5399659276008606,0.3879950940608978,0.5097329020500183,0.4246656596660614,0.4784809648990631,0.5102320313453674,-0.5394009947776794,0.5098475813865662,0.5203453302383423,0.492420494556427,0.24642057716846466,-0.25993627309799194,0.49879202246665955,0.7029939889907837,0.3696404695510864,0.3845318853855133,0.4515715539455414,-0.05043032020330429,0.30236151814460754,0.7307610511779785,0.6960998773574829,0.491740882396698,-0.5471470952033997,-0.5560851097106934,0.542543888092041,0.5347475409507751,0.5931934714317322,0.5729713439941406,0.6837872862815857,-0.5210670232772827,0.4393939971923828,-0.5622301697731018,0.43652093410491943,0.6683710813522339,-0.5416359305381775,0.5899473428726196,-0.5251884460449219,-0.5358158349990845,0.6213741302490234,0.48812440037727356,0.5432083606719971,0.4695200026035309,0.5184423923492432,0.4248764216899872,0.020874012261629105,0.4452211260795593,-0.5333618521690369,0.6223174929618835,0.4942411780357361,0.49670469760894775,0.7747049331665039,-0.5401749014854431,0.5390365719795227,0.5806897282600403,0.3235339820384979,0.6882026791572571,0.25941383838653564,-0.5238660573959351,0.25271448493003845,0.3735528886318207,0.5244472026824951,-0.2046569436788559,0.44427546858787537,0.7209329009056091,0.5927495360374451,0.49780768156051636,0.4982195496559143,0.4253937900066376,0.2875167727470398,0.5378379821777344,0.5048988461494446,-0.5072863698005676,-0.5208476185798645,0.6763530969619751
-0.9150277376174927,0.9328858256340027,0.7851212024688721,-0.9123767614364624,0.8757814168930054,0.945325493812561,0.44513756036758423,1.0,-0.9123159646987915,0.9167091250419617,0.9540402889251709,0.9683365225791931,-0.9231723546981812,0.9504427313804626,0.9287306666374207,-0.9058499932289124,0.8150272369384766,-0.9082017540931702,0.9603819251060486,0.9812041521072388,0.9623463749885559,0.9736803770065308,0.8907769918441772,0.9531704783439636,0.9410077333450317,0.3493916690349579,-0.915903627872467,0.9174034595489502,0.9297462701797485,0.9558330178260803,0.9228847026824951,0.7623655200004578,-0.913815975189209,0.9508172869682312,0.9460805654525757,0.8917607069015503,0.9146774411201477,0.18276818096637726,0.9720931649208069,0.9386592507362366,0.9470179677009583,0.9238226413726807,0.6877974271774292,-0.0652066245675087,0.7742083072662354,0.8147108554840088,0.9053289294242859,0.9386687278747559,-0.9050379991531372,-0.9220823049545288,0.9056888818740845,0.9234023690223694,0.9623745083808899,0.7523925304412842,0.1376829743385315,-0.9085680842399597,0.9559677243232727,-0.9078079462051392,0.9715062975883484,0.9443606734275818,-0.9167454242706299,0.9377006888389587,-0.9162616729736328,-0.9038641452789307,0.9399435520172119,0.9430379271507263,0.844837486743927,0.9857510328292847,0.9487282037734985,0.9182723760604858,0.8762465715408325,0.8990528583526611,-0.9151926636695862,0.9430941343307495,0.9183732867240906,0.9244577884674072,0.5834638476371765,-0.9241324067115784,0.8878870606422424,0.9508556723594666,-0.017355984076857567,0.7494134306907654,0.8663836121559143,-0.9111666679382324,0.8952125906944275,0.9035229086875916,0.9245315790176392,0.6695293188095093,0.9504746198654175,0.7652239203453064,0.9291782975196838,0.9461007714271545,0.7239478826522827,0.8746969103813171,0.9278325438499451,0.9525008797645569,0.9064831137657166,-0.9233348965644836,-0.9067366719245911,0.8675535321235657
0.9990559220314026,-0.9948981404304504,-0.8869796395301819,0.9999829530715942,-0.9566213488578796,-0.9702666401863098,-0.5432560443878174,-0.9123159646987915,1.0,-0.9763489961624146,-0.9900140762329102,-0.915673553943634,0.99888676404953,-0.893706202507019,-0.9965360760688782,0.9902598857879639,-0.6769407987594604,0.9986317753791809,-0.983635425567627,-0.9526094794273376,-0.9863041043281555,-0.9581204056739807,-0.9883913993835449,-0.9550808668136597,-0.9868492484092712,-0.60914546251297,0.9990532398223877,-0.9215063452720642,-0.983180582523346,-0.9749700427055359,-0.9719842672348022,-0.899905800819397,0.9991133213043213,-0.991010308265686,-0.9940366148948669,-0.9844753742218018,-0.9396663308143616,-0.2524570822715759,-0.9773758053779602,-0.9505894184112549,-0.9533911347389221,-0.9476891160011292,-0.9086920022964478,-0.23306985199451447,-0.8751477599143982,-0.8018245697021484,-0.9620574116706848,-0.9907754063606262,0.9998250603675842,0.99920654296875,-0.9896568655967712,-0.997026264667511,-0.9803566336631775,-0.8695746660232544,-0.23622621595859528,0.9972714781761169,-0.9832027554512024,0.9993143081665039,-0.9690216183662415,-0.9586513638496399,0.9991201758384705,-0.9925960898399353,0.9989932775497437,0.9983031153678894,-0.9011027216911316,-0.9836354851722717,-0.7942970991134644,-0.9491360783576965,-0.984693706035614,-0.9612452983856201,-0.8227410316467285,-0.9807243943214417,0.9998962879180908,-0.8762785196304321,-0.9938616156578064,-0.9896703362464905,-0.793190062046051,0.9994921088218689,-0.9771456718444824,-0.945634126663208,-0.25677087903022766,-0.9036701321601868,-0.8892239332199097,0.9992837309837341,-0.9386714696884155,-0.979728102684021,-0.9909075498580933,-0.6740544438362122,-0.9790881872177124,-0.9454153180122375,-0.956206738948822,-0.9519882798194885,-0.9161582589149475,-0.9805284142494202,-0.9458164572715759,-0.9873138070106506,-0.9618560075759888,0.997859001159668,0.9986907839775085,-0.9759035706520081
-0.9771024584770203,0.9902384877204895,0.859734058380127,-0.9759737849235535,0.9913279414176941,0.9784133434295654,0.44263967871665955,0.9167091250419617,-0.9763489961624146,1.0,0.9783544540405273,0.9400046467781067,-0.984741747379303,0.9184889793395996,0.9745364785194397,-0.984499990940094,0.7604541778564453,-0.9754437804222107,0.9867278933525085,0.9590651392936707,0.976096510887146,0.947107195854187,0.9699041843414307,0.9778944849967957,0.9490669369697571,0.5691612362861633,-0.9795933365821838,0.9776045680046082,0.9480882883071899,0.9826191663742065,0.9968342185020447,0.8986933827400208,-0.9824386835098267,0.9852764010429382,0.9849556088447571,0.9957250952720642,0.9722850918769836,0.1807597279548645,0.9535675644874573,0.925225019454956,0.9872598648071289,0.9932522773742676,0.8363639116287231,0.19509559869766235,0.9386319518089294,0.6889470815658569,0.9438714981079102,0.9907465577125549,-0.9744137525558472,-0.9743785858154297,0.9707211256027222,0.9774070382118225,0.9508785605430603,0.746338963508606,0.027890371158719063,-0.9880505204200745,0.9882124066352844,-0.9693648815155029,0.9785667061805725,0.9422051310539246,-0.9726430773735046,0.9772266149520874,-0.9840958714485168,-0.9799182415008545,0.9216405153274536,0.9466181397438049,0.6864702105522156,0.9628822207450867,0.982051432132721,0.996950626373291,0.8766247034072876,0.9857822060585022,-0.9779252409934998,0.8171634078025818,0.9942052364349365,0.9964982271194458,0.7371836304664612,-0.9762117266654968,0.9646055102348328,0.9622724652290344,0.28603172302246094,0.9070454239845276,0.9620864391326904,-0.9777213931083679,0.9423368573188782,0.9882323741912842,0.986381471157074,0.7801012992858887,0.9950783848762512,0.8816006183624268,0.9698469042778015,0.943136990070343,0.8547550439834595,0.9664980173110962,0.9346446990966797,0.9850977063179016,0.9650086164474487,-0.9877992868423462,-0.9755173325538635,0.9285638928413391
-0.9887100458145142,0.9918418526649475,0.8899071216583252,-0.9897995591163635,0.9565313458442688,0.9740134477615356,0.5559964179992676,0.9540402889251709,-0.9900140762329102,0.9783544540405273,1.0,0.9460110068321228,-0.9930839538574219,0.9160736203193665,0.996131956577301,-0.9756863117218018,0.7136241793632507,-0.9904846549034119,0.993262529373169,0.9765459895133972,0.9969482421875,0.9871196150779724,0.9848574995994568,0.9830030798912048,0.9920642971992493,0.5623080730438232,-0.9899024963378906,0.9406553506851196,0.9823883175849915,0.9867902398109436,0.9784508347511292,0.8679961562156677,-0.9904111623764038,0.9981465339660645,0.9983478784561157,0.9772579669952393,0.9394441843032837,0.17214947938919067,0.9879387617111206,0.975497841835022,0.9656780362129211,0.9614477753639221,0.8435136079788208,0.14901378750801086,0.8730062246322632,0.8231843113899231,0.9716641902923584,0.9948009848594666,-0.987472653388977,-0.9922628998756409,0.9865273833274841,0.9936822056770325,0.9938000440597534,0.8317934274673462,0.20637448132038116,-0.9880695343017578,0.9908416271209717,-0.9875492453575134,0.9878469109535217,0.9839328527450562,-0.9887953996658325,0.9982047080993652,-0.9905045628547668,-0.985557496547699,0.9490376710891724,0.98103266954422,0.8115391135215759,0.9816532731056213,0.9962990283966064,0.9683531522750854,0.8387159705162048,0.967812716960907,-0.9902217388153076,0.9148712158203125,0.9896378517150879,0.9893397092819214,0.7512186765670776,-0.9931779503822327,0.9759191870689392,0.9730385541915894,0.1853013038635254,0.8903408646583557,0.9053740501403809,-0.9872439503669739,0.9317428469657898,0.9681751132011414,0.9933408498764038,0.6652331352233887,0.9885717630386353,0.9120854139328003,0.9805303812026978,0.9744150042533875,0.8572611212730408,0.9547452926635742,0.939054012298584,0.9989159107208252,0.9576255083084106,-0.9921491146087646,-0.9846011400222778,0.9609135389328003
-0.9127029776573181,0.9402868747711182,0.7090888023376465,-0.9147067666053772,0.8939075469970703,0.9303779006004333,0.3062947392463684,0.9683365225791931,-0.915673553943634,0.9400046467781067,0.9460110068321228,1.0,-0.9279589653015137,0.9902477860450745,0.9310077428817749,-0.9285213351249695,0.887724757194519,-0.9044475555419922,0.9525564312934875,0.9923814535140991,0.9650179147720337,0.9349147081375122,0.9006887674331665,0.9523556232452393,0.9138603806495667,0.28069719672203064,-0.9139050245285034,0.9216713309288025,0.943632960319519,0.9805509448051453,0.9285128712654114,0.7285897135734558,-0.9153527021408081,0.9566506147384644,0.9493246078491211,0.9116868376731873,0.9627906680107117,0.17368371784687042,0.9553184509277344,0.8851657509803772,0.9574394822120667,0.9506348967552185,0.7286404371261597,0.1347072869539261,0.8697142601013184,0.7351698875427246,0.8547503352165222,0.9546100497245789,-0.9084761142730713,-0.916152834892273,0.9287551641464233,0.9348441958427429,0.933934211730957,0.7196908593177795,0.008627276867628098,-0.9167153835296631,0.9705999493598938,-0.9041782021522522,0.9841234683990479,0.9089781641960144,-0.9130200147628784,0.9257720112800598,-0.9207327365875244,-0.9050170183181763,0.9060685038566589,0.941210925579071,0.7804704904556274,0.9807195067405701,0.9597333669662476,0.9347484111785889,0.9531784057617188,0.9049595594406128,-0.9190404415130615,0.8817754983901978,0.9336283206939697,0.9334181547164917,0.5052980184555054,-0.9254721999168396,0.9225302338600159,0.9111191630363464,-0.049160875380039215,0.7286811470985413,0.9364360570907593,-0.9144433736801147,0.9627978205680847,0.9419597387313843,0.9425306916236877,0.7792827486991882,0.9634070992469788,0.7405011653900146,0.9253828525543213,0.9677767753601074,0.7145399451255798,0.8874191045761108,0.9499040842056274,0.9514195322990417,0.8756514191627502,-0.9325389266014099,-0.9097473621368408,0.8256897926330566
0.9985740184783936,-0.9983395934104919,-0.8845654129981995,0.9988323450088501,-0.9661437273025513,-0.9779996275901794,-0.5249677896499634,-0.9231723546981812,0.99888676404953,-0.984741747379303,-0.9930839538574219,-0.9279589653015137,1.0,-0.9063152074813843,-0.9963110685348511,0.9925459027290344,-0.7021483182907104,0.9975159764289856,-0.9901737570762634,-0.9611693620681763,-0.9899957180023193,-0.9634104371070862,-0.9872847199440002,-0.9653626680374146,-0.9849035739898682,-0.5963164567947388,0.999040961265564,-0.9381847977638245,-0.9808258414268494,-0.9818119406700134,-0.9812483191490173,-0.9015870094299316,0.9994469881057739,-0.994887113571167,-0.9970711469650269,-0.9893338680267334,-0.950884997844696,-0.24065427482128143,-0.9796718955039978,-0.9521202445030212,-0.9660605788230896,-0.9613305926322937,-0.8924775719642639,-0.21235771477222443,-0.8872449994087219,-0.7871366739273071,-0.9634442925453186,-0.9951047301292419,0.998115599155426,0.9984321594238281,-0.9888859987258911,-0.9969295859336853,-0.9810335040092468,-0.8485770225524902,-0.19637846946716309,0.9987637996673584,-0.9895666837692261,0.9969936609268188,-0.9771943092346191,-0.9614923000335693,0.9978687167167664,-0.9942845702171326,0.9997341632843018,0.998026430606842,-0.912330687046051,-0.9819361567497253,-0.7823123931884766,-0.9594206213951111,-0.989038348197937,-0.9726080894470215,-0.839879035949707,-0.9854273796081543,0.9992348551750183,-0.8741867542266846,-0.9974924325942993,-0.9949938058853149,-0.7811034321784973,0.9989413022994995,-0.9769511818885803,-0.9557746052742004,-0.2544138431549072,-0.9043595790863037,-0.9068452715873718,0.998641848564148,-0.9432525634765625,-0.9846810698509216,-0.9936793446540833,-0.6977696418762207,-0.987436830997467,-0.9330233931541443,-0.9636715650558472,-0.9557051062583923,-0.904249906539917,-0.9807478189468384,-0.9497137665748596,-0.9920514822006226,-0.9676883220672607,0.9997287392616272,0.9976346492767334,-0.9700618386268616
-0.8937389850616455,0.9231050610542297,0.6440930366516113,-0.8930919766426086,0.8642814755439758,0.9227980375289917,0.20306897163391113,0.9504427313804626,-0.893706202507019,0.9184889793395996,0.9160736203193665,0.9902477860450745,-0.9063152074813843,1.0,0.9017335176467896,-0.9218546152114868,0.9263362884521484,-0.8765102028846741,0.9335795640945435,0.9775119423866272,0.9421267509460449,0.8957793712615967,0.8597790598869324,0.9114283919334412,0.8826494216918945,0.21342238783836365,-0.8933792114257812,0.9024264216423035,0.9228484034538269,0.9619672894477844,0.90346360206604,0.72042316198349,-0.8931266665458679,0.9316809773445129,0.9247402548789978,0.886537492275238,0.9701974391937256,0.2908533215522766,0.9412607550621033,0.8339981436729431,0.9487377405166626,0.9302407503128052,0.7309834957122803,0.1303406059741974,0.8388658165931702,0.6904535293579102,0.8085362315177917,0.9299792647361755,-0.8866859078407288,-0.8938245177268982,0.8964040875434875,0.9089072942733765,0.9042741656303406,0.7183733582496643,-0.025816772133111954,-0.8948101997375488,0.9548025727272034,-0.8821696639060974,0.9641290903091431,0.8579950332641602,-0.8943202495574951,0.8922238349914551,-0.9001228213310242,-0.8851596713066101,0.8460382223129272,0.931255578994751,0.7699143886566162,0.9530551433563232,0.9287229776382446,0.9143056273460388,0.9795335531234741,0.8970467448234558,-0.8985957503318787,0.8454853892326355,0.9114640951156616,0.910171389579773,0.4598359763622284,-0.9035922288894653,0.8842015266418457,0.8725634217262268,-0.06731739640235901,0.6723059415817261,0.9171998500823975,-0.8968053460121155,0.9693034291267395,0.9370143413543701,0.9115903377532959,0.827808678150177,0.9443160891532898,0.7000959515571594,0.8744748830795288,0.9323910474777222,0.7208964824676514,0.8886755108833313,0.9676701426506042,0.9205743670463562,0.8636270761489868,-0.9122958779335022,-0.8937013149261475,0.7945888042449951
-0.9933769106864929,0.9917297959327698,0.8870250582695007,-0.9962078332901001,0.952068030834198,0.9628588557243347,0.5627590417861938,0.9287306666374207,-0.9965360760688782,0.9745364785194397,0.996131956577301,0.9310077428817749,-0.9963110685348511,0.9017335176467896,1.0,-0.9808850288391113,0.6838197112083435,-0.9961106181144714,0.9844253063201904,0.9645513892173767,0.9931322932243347,0.9723429083824158,0.9929925203323364,0.969175398349762,0.9920291304588318,0.5845192670822144,-0.9939873218536377,0.9202156066894531,0.9895985722541809,0.9822068810462952,0.970180094242096,0.8692938089370728,-0.9947565197944641,0.9957123398780823,0.9970782995223999,0.9794738292694092,0.9337029457092285,0.1899864375591278,0.9816064834594727,0.9649099707603455,0.9511302709579468,0.9493901133537292,0.8833941221237183,0.22457773983478546,0.878616988658905,0.8266139626502991,0.9648477435112,0.9941849708557129,-0.9952232241630554,-0.9962377548217773,0.995311439037323,0.9991980195045471,0.9884791374206543,0.8590830564498901,0.2412106841802597,-0.9922636151313782,0.985885500907898,-0.9947385191917419,0.9783275723457336,0.9746530652046204,-0.994059145450592,0.996720552444458,-0.9946292638778687,-0.99123215675354,0.9262279272079468,0.9842349886894226,0.8115119934082031,0.9645388722419739,0.9937669038772583,0.9587997794151306,0.8249257206916809,0.9674073457717896,-0.9960722923278809,0.9020702838897705,0.9914093017578125,0.9874127507209778,0.7674258351325989,-0.9978552460670471,0.9861178994178772,0.9530481696128845,0.2022176831960678,0.8957577347755432,0.8950617909431458,-0.9932384490966797,0.9381869435310364,0.9719906449317932,0.9958801865577698,0.6528821587562561,0.9810690879821777,0.9344232082366943,0.971357524394989,0.9721494317054749,0.882407546043396,0.9624814987182617,0.9377168416976929,0.9940109848976135,0.9484978318214417,-0.9950568079948425,-0.9913303256034851,0.9677557349205017
0.9917292594909668,-0.9951114058494568,-0.8366639018058777,0.9903096556663513,-0.9628928303718567,-0.9794018268585205,-0.42762327194213867,-0.9058499932289124,0.9902598857879639,-0.984499990940094,-0.9756863117218018,-0.9285213351249695,0.9925459027290344,-0.9218546152114868,-0.9808850288391113,1.0,-0.7454991340637207,0.984085738658905,-0.9826788306236267,-0.9549034833908081,-0.9781343936920166,-0.9324890375137329,-0.9666658639907837,-0.9438337087631226,-0.9608941078186035,-0.5556161403656006,0.9914393424987793,-0.9393681883811951,-0.9692307114601135,-0.9779007434844971,-0.976220428943634,-0.9074259996414185,0.9915467500686646,-0.9838129878044128,-0.9860612154006958,-0.9863882064819336,-0.9732632040977478,-0.3212589919567108,-0.9688106775283813,-0.9103590846061707,-0.9719840884208679,-0.9633362889289856,-0.9061548113822937,-0.24342750012874603,-0.8961111903190613,-0.7294324040412903,-0.9304160475730896,-0.9871004223823547,0.9898489117622375,0.9877087473869324,-0.9747062921524048,-0.985675036907196,-0.9574257731437683,-0.835815966129303,-0.1303374171257019,0.9932777285575867,-0.987048864364624,0.9868757128715515,-0.9698448777198792,-0.9232770800590515,0.9901551008224487,-0.9746243953704834,0.9934253692626953,0.9922488927841187,-0.8698325753211975,-0.9757691621780396,-0.7495282292366028,-0.9428573250770569,-0.974093496799469,-0.9734178781509399,-0.876230776309967,-0.9921981692314148,0.9918683171272278,-0.8304007649421692,-0.9931391477584839,-0.9896557331085205,-0.7501625418663025,0.9893319010734558,-0.9607941508293152,-0.9309381246566772,-0.26553985476493835,-0.8773336410522461,-0.9180353283882141,0.9936591386795044,-0.9627952575683594,-0.9966987371444702,-0.9813974499702454,-0.7666813135147095,-0.9843780994415283,-0.9076255559921265,-0.9346605539321899,-0.9348239302635193,-0.9164146780967712,-0.9933562874794006,-0.9691566228866577,-0.9761855006217957,-0.9657505750656128,0.9943518042564392,0.9938187599182129,-0.9478263854980469
-0.6815783977508545,0.7373925447463989,0.3683326244354248,-0.6761711835861206,0.7027636766433716,0.7674123644828796,-0.14514748752117157,0.8150272369384766,-0.6769407987594604,0.7604541778564453,0.7136241793632507,0.887724757194519,-0.7021483182907104,0.9263362884521484,0.6838197112083435,-0.7454991340637207,1.0,-0.6510704159736633,0.7610925436019897,0.8361338376998901,0.7554473876953125,0.6944798827171326,0.6268650889396667,0.7434619665145874,0.6484910249710083,-0.07621465623378754,-0.6819921135902405,0.7942257523536682,0.7116963863372803,0.8045865297317505,0.7415552735328674,0.5311038494110107,-0.682594358921051,0.7423191070556641,0.7296268939971924,0.7023239135742188,0.8739359378814697,0.3009594678878784,0.7539620399475098,0.5962607860565186,0.8289027214050293,0.807811975479126,0.4851575195789337,0.02650373801589012,0.7276649475097656,0.404353529214859,0.5696457028388977,0.7454211115837097,-0.6666709184646606,-0.6762494444847107,0.67960524559021,0.6975412964820862,0.6874610781669617,0.43855828046798706,-0.3443226218223572,-0.6922837495803833,0.7922611236572266,-0.6570558547973633,0.8105443120002747,0.6311318874359131,-0.6785215139389038,0.675884485244751,-0.694452702999115,-0.6733218431472778,0.66517573595047,0.7300912737846375,0.5420962572097778,0.8023033738136292,0.738670825958252,0.7732489705085754,0.9695026278495789,0.7268304824829102,-0.6859948039054871,0.6249683499336243,0.7230405807495117,0.7281166315078735,0.1645921915769577,-0.6901713013648987,0.6696664690971375,0.6953045725822449,-0.1823260635137558,0.4307611286640167,0.8401924967765808,-0.6867591142654419,0.846310019493103,0.7830557823181152,0.712520956993103,0.9037317037582397,0.7876229286193848,0.40261411666870117,0.6793216466903687,0.7475742697715759,0.4833424687385559,0.7070282101631165,0.8385974764823914,0.7279651165008545,0.6877415776252747,-0.7149360179901123,-0.6829996705055237,0.5329714417457581
0.9977559447288513,-0.9922565221786499,-0.9093393087387085,0.9986373782157898,-0.9610995054244995,-0.9678916931152344,-0.5793524980545044,-0.9082017540931702,0.9986317753791809,-0.9754437804222107,-0.9904846549034119,-0.9044475555419922,0.9975159764289856,-0.8765102028846741,-0.9961106181144714,0.984085738658905,-0.6510704159736633,1.0,-0.9822397232055664,-0.9448918700218201,-0.9829311966896057,-0.9625908136367798,-0.9919454455375671,-0.9590665698051453,-0.9883144497871399,-0.641765296459198,0.9982976317405701,-0.9233991503715515,-0.9768304824829102,-0.9689935445785522,-0.974071204662323,-0.9069493412971497,0.998677134513855,-0.9890981912612915,-0.9925026297569275,-0.9855824112892151,-0.9272046685218811,-0.2195071429014206,-0.9722138047218323,-0.9603956341743469,-0.9492964148521423,-0.9463923573493958,-0.8996431827545166,-0.21670299768447876,-0.8735311627388,-0.8044758439064026,-0.9736039638519287,-0.9886215925216675,0.9986492991447449,0.9985348582267761,-0.9882907271385193,-0.9950356483459473,-0.9808750748634338,-0.860916256904602,-0.24548125267028809,0.9967952966690063,-0.9781697988510132,0.9985584020614624,-0.964111864566803,-0.9667578339576721,0.9973824620246887,-0.9952600598335266,0.9977626800537109,0.9977270364761353,-0.9124003052711487,-0.9759631752967834,-0.7846699953079224,-0.9472501873970032,-0.9836238622665405,-0.9614801406860352,-0.799933671951294,-0.9783891439437866,0.9980807304382324,-0.8759127855300903,-0.9926398396492004,-0.9897393584251404,-0.8154608607292175,0.9976935386657715,-0.9766477346420288,-0.9537729024887085,-0.2833414375782013,-0.9220499396324158,-0.8846291303634644,0.9971225261688232,-0.9216321110725403,-0.9719153642654419,-0.990385115146637,-0.6513878107070923,-0.9763936400413513,-0.9545705318450928,-0.9636204838752747,-0.9482265114784241,-0.912873387336731,-0.9743999242782593,-0.9295444488525391,-0.9879353642463684,-0.9643083810806274,0.9958636164665222,0.9962478280067444,-0.9824026823043823
-0.9864749908447266,0.994789183139801,0.8724796772003174,-0.983769416809082,0.9668383002281189,0.9928067922592163,0.4894436001777649,0.9603819251060486,-0.983635425567627,0.9867278933525085,0.993262529373169,0.9525564312934875,-0.9901737570762634,0.9335795640945435,0.9844253063201904,-0.9826788306236267,0.7610925436019897,-0.9822397232055664,1.0,0.9788352847099304,0.9920832514762878,0.9787758588790894,0.9664391279220581,0.9799940586090088,0.97803795337677,0.5412663221359253,-0.9875968098640442,0.9663730263710022,0.9662762880325317,0.9868049621582031,0.9889245629310608,0.8931813836097717,-0.9874082803726196,0.9941702485084534,0.9943206310272217,0.9804938435554504,0.962621808052063,0.23084606230258942,0.9867806434631348,0.9577394723892212,0.9873835444450378,0.9771025776863098,0.8284832835197449,0.0973493754863739,0.8751251697540283,0.7724921107292175,0.962907612323761,0.9917505979537964,-0.9808286428451538,-0.9868918061256409,0.9694642424583435,0.9833160042762756,0.9831732511520386,0.8031429052352905,0.1303531974554062,-0.9871616363525391,0.9949049949645996,-0.9803271889686584,0.9895374178886414,0.9658570885658264,-0.9849181771278381,0.9895309805870056,-0.9884948134422302,-0.9840760231018066,0.9371746182441711,0.9749352335929871,0.7802998423576355,0.9822277426719666,0.9878180623054504,0.9835939407348633,0.8704074621200562,0.9831246733665466,-0.9853548407554626,0.8877520561218262,0.990187406539917,0.9931119680404663,0.740016758441925,-0.9867807030677795,0.9547222852706909,0.9786379933357239,0.21610324084758759,0.8818553686141968,0.921953022480011,-0.9848726391792297,0.9368242621421814,0.9780684113502502,0.9841901063919067,0.7291176915168762,0.9959204792976379,0.8868868350982666,0.9687628149986267,0.9547586441040039,0.8618209958076477,0.9672774076461792,0.9557430744171143,0.9939497709274292,0.9770839810371399,-0.9908291101455688,-0.9828937649726868,0.9502837657928467
-0.9509536623954773,0.9687778353691101,0.7801711559295654,-0.9520585536956787,0.9181066751480103,0.9588054418563843,0.4028451144695282,0.9812041521072388,-0.9526094794273376,0.9590651392936707,0.9765459895133972,0.9923814535140991,-0.9611693620681763,0.9775119423866272,0.9645513892173767,-0.9549034833908081,0.8361338376998901,-0.9448918700218201,0.9788352847099304,1.0,0.9885186553001404,0.967431366443634,0.9368674159049988,0.9701850414276123,0.9561600089073181,0.3754175007343292,-0.9516937136650085,0.933770477771759,0.9703231453895569,0.9924224615097046,0.9525454640388489,0.7858905792236328,-0.951959490776062,0.9818056225776672,0.9773489832878113,0.9398209452629089,0.9628304243087769,0.19787681102752686,0.9837008118629456,0.9303674101829529,0.9696458578109741,0.9589349031448364,0.7780005931854248,0.12001734972000122,0.8628716468811035,0.7904189229011536,0.9069168567657471,0.9775239825248718,-0.9468961358070374,-0.9548627734184265,0.9568044543266296,0.9655429124832153,0.9704826474189758,0.7821272611618042,0.10253813862800598,-0.9506580233573914,0.9883735775947571,-0.9451770186424255,0.9964314699172974,0.9467657804489136,-0.9518864750862122,0.9620130658149719,-0.9554623365402222,-0.9436041116714478,0.9290497899055481,0.9715439677238464,0.8206914067268372,0.9930087327957153,0.9818074107170105,0.9519820213317871,0.921880304813385,0.9364840984344482,-0.9550103545188904,0.9158482551574707,0.9612970948219299,0.9610292911529541,0.598206639289856,-0.9607852101325989,0.9463785886764526,0.9434460997581482,0.019604772329330444,0.7851961851119995,0.9237691760063171,-0.9511695504188538,0.9610599875450134,0.9589754939079285,0.9679660201072693,0.7382030487060547,0.9812310338020325,0.809582531452179,0.9503857493400574,0.9797953367233276,0.7775845527648926,0.9222095608711243,0.9625110626220703,0.9781251549720764,0.9167524576187134,-0.9633388519287109,-0.9473984241485596,0.8866055011749268
