1.0,-0.7370052337646484,-0.654260516166687,0.8279960751533508,-0.7572377324104309,-0.6996772885322571,-0.7737152576446533,-0.6467203497886658,0.7142042517662048,-0.6382112503051758,-0.8003718852996826,-0.8402230739593506,0.6843326687812805,-0.7170843482017517,-0.8349322080612183,0.6072051525115967,-0.4954175055027008,0.686403751373291,-0.5160227417945862,-0.6948316693305969,-0.7962379455566406,-0.8112640380859375,-0.7376929521560669,-0.9080162644386292,-0.26608791947364807,-0.773995041847229,0.8626500964164734,-0.7751498222351074,-0.6075557470321655,-0.7998573780059814,-0.5990020036697388,-0.6992794871330261,0.7723981142044067,-0.6815513372421265,-0.7013185024261475,-0.7807221412658691,-0.5086581707000732,-0.20513111352920532,-0.5988368988037109,-0.7562282085418701,-0.7747296094894409,-0.8153762221336365,-0.3943599462509155,-0.3564762473106384,-0.5255618691444397,-0.3800903856754303,-0.1863681823015213,-0.4513731300830841,0.7504361867904663,0.8887603878974915,-0.8534405827522278,-0.7779223918914795,-0.7877194285392761,-0.8106094598770142,-0.26291924715042114,0.7441388964653015,-0.6989976763725281,0.7631528973579407,-0.8570970892906189,-0.8308658599853516,0.7774887681007385,-0.7724196910858154,0.7520477175712585,0.8470234870910645,-0.7790346145629883,-0.8394283056259155,-0.5108519196510315,-0.7840447425842285,-0.7748391628265381,-0.505702793598175,-0.7719950675964355,-0.8375122547149658,0.7469379305839539,-0.733039140701294,-0.8288958668708801,-0.7454203367233276,-0.7917795777320862,0.7457959651947021,-0.8418282866477966,-0.8111937046051025,-0.2088770717382431,-0.8387856483459473,-0.21203288435935974,0.8294172286987305,-0.6009999513626099,-0.46105486154556274,-0.848622739315033,-0.6164191961288452,-0.776502788066864,-0.3013154864311218,-0.6872796416282654,-0.7414003014564514,-0.6115894913673401,-0.8286361694335938,-0.40016117691993713,-0.7865856289863586,-0.4277594983577728,0.6222934126853943,0.8295387625694275,-0.7388988733291626
-0.7370052337646484,1.0,0.7793910503387451,-0.9256487488746643,0.9322530627250671,0.8018782138824463,0.9098723530769348,0.7534707188606262,-0.8672580122947693,0.8673421144485474,0.9138282537460327,0.8527461886405945,-0.8104166388511658,0.9109007716178894,0.9053981304168701,-0.7320877313613892,0.4851871132850647,-0.8847492933273315,0.6024307012557983,0.773520827293396,0.8298234939575195,0.8973398804664612,0.8788898587226868,0.7822237014770508,0.1640787571668625,0.8302546143531799,-0.8597913980484009,0.7975944876670837,0.8021773099899292,0.866050124168396,0.641610860824585,0.8987011313438416,-0.9028075933456421,0.6217135787010193,0.6086941361427307,0.8758929371833801,0.7204462289810181,0.1664276421070099,0.7654083967208862,0.9392763376235962,0.9309942126274109,0.9257680177688599,0.3689105212688446,0.26106080412864685,0.7046806812286377,0.32714295387268066,0.15874308347702026,0.4395131766796112,-0.8840206265449524,-0.8510190844535828,0.9236157536506653,0.886949896812439,0.8914998173713684,0.948218047618866,0.2641688883304596,-0.7853016257286072,0.800066351890564,-0.8568286299705505,0.9125024080276489,0.7805787920951843,-0.7555819153785706,0.8836312890052795,-0.8056275844573975,-0.9058859348297119,0.909669041633606,0.9526671767234802,0.5175355672836304,0.9443778991699219,0.9404724836349487,0.6407543420791626,0.9053674936294556,0.9104585647583008,-0.8785057067871094,0.5711490511894226,0.8475399613380432,0.7066391110420227,0.5237998366355896,-0.8429269194602966,0.8815420269966125,0.9477927684783936,0.16665084660053253,0.8490979671478271,0.1853020042181015,-0.7458550930023193,0.8288183808326721,0.6704019904136658,0.8992136716842651,0.833419680595398,0.930816650390625,0.3493114113807678,0.6606574058532715,0.8379454016685486,0.6759654879570007,0.8910581469535828,0.41300344467163086,0.8302662968635559,0.36433008313179016,-0.8043255805969238,-0.7869515419006348,0.9370222091674805
-0.654260516166687,0.7793910503387451,1.0,-0.8049251437187195,0.7861830592155457,0.5626880526542664,0.7024041414260864,0.6727114915847778,-0.704608678817749,0.6511843800544739,0.8147655725479126,0.7294098138809204,-0.5930719971656799,0.8431789875030518,0.8521198034286499,-0.56712406873703,0.2502993643283844,-0.7112650871276855,0.2851369380950928,0.5555006265640259,0.5481827259063721,0.7592200636863708,0.7958266139030457,0.6344181299209595,0.25591132044792175,0.7130916714668274,-0.8108630776405334,0.6694833636283875,0.6545723080635071,0.7453361749649048,0.6186813712120056,0.8169309496879578,-0.8585349917411804,0.725062906742096,0.6233307123184204,0.9053366780281067,0.5522568225860596,0.15023133158683777,0.7684544324874878,0.8092929124832153,0.8233984708786011,0.750000536441803,0.39107030630111694,0.43013128638267517,0.6051923632621765,0.019090283662080765,0.08436800539493561,0.6243119835853577,-0.7302597761154175,-0.6729273796081543,0.862392246723175,0.7525646686553955,0.7661401033401489,0.8825064897537231,0.2601854205131531,-0.7701335549354553,0.6968353390693665,-0.7180771827697754,0.7954707145690918,0.7178479433059692,-0.6688438057899475,0.832371711730957,-0.7704932689666748,-0.7707784175872803,0.8264355659484863,0.7924525141716003,0.35073769092559814,0.7893719673156738,0.7241727113723755,0.5264073014259338,0.8031429052352905,0.7978099584579468,-0.6404238343238831,0.5293594002723694,0.7341269254684448,0.5079676508903503,0.6372161507606506,-0.6765773892402649,0.7602831721305847,0.7906209230422974,0.08594486117362976,0.7661381363868713,0.012607243843376637,-0.7959989309310913,0.7157106399536133,0.6221359968185425,0.7803438305854797,0.6750112771987915,0.828233540058136,0.25749844312667847,0.6857602596282959,0.6265806555747986,0.5781062245368958,0.7793822884559631,0.2632063031196594,0.6835566163063049,0.2336035519838333,-0.7504172921180725,-0.620786726474762,0.8264369964599609
0.8279960751533508,-0.9256487488746643,-0.8049251437187195,1.0,-0.922235369682312,-0.839530885219574,-0.9069992899894714,-0.7386899590492249,0.9158408641815186,-0.8499783873558044,-0.8980424404144287,-0.9021686911582947,0.6702449321746826,-0.9223443269729614,-0.9348604083061218,0.716111421585083,-0.48483458161354065,0.8533346056938171,-0.6030596494674683,-0.7987968921661377,-0.8202582001686096,-0.8987671732902527,-0.8612927794456482,-0.8365349769592285,-0.22824688255786896,-0.8309684991836548,0.9322528839111328,-0.7982931733131409,-0.7733138203620911,-0.8664107322692871,-0.7264143228530884,-0.9035025238990784,0.9181216955184937,-0.6937420964241028,-0.6554440855979919,-0.8953291773796082,-0.6956530213356018,-0.19887973368167877,-0.7748762369155884,-0.9310279488563538,-0.9196383357048035,-0.9135341048240662,-0.43167299032211304,-0.29392334818840027,-0.6283429861068726,-0.2824794054031372,-0.2110176384449005,-0.4540596902370453,0.9155913591384888,0.9080049395561218,-0.9191573262214661,-0.8667052388191223,-0.8513894081115723,-0.9434176683425903,-0.22635763883590698,0.8373521566390991,-0.7910809516906738,0.874265730381012,-0.910637378692627,-0.8180983662605286,0.7888340353965759,-0.9246271252632141,0.8442580699920654,0.9081510305404663,-0.9059896469116211,-0.9171078205108643,-0.6347598433494568,-0.9236922860145569,-0.9064006209373474,-0.5849853754043579,-0.924359142780304,-0.9369389414787292,0.8114020824432373,-0.6711568832397461,-0.87919682264328,-0.7021200656890869,-0.6503955125808716,0.8862913846969604,-0.9320852160453796,-0.9425348043441772,-0.2158183753490448,-0.8895655870437622,-0.23113605380058289,0.8079089522361755,-0.8370419144630432,-0.6676328778266907,-0.94730144739151,-0.823473334312439,-0.9373747110366821,-0.28824374079704285,-0.7147192358970642,-0.7622012495994568,-0.7462881207466125,-0.9415010809898376,-0.3224450945854187,-0.8329536318778992,-0.5263137817382812,0.7820714116096497,0.840268611907959,-0.9269855618476868
-0.7572377324104309,0.9322530627250671,0.7861830592155457,-0.922235369682312,1.0,0.8224880695343018,0.9303077459335327,0.7000144124031067,-0.8478845357894897,0.8138272166252136,0.9080252051353455,0.9025694727897644,-0.7147787809371948,0.910448431968689,0.9240418076515198,-0.7784587144851685,0.5143799781799316,-0.8855423331260681,0.6176645755767822,0.8111280202865601,0.8264358639717102,0.9094076156616211,0.891141951084137,0.827129602432251,0.2095034420490265,0.8371932506561279,-0.8906808495521545,0.9020395278930664,0.8329445719718933,0.934633195400238,0.6605429649353027,0.9434973001480103,-0.905402660369873,0.6928476095199585,0.6634809374809265,0.8972881436347961,0.6512371897697449,0.07262368500232697,0.7401271462440491,0.9558770060539246,0.9405418038368225,0.9397929310798645,0.37155503034591675,0.341492235660553,0.7446404695510864,0.41582781076431274,0.07563496381044388,0.38597145676612854,-0.8938823342323303,-0.8426762223243713,0.9505795240402222,0.9211864471435547,0.9077522158622742,0.9314135909080505,0.24191848933696747,-0.8269611597061157,0.89408940076828,-0.8319442272186279,0.9419190883636475,0.8341448307037354,-0.7879582643508911,0.9068190455436707,-0.8637521266937256,-0.9201517701148987,0.9762665033340454,0.932960569858551,0.6105780005455017,0.9390028715133667,0.9558817744255066,0.636480987071991,0.9304847717285156,0.9264174699783325,-0.8252520561218262,0.5731468200683594,0.8092824220657349,0.6861122846603394,0.5987947583198547,-0.8299251794815063,0.9102281928062439,0.9467273354530334,0.2262164205312729,0.8779901266098022,0.10612629354000092,-0.7891032695770264,0.8691902756690979,0.6980388760566711,0.9521419405937195,0.8664707541465759,0.9429493546485901,0.21795986592769623,0.6171165704727173,0.7368243336677551,0.607494592666626,0.9281991124153137,0.250593364238739,0.8435858488082886,0.3626554608345032,-0.7263376116752625,-0.8341261744499207,0.9278675317764282
-0.6996772885322571,0.8018782138824463,0.5626880526542664,-0.839530885219574,0.8224880695343018,1.0,0.8875052332878113,0.6115904450416565,-0.8009018898010254,0.8698073029518127,0.8011496663093567,0.8777785897254944,-0.706763505935669,0.8121581673622131,0.8123212456703186,-0.6838590502738953,0.5866026878356934,-0.7841387391090393,0.698367178440094,0.7457963824272156,0.6967349052429199,0.8646453022956848,0.7097365260124207,0.7672038674354553,0.14500337839126587,0.7305145859718323,-0.7297335863113403,0.7503932118415833,0.5581842064857483,0.7614915370941162,0.5756338834762573,0.8165393471717834,-0.790827751159668,0.6369221210479736,0.5989697575569153,0.7698783874511719,0.54395991563797,0.13176409900188446,0.5822292566299438,0.8220968246459961,0.8060261607170105,0.8932812213897705,0.4332579970359802,0.12201640009880066,0.5252033472061157,0.32804369926452637,0.12277280539274216,0.2144021838903427,-0.8058966398239136,-0.7481626272201538,0.7861332893371582,0.8097921013832092,0.6497985124588013,0.7580552101135254,0.07384233921766281,-0.7283499836921692,0.6963533759117126,-0.7065272927284241,0.8047567009925842,0.7496967315673828,-0.8480663299560547,0.7259520292282104,-0.6583542823791504,-0.8234171271324158,0.7859220504760742,0.816160261631012,0.4928354322910309,0.7714635133743286,0.837976336479187,0.4646771550178528,0.8425514698028564,0.779475212097168,-0.6316037178039551,0.5804136395454407,0.8487169742584229,0.7545797228813171,0.513399064540863,-0.6940303444862366,0.833458423614502,0.8782325387001038,0.20034286379814148,0.7871074080467224,0.2879577875137329,-0.6894782781600952,0.6411115527153015,0.5724655985832214,0.8444764614105225,0.78228759765625,0.7940316200256348,0.045922353863716125,0.39675644040107727,0.6908864974975586,0.6819632649421692,0.8321405649185181,0.2777828574180603,0.8029055595397949,0.575754702091217,-0.622259795665741,-0.6783775091171265,0.7929683923721313
-0.7737152576446533,0.9098723530769348,0.7024041414260864,-0.9069992899894714,0.9303077459335327,0.8875052332878113,1.0,0.7094581127166748,-0.8112000226974487,0.8202757835388184,0.8941282033920288,0.8775511980056763,-0.7372183799743652,0.8802703619003296,0.8698509931564331,-0.7081726789474487,0.49303558468818665,-0.8518968224525452,0.6905824542045593,0.7566630840301514,0.8578842878341675,0.8985546827316284,0.8485230803489685,0.8899431824684143,0.13915342092514038,0.841843843460083,-0.8349224328994751,0.835986316204071,0.7461121082305908,0.8779836893081665,0.686910092830658,0.882594645023346,-0.8573796153068542,0.6843810081481934,0.6309675574302673,0.8385953307151794,0.7407038807868958,0.06132342293858528,0.6591461300849915,0.8886086344718933,0.8747953772544861,0.9238118529319763,0.4521745443344116,0.2737985849380493,0.6186237931251526,0.37410107254981995,0.04366527497768402,0.27812615036964417,-0.8475042581558228,-0.8992266058921814,0.8865483403205872,0.8874792456626892,0.8229448795318604,0.8938708305358887,0.10695870220661163,-0.7264609336853027,0.8092103600502014,-0.8049659132957458,0.8810083270072937,0.8068729639053345,-0.7734487056732178,0.8546043634414673,-0.7735925316810608,-0.8936564922332764,0.9078639149665833,0.9088208079338074,0.5169963836669922,0.8731868267059326,0.9323704838752747,0.5238068699836731,0.888140857219696,0.9134650230407715,-0.7818180322647095,0.6620350480079651,0.8791406154632568,0.7995001077651978,0.6366140842437744,-0.7490156888961792,0.8760104179382324,0.9388638138771057,0.24535974860191345,0.9071338772773743,0.2030755877494812,-0.7376525402069092,0.7318981289863586,0.6097121834754944,0.9162582159042358,0.8206374049186707,0.8984022736549377,0.15801487863063812,0.6151098012924194,0.7676289081573486,0.6847915053367615,0.898181140422821,0.3008064925670624,0.8795375823974609,0.3743758499622345,-0.7875169515609741,-0.8064145445823669,0.9007496237754822
-0.6467203497886658,0.7534707188606262,0.6727114915847778,-0.7386899590492249,0.7000144124031067,0.6115904450416565,0.7094581127166748,1.0,-0.5896508097648621,0.5699590444564819,0.8688318133354187,0.6705608367919922,-0.7411449551582336,0.7130120992660522,0.7974116802215576,-0.5840387344360352,0.4145311117172241,-0.689369797706604,0.44296565651893616,0.6273384690284729,0.7381756901741028,0.6413148045539856,0.6983203887939453,0.6097066402435303,0.23098717629909515,0.7186692357063293,-0.7890855073928833,0.503307580947876,0.6340559720993042,0.7389397025108337,0.5196648836135864,0.6685088872909546,-0.7012897729873657,0.6374825835227966,0.5338853597640991,0.7368301153182983,0.5581396222114563,0.061402495950460434,0.6212853789329529,0.7643125653266907,0.770578145980835,0.7809374332427979,0.5248528122901917,0.08441271632909775,0.27503007650375366,0.27071985602378845,0.22781270742416382,0.6753902435302734,-0.6993105411529541,-0.7076971530914307,0.7298087477684021,0.7750830054283142,0.7046998739242554,0.805810272693634,0.13278162479400635,-0.7784898281097412,0.654471218585968,-0.5727733969688416,0.6757326722145081,0.6046505570411682,-0.49158111214637756,0.7857268452644348,-0.7372026443481445,-0.7836810946464539,0.7698049545288086,0.7508987188339233,0.6496440172195435,0.7741344571113586,0.7344968914985657,0.3628787398338318,0.6856659650802612,0.7611088156700134,-0.7034744024276733,0.5888389348983765,0.7881976366043091,0.6823479533195496,0.5391122102737427,-0.7947921752929688,0.7582274079322815,0.7584353685379028,0.10532747954130173,0.685228168964386,0.19284731149673462,-0.6925751566886902,0.6232213973999023,0.4994743764400482,0.7641271352767944,0.6146051287651062,0.7931336760520935,0.07692920416593552,0.6150474548339844,0.7250820994377136,0.6773809790611267,0.7053138017654419,0.40205398201942444,0.70656818151474,0.31088224053382874,-0.72220379114151,-0.6409213542938232,0.7156278491020203
0.7142042517662048,-0.8672580122947693,-0.704608678817749,0.9158408641815186,-0.8478845357894897,-0.8009018898010254,-0.8112000226974487,-0.5896508097648621,1.0,-0.8393799662590027,-0.791841447353363,-0.7965244054794312,0.6350374221801758,-0.8030115962028503,-0.8182118535041809,0.6133742332458496,-0.4752032160758972,0.8502271175384521,-0.6043897271156311,-0.8256019353866577,-0.7001394629478455,-0.8550252914428711,-0.7458896636962891,-0.7284594178199768,-0.24066706001758575,-0.7499535083770752,0.8463308811187744,-0.7605924010276794,-0.7065680623054504,-0.7154455184936523,-0.5041623711585999,-0.8082641363143921,0.8014593124389648,-0.47396525740623474,-0.6292930245399475,-0.7998771071434021,-0.6562848687171936,-0.21127867698669434,-0.6406500935554504,-0.8844165205955505,-0.7932241559028625,-0.8580473065376282,-0.4561064839363098,-0.28181636333465576,-0.7102991342544556,-0.25931066274642944,-0.19977045059204102,-0.36218371987342834,0.7619407176971436,0.7804863452911377,-0.8540262579917908,-0.7987666726112366,-0.7744553685188293,-0.8508118987083435,-0.23285651206970215,0.7616744637489319,-0.7170500159263611,0.8798972964286804,-0.81247478723526,-0.7642714381217957,0.7368894219398499,-0.7895629405975342,0.7446637153625488,0.7946060299873352,-0.8286844491958618,-0.8343847990036011,-0.582391619682312,-0.8259068131446838,-0.8449030518531799,-0.6657697558403015,-0.9005467295646667,-0.8403252959251404,0.7666376233100891,-0.39895620942115784,-0.7573488354682922,-0.6183395981788635,-0.5158061385154724,0.787634551525116,-0.8088459372520447,-0.8517854809761047,-0.2679688632488251,-0.7304123640060425,-0.18937301635742188,0.7267837524414062,-0.7735973596572876,-0.562373161315918,-0.8246805667877197,-0.7982854843139648,-0.8003237843513489,-0.2061092108488083,-0.6846181750297546,-0.6578671336174011,-0.5795902013778687,-0.8835605978965759,-0.3207629323005676,-0.688463032245636,-0.546453595161438,0.666106641292572,0.700724184513092,-0.8464565873146057
-0.6382112503051758,0.8673421144485474,0.6511843800544739,-0.8499783873558044,0.8138272166252136,0.8698073029518127,0.8202757835388184,0.5699590444564819,-0.8393799662590027,1.0,0.7712211608886719,0.8242126107215881,-0.7320101261138916,0.8612585067749023,0.8053033351898193,-0.6660779714584351,0.39768892526626587,-0.833035945892334,0.6172907948493958,0.7848547697067261,0.7123385071754456,0.8268080353736877,0.7525549530982971,0.708384096622467,0.2439771145582199,0.7121216058731079,-0.7497004270553589,0.7333312630653381,0.6116495728492737,0.736756443977356,0.6433295607566833,0.8181551694869995,-0.8544429540634155,0.5130728483200073,0.4207916557788849,0.7827648520469666,0.5331864356994629,0.14444981515407562,0.7110157608985901,0.8448513746261597,0.8232895135879517,0.8621924519538879,0.40864652395248413,0.13286784291267395,0.5982829928398132,0.21359170973300934,0.19631579518318176,0.2509777843952179,-0.8506532907485962,-0.7269870638847351,0.7861366868019104,0.8064900636672974,0.6973342895507812,0.8132091760635376,0.37975963950157166,-0.7338131666183472,0.6887384057044983,-0.822028398513794,0.837849497795105,0.7805712223052979,-0.808031439781189,0.7457448244094849,-0.643356442451477,-0.8423010110855103,0.7593055367469788,0.8200380206108093,0.3742469549179077,0.7643546462059021,0.8560032248497009,0.40953296422958374,0.8228795528411865,0.7689623832702637,-0.6626379489898682,0.4816322326660156,0.8343839645385742,0.6611586213111877,0.40384024381637573,-0.691286563873291,0.7886609435081482,0.8688996434211731,0.2555255889892578,0.793501615524292,0.3110157549381256,-0.6530002951622009,0.6787116527557373,0.7000541687011719,0.8218017816543579,0.7878058552742004,0.8199795484542847,0.24999207258224487,0.5018770694732666,0.7398056387901306,0.6270269751548767,0.7981866002082825,0.3309043049812317,0.7783852219581604,0.47006139159202576,-0.6960433125495911,-0.7271164059638977,0.8213743567466736
-0.8003718852996826,0.9138282537460327,0.8147655725479126,-0.8980424404144287,0.9080252051353455,0.8011496663093567,0.8941282033920288,0.8688318133354187,-0.791841447353363,0.7712211608886719,1.0,0.8801822662353516,-0.8200020790100098,0.9014835357666016,0.9443516135215759,-0.680878758430481,0.502784013748169,-0.8939943909645081,0.5445072054862976,0.7973297238349915,0.818890392780304,0.8835403323173523,0.9268805384635925,0.8135821223258972,0.22374321520328522,0.8785713911056519,-0.9350845217704773,0.7871540188789368,0.7563197612762451,0.9068859815597534,0.5719788074493408,0.8580808639526367,-0.9054813385009766,0.7536354660987854,0.669383704662323,0.9015151858329773,0.6202368140220642,0.18850840628147125,0.7432306408882141,0.9304572343826294,0.9430264234542847,0.9477760195732117,0.5174337029457092,0.2656742334365845,0.5818811058998108,0.44649186730384827,0.1136007234454155,0.5915067791938782,-0.8725247383117676,-0.851315975189209,0.9359792470932007,0.9202626943588257,0.885413408279419,0.952226459980011,0.1789034605026245,-0.8963783979415894,0.8196728229522705,-0.8209816813468933,0.8949555158615112,0.8002817034721375,-0.7814670205116272,0.9205259084701538,-0.8760135173797607,-0.9348845481872559,0.9213829040527344,0.919265866279602,0.6233260035514832,0.9398910999298096,0.9022860527038574,0.5243584513664246,0.8989394307136536,0.9288961291313171,-0.7954661250114441,0.607566237449646,0.8772797584533691,0.7953339219093323,0.6558157205581665,-0.8391474485397339,0.9120728373527527,0.9662556052207947,0.1606067419052124,0.8642550110816956,0.19890066981315613,-0.823986291885376,0.7920445799827576,0.6446466445922852,0.9265280961990356,0.8604509830474854,0.9482651948928833,0.2554224133491516,0.7139841914176941,0.8376002311706543,0.6775974631309509,0.8676865100860596,0.3468174338340759,0.8592603802680969,0.3489729166030884,-0.8159037828445435,-0.8011635541915894,0.9125413298606873
-0.8402230739593506,0.8527461886405945,0.7294098138809204,-0.9021686911582947,0.9025694727897644,0.8777785897254944,0.8775511980056763,0.6705608367919922,-0.7965244054794312,0.8242126107215881,0.8801822662353516,1.0,-0.7063940167427063,0.8607607483863831,0.9060779213905334,-0.7192831635475159,0.49048757553100586,-0.8627602458000183,0.5795285701751709,0.7619256973266602,0.806429922580719,0.8879000544548035,0.8313169479370117,0.8679643273353577,0.30582720041275024,0.8604103326797485,-0.8810622692108154,0.9121086001396179,0.6852859258651733,0.9268844723701477,0.7144106030464172,0.9214827418327332,-0.8969371318817139,0.7936847805976868,0.6550160646438599,0.8354561924934387,0.6142314076423645,0.257615327835083,0.7419435381889343,0.9155743718147278,0.9288510680198669,0.9359473586082458,0.33691781759262085,0.18610844016075134,0.5731680393218994,0.4329819083213806,0.2062598019838333,0.3314328193664551,-0.8883682489395142,-0.8543636202812195,0.9086464047431946,0.9140545725822449,0.8176590204238892,0.8703380227088928,0.24842029809951782,-0.8089441657066345,0.8130435347557068,-0.7871079444885254,0.9150896072387695,0.8559497594833374,-0.8856568336486816,0.8296941518783569,-0.8241255283355713,-0.9239001274108887,0.8938149213790894,0.8817655444145203,0.5331473350524902,0.8738524913787842,0.8895432353019714,0.5100997090339661,0.9015796780586243,0.9027881622314453,-0.7674781680107117,0.6639501452445984,0.8583699464797974,0.8178741931915283,0.7048917412757874,-0.7605603337287903,0.8960456252098083,0.9230588674545288,0.13783930242061615,0.8794282674789429,0.10575950890779495,-0.8354870080947876,0.7624452114105225,0.6683161854743958,0.943263828754425,0.8071663975715637,0.9093037247657776,0.16951076686382294,0.5128505825996399,0.8031321167945862,0.7012890577316284,0.9139606952667236,0.2594068944454193,0.8677079081535339,0.44894495606422424,-0.6940457820892334,-0.8330899477005005,0.9102802276611328
0.6843326687812805,-0.8104166388511658,-0.5930719971656799,0.6702449321746826,-0.7147787809371948,-0.706763505935669,-0.7372183799743652,-0.7411449551582336,0.6350374221801758,-0.7320101261138916,-0.8200020790100098,-0.7063940167427063,1.0,-0.6986872553825378,-0.731928288936615,0.6163002848625183,-0.42357397079467773,0.7232058644294739,-0.5640051960945129,-0.6599090695381165,-0.7467116117477417,-0.7687622308731079,-0.6898691058158875,-0.6674796342849731,-0.14046165347099304,-0.6896307468414307,0.7126814723014832,-0.6357899308204651,-0.5834639072418213,-0.7141013741493225,-0.4458130896091461,-0.6893195509910583,0.7253917455673218,-0.4650590419769287,-0.46657833456993103,-0.7382826209068298,-0.5069953799247742,-0.1766873300075531,-0.665997326374054,-0.788728654384613,-0.7560078501701355,-0.8079012036323547,-0.5352086424827576,-0.22192755341529846,-0.5849175453186035,-0.29584020376205444,-0.19121646881103516,-0.46392133831977844,0.7017319202423096,0.696021318435669,-0.784817636013031,-0.7639930844306946,-0.7915628552436829,-0.7673099637031555,-0.19753478467464447,0.7061572074890137,-0.7241522073745728,0.6933601498603821,-0.7811805009841919,-0.7091853022575378,0.6531830430030823,-0.6753078103065491,0.6101985573768616,0.830608606338501,-0.7323808073997498,-0.8478654623031616,-0.2738220989704132,-0.7625958323478699,-0.8208435773849487,-0.42833903431892395,-0.6931832432746887,-0.6667432188987732,0.7120869755744934,-0.4618511199951172,-0.8132709264755249,-0.6683476567268372,-0.4745785593986511,0.6349995732307434,-0.754822313785553,-0.7967547178268433,-0.1453268826007843,-0.7555603981018066,-0.14692310988903046,0.6578719019889832,-0.4890346825122833,-0.5940861105918884,-0.7609280347824097,-0.6856099367141724,-0.736944317817688,-0.21441277861595154,-0.5757779479026794,-0.8298661708831787,-0.5510777235031128,-0.6614174842834473,-0.4063984751701355,-0.7106938362121582,-0.24839572608470917,0.5846484303474426,0.6753048300743103,-0.6912341117858887
-0.7170843482017517,0.9109007716178894,0.8431789875030518,-0.9223443269729614,0.910448431968689,0.8121581673622131,0.8802703619003296,0.7130120992660522,-0.8030115962028503,0.8612585067749023,0.9014835357666016,0.8607607483863831,-0.6986872553825378,1.0,0.9409407377243042,-0.7515159249305725,0.4093570113182068,-0.8392326235771179,0.46571794152259827,0.741902232170105,0.7274867296218872,0.8420836925506592,0.9043765068054199,0.7646587491035461,0.3210466802120209,0.855540931224823,-0.8721221685409546,0.7622479200363159,0.7994030117988586,0.8611771464347839,0.6659561395645142,0.8813767433166504,-0.9619095921516418,0.7222164869308472,0.5390753149986267,0.9442920088768005,0.5751954913139343,0.15041525661945343,0.7834711670875549,0.8823660016059875,0.9177838563919067,0.9058570265769958,0.44442638754844666,0.3135291635990143,0.6324599385261536,0.2505624294281006,0.1069638729095459,0.519932210445404,-0.9305088520050049,-0.8105471730232239,0.8956921696662903,0.8399774432182312,0.8078427314758301,0.9332593679428101,0.17906783521175385,-0.8308665752410889,0.7474985122680664,-0.8262195587158203,0.9080036282539368,0.8362253308296204,-0.8341009616851807,0.9290561079978943,-0.7640885710716248,-0.8745025992393494,0.8689334988594055,0.8924009799957275,0.5351660847663879,0.9186885952949524,0.8792867660522461,0.5705285668373108,0.9062522649765015,0.8919489979743958,-0.7304035425186157,0.6271329522132874,0.8513529300689697,0.6613714098930359,0.5393219590187073,-0.8476530313491821,0.9132668972015381,0.9480158090591431,0.19601693749427795,0.8558048009872437,0.23156331479549408,-0.7297179698944092,0.8044276237487793,0.6775956153869629,0.9152631759643555,0.8192364573478699,0.942132294178009,0.3627583384513855,0.6310203075408936,0.7947277426719666,0.6968574523925781,0.8602027893066406,0.26011666655540466,0.8452412486076355,0.33140310645103455,-0.8101890683174133,-0.7927843332290649,0.9130972027778625
-0.8349322080612183,0.9053981304168701,0.8521198034286499,-0.9348604083061218,0.9240418076515198,0.8123212456703186,0.8698509931564331,0.7974116802215576,-0.8182118535041809,0.8053033351898193,0.9443516135215759,0.9060779213905334,-0.731928288936615,0.9409407377243042,1.0,-0.705009937286377,0.5468859672546387,-0.8253124952316284,0.47973865270614624,0.7847896814346313,0.7591069936752319,0.9014188051223755,0.8898165225982666,0.8024856448173523,0.27422481775283813,0.8594093322753906,-0.9194564819335938,0.8010014295578003,0.7803177237510681,0.8921667337417603,0.6558263301849365,0.8815475702285767,-0.9277387857437134,0.8070547580718994,0.6798689961433411,0.951738715171814,0.5297894477844238,0.11254735291004181,0.7479625940322876,0.9180204272270203,0.9401615858078003,0.9419543147087097,0.4100434184074402,0.28209546208381653,0.614489734172821,0.3352213501930237,0.14763329923152924,0.6147288680076599,-0.9083243012428284,-0.8305610418319702,0.949091911315918,0.8867357969284058,0.849701464176178,0.9510171413421631,0.256080687046051,-0.8981999754905701,0.7867857813835144,-0.7978776693344116,0.9207868576049805,0.8624832630157471,-0.863813042640686,0.9285234212875366,-0.8369747400283813,-0.9187511205673218,0.9279269576072693,0.9268645644187927,0.6386727094650269,0.9396324157714844,0.8737441897392273,0.5970227718353271,0.918027937412262,0.9401348233222961,-0.7912798523902893,0.6788960695266724,0.8823115229606628,0.7205069065093994,0.624936580657959,-0.9034569263458252,0.9124656319618225,0.9446592926979065,0.2157277911901474,0.8538632392883301,0.13432826101779938,-0.824443519115448,0.8325638771057129,0.6252272725105286,0.9417935609817505,0.7949630618095398,0.9380872845649719,0.2985934615135193,0.6348132491111755,0.7934737801551819,0.6777293086051941,0.8983178734779358,0.3424329459667206,0.8577515482902527,0.4167146384716034,-0.786543607711792,-0.795802652835846,0.902176022529602
0.6072051525115967,-0.7320877313613892,-0.56712406873703,0.716111421585083,-0.7784587144851685,-0.6838590502738953,-0.7081726789474487,-0.5840387344360352,0.6133742332458496,-0.6660779714584351,-0.680878758430481,-0.7192831635475159,0.6163002848625183,-0.7515159249305725,-0.705009937286377,1.0,-0.3335686922073364,0.6842922568321228,-0.3640750050544739,-0.48986393213272095,-0.6190242767333984,-0.6144000887870789,-0.672497034072876,-0.5985631346702576,-0.24758535623550415,-0.6743571758270264,0.6859665513038635,-0.7205890417098999,-0.5633743405342102,-0.729404091835022,-0.4855557084083557,-0.7207855582237244,0.7375227212905884,-0.5381258726119995,-0.6068569421768188,-0.7038640975952148,-0.4900881350040436,-0.17538583278656006,-0.5662602186203003,-0.7265252470970154,-0.7571287751197815,-0.7510432004928589,-0.3034629225730896,-0.2691621780395508,-0.48845216631889343,-0.30580979585647583,-0.14729662239551544,-0.36911481618881226,0.6890698671340942,0.714512825012207,-0.7333035469055176,-0.7707614898681641,-0.6638244986534119,-0.7352015376091003,-0.22890765964984894,0.642794668674469,-0.6791712641716003,0.6555713415145874,-0.7913175821304321,-0.6566394567489624,0.5883622169494629,-0.7265751957893372,0.623695969581604,0.713145911693573,-0.720154881477356,-0.7777122855186462,-0.4753930866718292,-0.7793505191802979,-0.7987079620361328,-0.6337544918060303,-0.7235742211341858,-0.6773638129234314,0.6141898036003113,-0.4787544310092926,-0.6365894675254822,-0.44826024770736694,-0.5519687533378601,0.6847686767578125,-0.8338468074798584,-0.749625027179718,-0.1930461972951889,-0.7066827416419983,-0.22653523087501526,0.6570378541946411,-0.6617419719696045,-0.5482150912284851,-0.7567452788352966,-0.7037566304206848,-0.8130928874015808,-0.18188223242759705,-0.4223429560661316,-0.5809031128883362,-0.635246753692627,-0.7811775207519531,-0.27018311619758606,-0.7180918455123901,-0.39398956298828125,0.5735289454460144,0.7093669772148132,-0.6962552666664124
-0.4954175055027008,0.4851871132850647,0.2502993643283844,-0.48483458161354065,0.5143799781799316,0.5866026878356934,0.49303558468818665,0.4145311117172241,-0.4752032160758972,0.39768892526626587,0.502784013748169,0.49048757553100586,-0.42357397079467773,0.4093570113182068,0.5468859672546387,-0.3335686922073364,1.0,-0.3354019224643707,0.41075336933135986,0.544765830039978,0.37777405977249146,0.578395426273346,0.35283803939819336,0.45183485746383667,-0.11447867006063461,0.3122394382953644,-0.39574557542800903,0.37840327620506287,0.4449193477630615,0.47800540924072266,0.2013816386461258,0.41860899329185486,-0.32835298776626587,0.45652952790260315,0.41388535499572754,0.5100075006484985,0.08695326000452042,0.05060681328177452,0.23589497804641724,0.4620620608329773,0.473163902759552,0.516006588935852,0.21489569544792175,0.3302280604839325,0.45267772674560547,0.41440126299858093,0.02467585727572441,0.22012273967266083,-0.48563045263290405,-0.4260789453983307,0.44627130031585693,0.39338669180870056,0.36674579977989197,0.46236452460289,0.20458436012268066,-0.5362071394920349,0.49145302176475525,-0.2918505072593689,0.4569026827812195,0.4384886920452118,-0.5583196878433228,0.3657279908657074,-0.36120933294296265,-0.47104594111442566,0.5262559056282043,0.5506793260574341,0.6079340577125549,0.49983885884284973,0.42486897110939026,0.32906490564346313,0.4732646644115448,0.4998399019241333,-0.5334986448287964,0.19253255426883698,0.49497297406196594,0.36512941122055054,0.19261667132377625,-0.5862876772880554,0.49673858284950256,0.5233296155929565,-0.06519726663827896,0.3101499080657959,0.18999508023262024,-0.3089565634727478,0.32909756898880005,0.1310882419347763,0.48197922110557556,0.34995657205581665,0.4203197658061981,-0.12130872905254364,0.16023467481136322,0.25299373269081116,0.2885502278804779,0.42398709058761597,0.14677903056144714,0.43282195925712585,0.4554562568664551,-0.37161076068878174,-0.3687008321285248,0.3910978138446808
0.686403751373291,-0.8847492933273315,-0.7112650871276855,0.8533346056938171,-0.8855423331260681,-0.7841387391090393,-0.8518968224525452,-0.689369797706604,0.8502271175384521,-0.833035945892334,-0.8939943909645081,-0.8627602458000183,0.7232058644294739,-0.8392326235771179,-0.8253124952316284,0.6842922568321228,-0.3354019224643707,1.0,-0.5766993761062622,-0.8259986639022827,-0.8007256388664246,-0.7964603304862976,-0.877231240272522,-0.7932692766189575,-0.33738359808921814,-0.8680306673049927,0.8785337805747986,-0.8673921823501587,-0.6961652040481567,-0.8672803640365601,-0.48418083786964417,-0.8503730893135071,0.8739710450172424,-0.5748816728591919,-0.615874707698822,-0.7783786654472351,-0.690735936164856,-0.19925060868263245,-0.6679251194000244,-0.9147315621376038,-0.8942602872848511,-0.9306045770645142,-0.4138840436935425,-0.21354402601718903,-0.6263335943222046,-0.5034553408622742,-0.2119527906179428,-0.3394691050052643,0.7994974255561829,0.7828704714775085,-0.8778288960456848,-0.9261875152587891,-0.8271421194076538,-0.8868794441223145,-0.222242072224617,0.8025777339935303,-0.7907435297966003,0.8769806027412415,-0.8652463555335999,-0.7604220509529114,0.758750855922699,-0.8240926265716553,0.8619565367698669,0.8723630905151367,-0.8706449866294861,-0.8156495690345764,-0.5361108779907227,-0.8457227945327759,-0.9029817581176758,-0.5396116971969604,-0.8945833444595337,-0.8685145974159241,0.7586858868598938,-0.4181179404258728,-0.7326942682266235,-0.7942450046539307,-0.5811217427253723,0.6994540691375732,-0.8370652198791504,-0.9139256477355957,-0.20780371129512787,-0.7873786091804504,-0.24504972994327545,0.7792954444885254,-0.8214136362075806,-0.6533257365226746,-0.856913149356842,-0.8962863683700562,-0.8906651139259338,-0.23249119520187378,-0.6390699148178101,-0.7877103686332703,-0.5369834303855896,-0.8806780576705933,-0.3502506613731384,-0.8160305023193359,-0.28983381390571594,0.7731513381004333,0.7736624479293823,-0.9290711879730225
-0.5160227417945862,0.6024307012557983,0.2851369380950928,-0.6030596494674683,0.6176645755767822,0.698367178440094,0.6905824542045593,0.44296565651893616,-0.6043897271156311,0.6172907948493958,0.5445072054862976,0.5795285701751709,-0.5640051960945129,0.46571794152259827,0.47973865270614624,-0.3640750050544739,0.41075336933135986,-0.5766993761062622,1.0,0.6848684549331665,0.7164545655250549,0.6441597938537598,0.46440935134887695,0.646747887134552,0.014711137861013412,0.3758177161216736,-0.5103269219398499,0.5498746037483215,0.5059416890144348,0.613558292388916,0.5379285216331482,0.6342208385467529,-0.5354517698287964,0.23772181570529938,0.30309155583381653,0.4778268039226532,0.525490939617157,0.020256156101822853,0.5059424042701721,0.6002423763275146,0.5371204018592834,0.6274915337562561,0.2992114722728729,0.11995082348585129,0.4959030747413635,0.16824036836624146,0.02106896974146366,-0.17579443752765656,-0.6067760586738586,-0.5429843068122864,0.5446153283119202,0.5683236718177795,0.5715963244438171,0.48115110397338867,0.045999690890312195,-0.46250882744789124,0.6341202259063721,-0.47529539465904236,0.5896669030189514,0.49245935678482056,-0.42536070942878723,0.5114924311637878,-0.6070862412452698,-0.6778643727302551,0.613178014755249,0.5867174863815308,0.3102242648601532,0.48980000615119934,0.6986739039421082,0.24567292630672455,0.5323531627655029,0.49915793538093567,-0.6242576241493225,0.4588508903980255,0.5911903977394104,0.6166601181030273,0.2673555314540863,-0.4561604857444763,0.5702541470527649,0.5957552194595337,0.20794396102428436,0.6307826042175293,0.4152132570743561,-0.5229357481002808,0.43883857131004333,0.5136457085609436,0.6306701302528381,0.4814542829990387,0.4923389256000519,-0.03928744047880173,0.34165263175964355,0.4726724922657013,0.40666264295578003,0.6171690225601196,0.25883930921554565,0.4938904643058777,0.2919940650463104,-0.27224329113960266,-0.5475800037384033,0.5731183886528015
-0.6948316693305969,0.773520827293396,0.5555006265640259,-0.7987968921661377,0.8111280202865601,0.7457963824272156,0.7566630840301514,0.6273384690284729,-0.8256019353866577,0.7848547697067261,0.7973297238349915,0.7619256973266602,-0.6599090695381165,0.741902232170105,0.7847896814346313,-0.48986393213272095,0.544765830039978,-0.8259986639022827,0.6848684549331665,1.0,0.8048486709594727,0.7870014309883118,0.7090492844581604,0.7676218748092651,0.37978431582450867,0.7211909294128418,-0.8085444569587708,0.7205008864402771,0.7227863669395447,0.7838522791862488,0.4731219708919525,0.709770143032074,-0.7305291891098022,0.3889916241168976,0.4199932813644409,0.7350799441337585,0.46988579630851746,0.04772506654262543,0.6255121231079102,0.8137369155883789,0.7833109498023987,0.8388951420783997,0.4107821583747864,0.24734646081924438,0.6118359565734863,0.43201789259910583,0.09105776250362396,0.322048544883728,-0.7953066229820251,-0.6834970712661743,0.7788335084915161,0.7672821283340454,0.7698573470115662,0.7818505167961121,0.2550767958164215,-0.8429667949676514,0.7863859534263611,-0.8030996918678284,0.7768760919570923,0.7304902672767639,-0.7123957872390747,0.714309811592102,-0.7394452095031738,-0.7981336116790771,0.8055511713027954,0.7306413054466248,0.6692910194396973,0.747295618057251,0.834224283695221,0.3838008642196655,0.7740568518638611,0.7855784893035889,-0.7016717791557312,0.4116112291812897,0.7223886847496033,0.6902757287025452,0.44325676560401917,-0.7615278959274292,0.7764673829078674,0.8180593252182007,0.21007287502288818,0.6961821913719177,0.2741833031177521,-0.5964491963386536,0.7157210111618042,0.6555247902870178,0.825494110584259,0.732075035572052,0.7417745590209961,0.14057916402816772,0.6287718415260315,0.6885798573493958,0.3585878014564514,0.7338683009147644,0.3530912399291992,0.7523103356361389,0.4127573072910309,-0.5650522708892822,-0.8019126653671265,0.7381344437599182
