1.0,-0.9170438051223755,-0.8125704526901245,0.9003824591636658,-0.831332802772522,-0.5667896866798401,-0.20201635360717773,-0.8987001776695251,0.960354745388031,-0.3652034401893616,-0.8899276256561279,-0.9325292110443115,0.8903200030326843,-0.5677535533905029,-0.9113779664039612,0.9460218548774719,-0.35564255714416504,0.9192649126052856,-0.9262102842330933,-0.25061652064323425,-0.9767751097679138,-0.9227888584136963,-0.8527857661247253,-0.9628662467002869,-0.3119403123855591,-0.24158889055252075,0.9800737500190735,-0.8729726076126099,-0.9168739914894104,-0.36235514283180237,-0.8502121567726135,-0.8739397525787354,0.8184346556663513,-0.892487645149231,-0.5845897793769836,-0.9171290993690491,-0.2506536841392517,-0.24250268936157227,-0.3735826909542084,-0.6297410130500793,-0.9458975195884705,-0.8435825109481812,-0.9232904314994812,-0.7194088101387024,-0.30370670557022095,-0.24623945355415344,-0.36802834272384644,-0.9440600275993347,0.9518983364105225,0.9668231010437012,-0.9411684274673462,-0.5672268867492676,-0.9261325001716614,-0.952692449092865,-0.5338947772979736,0.8949310183525085,-0.8175439238548279,0.9178785085678101,-0.600609302520752,-0.933609664440155,0.9703298807144165,-0.7941254377365112,0.9268935322761536,0.9499503374099731,-0.9079310894012451,-0.9449074268341064,-0.3379492461681366,-0.8541864156723022,-0.9395372271537781,-0.42547208070755005,-0.6472403407096863,-0.2861843407154083,0.9169661998748779,-0.8647710084915161,-0.8672499060630798,-0.6302117705345154,-0.43047088384628296,0.9280000329017639,-0.4915310740470886,-0.8428178429603577,-0.28481054306030273,-0.23375451564788818,-0.8075768947601318,0.9490811824798584,-0.8706956505775452,-0.2666398286819458,-0.7584481835365295,-0.5158081650733948,-0.9044633507728577,-0.2964937388896942,-0.4846707880496979,-0.7146927118301392,-0.8486713767051697,-0.4843219220638275,-0.8239279985427856,-0.9324917793273926,-0.7409105896949768,0.9755086302757263,0.9287603497505188,-0.90180504322052
-0.9170438051223755,1.0,0.7447574734687805,-0.8236698508262634,0.9187567234039307,0.656219482421875,0.015444097109138966,0.8222576379776001,-0.938816487789154,0.3367922902107239,0.8570014238357544,0.8591092228889465,-0.897951602935791,0.5349240899085999,0.8305394053459167,-0.8736481070518494,0.46309617161750793,-0.8915703892707825,0.8515912294387817,0.23076272010803223,0.8847202062606812,0.9262975454330444,0.8067303895950317,0.8788526058197021,0.23027320206165314,0.3280222713947296,-0.9098100662231445,0.8502820730209351,0.9318749904632568,0.2741718590259552,0.7863503098487854,0.8376573920249939,-0.8560596108436584,0.8103591203689575,0.6281272172927856,0.9030534625053406,0.20235933363437653,0.17964136600494385,0.3763134181499481,0.68497234582901,0.8801947236061096,0.8484115600585938,0.9194451570510864,0.7220941185951233,0.23915044963359833,0.32387739419937134,0.19096739590168,0.9224841594696045,-0.8701687455177307,-0.8968040943145752,0.8687340617179871,0.6240984797477722,0.9251836538314819,0.8898506760597229,0.4905073642730713,-0.8923084735870361,0.7853174209594727,-0.913112998008728,0.6282998323440552,0.8767760396003723,-0.9152829647064209,0.821309506893158,-0.8592435717582703,-0.8927560448646545,0.8603899478912354,0.8786136507987976,0.18540361523628235,0.7878983020782471,0.9008133411407471,0.4310047924518585,0.5302736163139343,0.24937847256660461,-0.8540427088737488,0.8388503193855286,0.8521047234535217,0.699828565120697,0.35328230261802673,-0.8483852744102478,0.6770697832107544,0.8395538330078125,0.3005048930644989,0.27767667174339294,0.868320107460022,-0.912468671798706,0.8719403743743896,0.20340435206890106,0.7278519868850708,0.541623592376709,0.8465796709060669,0.2928459644317627,0.3820803463459015,0.6906027793884277,0.7551230788230896,0.4808250665664673,0.7460304498672485,0.9242675304412842,0.6556870937347412,-0.9242154955863953,-0.8392578959465027,0.8742603659629822
-0.8125704526901245,0.7447574734687805,1.0,-0.7438796162605286,0.6352941989898682,0.431903213262558,0.21327529847621918,0.8619962334632874,-0.7859557271003723,0.23878128826618195,0.7647690176963806,0.8207529783248901,-0.8177462816238403,0.4002015292644501,0.8077433109283447,-0.7805885672569275,-0.01787385158240795,-0.7884081602096558,0.7724083065986633,0.03925809636712074,0.8336312770843506,0.7707305550575256,0.6494190096855164,0.812774658203125,0.5671471953392029,0.23458896577358246,-0.7772349715232849,0.8751921653747559,0.8167713284492493,0.3934573233127594,0.8274725675582886,0.8056378364562988,-0.6977773904800415,0.7715991139411926,0.518161952495575,0.8733478784561157,0.07651545107364655,0.22686874866485596,0.3761732280254364,0.6839708685874939,0.780408501625061,0.7084385752677917,0.8120696544647217,0.6117478013038635,0.1545427441596985,0.14025567471981049,0.30392712354660034,0.7841410636901855,-0.7910764813423157,-0.7720943689346313,0.8329862356185913,0.7424401044845581,0.7864589095115662,0.8345956802368164,0.32685333490371704,-0.809203565120697,0.8122786283493042,-0.721030592918396,0.7018375992774963,0.8225328326225281,-0.8051600456237793,0.7025431990623474,-0.8178883194923401,-0.7849856019020081,0.8322911262512207,0.7769960761070251,0.18647201359272003,0.7659458518028259,0.7620185017585754,0.40960606932640076,0.5830066204071045,0.21089346706867218,-0.6638789772987366,0.751120388507843,0.7650256752967834,0.45548543334007263,0.21274039149284363,-0.8033743500709534,0.5209364891052246,0.8057105541229248,0.13729499280452728,0.1673823744058609,0.6603329181671143,-0.8082518577575684,0.6446701288223267,0.13438564538955688,0.6641796231269836,0.3042576014995575,0.7602981925010681,0.12562094628810883,0.62224280834198,0.6315511465072632,0.6397071480751038,0.402560293674469,0.6691446304321289,0.7940443754196167,0.48194849491119385,-0.8035475611686707,-0.7404327988624573,0.7724867463111877
0.9003824591636658,-0.8236698508262634,-0.7438796162605286,1.0,-0.6979668140411377,-0.6519975066184998,-0.16769705712795258,-0.9018536806106567,0.8362829089164734,-0.4425189793109894,-0.8935191035270691,-0.8707899451255798,0.9066455364227295,-0.5277472734451294,-0.9311201572418213,0.9208476543426514,-0.40909260511398315,0.9419240951538086,-0.9148085117340088,-0.2741490602493286,-0.870531439781189,-0.8115052580833435,-0.8714816570281982,-0.8850823044776917,-0.2730657160282135,-0.36514395475387573,0.9402760863304138,-0.85533607006073,-0.8783707022666931,-0.3369385898113251,-0.8050767183303833,-0.8526731133460999,0.7744778394699097,-0.8311787843704224,-0.6063936948776245,-0.8942478895187378,-0.34494084119796753,-0.24500246345996857,-0.2853638231754303,-0.5253086686134338,-0.8455530405044556,-0.7816789150238037,-0.9177659749984741,-0.6118432283401489,-0.2787400484085083,-0.23596598207950592,-0.30545881390571594,-0.9290958046913147,0.9343045353889465,0.8492878079414368,-0.9122709035873413,-0.5097268223762512,-0.8963621854782104,-0.8984781503677368,-0.47904160618782043,0.927607536315918,-0.8547165393829346,0.8125423192977905,-0.6110091209411621,-0.9483003616333008,0.9073686003684998,-0.8738743662834167,0.9697977304458618,0.9738168120384216,-0.8397961258888245,-0.9061198830604553,-0.3574185371398926,-0.8896822333335876,-0.8827879428863525,-0.45959216356277466,-0.6156830787658691,-0.35469910502433777,0.7807981967926025,-0.801395058631897,-0.8600223064422607,-0.6255683898925781,-0.4000227451324463,0.9714509844779968,-0.4604657292366028,-0.8278050422668457,-0.1914791762828827,-0.24627946317195892,-0.8163096904754639,0.8443189263343811,-0.8398975133895874,-0.3437759578227997,-0.7247658371925354,-0.5577718615531921,-0.9113675951957703,-0.21426303684711456,-0.3934619128704071,-0.5247860550880432,-0.7523766160011292,-0.30277279019355774,-0.6960052251815796,-0.8846685290336609,-0.7071245908737183,0.9243787527084351,0.8875411152839661,-0.8576521873474121
-0.831332802772522,0.9187567234039307,0.6352941989898682,-0.6979668140411377,1.0,0.5630860328674316,0.04074819013476372,0.6970837712287903,-0.9051092863082886,0.35346630215644836,0.7492570877075195,0.8048014044761658,-0.8011030554771423,0.6543192267417908,0.7356420755386353,-0.7965383529663086,0.5643411874771118,-0.7888734340667725,0.7119753360748291,0.2673024833202362,0.8083499670028687,0.8772913217544556,0.6683001518249512,0.7911854982376099,0.2852492928504944,0.17078456282615662,-0.8077036738395691,0.7104429006576538,0.8339405655860901,0.12086719274520874,0.6454043984413147,0.7441287040710449,-0.8237670660018921,0.7584768533706665,0.5152050256729126,0.8059731721878052,0.09282274544239044,0.19152003526687622,0.38115212321281433,0.7690816521644592,0.852290153503418,0.844804584980011,0.849808394908905,0.582179605960846,0.15897536277770996,0.37055519223213196,0.2072620540857315,0.8501653671264648,-0.7881933450698853,-0.8504853844642639,0.7241551876068115,0.5084854364395142,0.8559470176696777,0.8023195266723633,0.5416692495346069,-0.792624294757843,0.6461808681488037,-0.8716473579406738,0.4661191701889038,0.7324622273445129,-0.8450284004211426,0.7408823370933533,-0.715843915939331,-0.8009817004203796,0.7770178318023682,0.8083598613739014,0.2638559639453888,0.7290254831314087,0.8191362619400024,0.3714631199836731,0.42336639761924744,0.26232078671455383,-0.8383817672729492,0.7585921287536621,0.734484851360321,0.7568466663360596,0.3584335744380951,-0.7205166220664978,0.6234155297279358,0.8279675841331482,0.22668667137622833,0.18545204401016235,0.7840124368667603,-0.8428562879562378,0.8228790760040283,0.18611827492713928,0.6884331703186035,0.5576437711715698,0.7487343549728394,0.09335366636514664,0.33377882838249207,0.6138582825660706,0.7183400392532349,0.4288637042045593,0.6468924283981323,0.8253698945045471,0.7321953773498535,-0.8452643156051636,-0.7591162323951721,0.8662793636322021
-0.5667896866798401,0.656219482421875,0.431903213262558,-0.6519975066184998,0.5630860328674316,1.0,-0.007372193969786167,0.5186609625816345,-0.5839170813560486,0.39033782482147217,0.602290689945221,0.5354725122451782,-0.5642027258872986,0.26868441700935364,0.648521363735199,-0.6229069232940674,0.41347119212150574,-0.7019850611686707,0.6378186941146851,0.04051998630166054,0.5353067517280579,0.5430168509483337,0.5193098783493042,0.5458417534828186,-0.15326188504695892,0.5856387615203857,-0.6294459700584412,0.5455954074859619,0.6614090204238892,0.28287065029144287,0.6312015652656555,0.6503442525863647,-0.5622161626815796,0.5016463994979858,0.5003117322921753,0.5499969720840454,0.03515031561255455,0.13600121438503265,0.3131371736526489,0.33632075786590576,0.5157327055931091,0.5458219647407532,0.6075653433799744,0.4678330719470978,0.014077414758503437,0.1607775241136551,0.24722842872142792,0.6454712748527527,-0.6352317333221436,-0.5993937253952026,0.5422422885894775,0.25622570514678955,0.6340296268463135,0.6167628765106201,0.3683299422264099,-0.6514602303504944,0.6001091003417969,-0.5179629921913147,0.21051625907421112,0.6718557476997375,-0.640629768371582,0.5911918878555298,-0.6456905603408813,-0.6494197845458984,0.5486529469490051,0.5696719288825989,-0.09149561077356339,0.5703696608543396,0.6305575966835022,0.41395485401153564,0.21140313148498535,0.2346886545419693,-0.4895819127559662,0.5860179662704468,0.6687210202217102,0.5422482490539551,0.2870692312717438,-0.5885571241378784,0.6279536485671997,0.49783074855804443,0.23768189549446106,-0.0054056416265666485,0.5259191393852234,-0.49584949016571045,0.6443691849708557,0.36519643664360046,0.6168801188468933,0.6602922081947327,0.6654531955718994,0.10332796722650528,0.007216314785182476,0.3975377380847931,0.46675997972488403,0.32255682349205017,0.5055420398712158,0.6374361515045166,0.48966383934020996,-0.677077054977417,-0.5582258701324463,0.5971184372901917
-0.20201635360717773,0.015444097109138966,0.21327529847621918,-0.16769705712795258,0.04074819013476372,-0.007372193969786167,1.0,0.21777112782001495,-0.18557904660701752,0.05810679495334625,0.04555385559797287,0.11802703142166138,-0.1491275280714035,0.1519397646188736,0.3270033597946167,-0.19422318041324615,0.0409698560833931,-0.1764775514602661,0.09508627653121948,0.0447075255215168,0.17266516387462616,0.1451294869184494,0.1801210343837738,0.22466085851192474,0.027971679344773293,0.09591750055551529,-0.21160167455673218,0.2313232123851776,0.10672377794981003,-0.024769896641373634,0.144933819770813,0.08429113775491714,-0.19773556292057037,0.34007829427719116,0.1467173993587494,0.16973775625228882,0.03690720349550247,0.0137190455570817,0.20658892393112183,0.15781767666339874,0.11896699666976929,0.07423228025436401,0.11612289398908615,0.15149512887001038,0.019749030470848083,0.04115937650203705,0.10850893706083298,0.14638273417949677,-0.22068367898464203,-0.20414851605892181,0.12481503188610077,0.04935567453503609,0.0719817727804184,0.2086993008852005,-0.046383846551179886,-0.19529709219932556,0.13946259021759033,-0.16802360117435455,-0.05379895865917206,0.17740996181964874,-0.21007603406906128,0.263288289308548,-0.1963079571723938,-0.18232513964176178,0.1914089471101761,0.16514869034290314,0.11309948563575745,0.15754185616970062,0.1504068374633789,0.14388763904571533,0.10093048214912415,0.061419352889060974,-0.22052060067653656,0.05834875628352165,0.07088331878185272,-0.14324595034122467,0.08644305169582367,-0.2226446270942688,-0.08196920156478882,0.19237330555915833,0.0547819659113884,0.012674735859036446,0.16524295508861542,-0.1947963684797287,0.1679186373949051,0.01258578896522522,0.2737142741680145,0.21182936429977417,0.19327548146247864,0.04552013427019119,0.13490945100784302,-0.2070448249578476,0.19673407077789307,0.2003326416015625,0.12938468158245087,0.1537742018699646,0.07841295003890991,-0.20411382615566254,-0.16765420138835907,0.06193021312355995
-0.8987001776695251,0.8222576379776001,0.8619962334632874,-0.9018536806106567,0.6970837712287903,0.5186609625816345,0.21777112782001495,1.0,-0.8162356615066528,0.3872654438018799,0.9159910678863525,0.8937078714370728,-0.8983280658721924,0.5732507705688477,0.9244030714035034,-0.8991686105728149,0.3285576105117798,-0.880487859249115,0.8961396813392639,0.1733953356742859,0.8820326924324036,0.8591064214706421,0.8398696184158325,0.9086454510688782,0.3398851454257965,0.2967066764831543,-0.9025935530662537,0.9305043816566467,0.8521435856819153,0.44229114055633545,0.8443773984909058,0.8849912881851196,-0.7711886167526245,0.884432315826416,0.6168756484985352,0.9152538776397705,0.18849724531173706,0.1803363412618637,0.3236100673675537,0.5763493180274963,0.8582149744033813,0.7787943482398987,0.8935843706130981,0.5801792144775391,0.16755598783493042,0.21491950750350952,0.30243951082229614,0.9174268841743469,-0.9100837111473083,-0.8193844556808472,0.940626859664917,0.5820117592811584,0.827131986618042,0.9046456813812256,0.4892967939376831,-0.8858954906463623,0.8924398422241211,-0.7542030811309814,0.6991986036300659,0.9486918449401855,-0.8925969004631042,0.7862036228179932,-0.928854763507843,-0.9302677512168884,0.8568230867385864,0.9298719763755798,0.3906661570072174,0.8498303890228271,0.874700129032135,0.4096413552761078,0.5729457139968872,0.2856172025203705,-0.7831128835678101,0.813403844833374,0.8697329759597778,0.6228625178337097,0.31828993558883667,-0.9410755634307861,0.4313214123249054,0.8401743173599243,0.236789271235466,0.268989622592926,0.7785162925720215,-0.8993010520935059,0.7579435706138611,0.0608711764216423,0.57763671875,0.5179126858711243,0.9027961492538452,0.265278697013855,0.5551570057868958,0.598028838634491,0.7587852478027344,0.2852174937725067,0.7093166708946228,0.8363134264945984,0.6776981353759766,-0.9012860059738159,-0.8864166140556335,0.8237165808677673
0.960354745388031,-0.938816487789154,-0.7859557271003723,0.8362829089164734,-0.9051092863082886,-0.5839170813560486,-0.18557904660701752,-0.8162356615066528,1.0,-0.32856014370918274,-0.8070282936096191,-0.8831378221511841,0.8561725616455078,-0.5708710551261902,-0.8646561503410339,0.9223260879516602,-0.37798818945884705,0.893100917339325,-0.8501152992248535,-0.2601151168346405,-0.9402781128883362,-0.9124050736427307,-0.7423295974731445,-0.9152137041091919,-0.34336578845977783,-0.27577680349349976,0.9340885877609253,-0.8485077023506165,-0.8968548774719238,-0.28970515727996826,-0.8141327500343323,-0.8491178154945374,0.8498192429542542,-0.8438960313796997,-0.53853839635849,-0.8909882307052612,-0.22494764626026154,-0.2511530816555023,-0.4170542359352112,-0.7133783102035522,-0.926524817943573,-0.863950252532959,-0.9021989107131958,-0.7281801104545593,-0.2873709201812744,-0.3713069260120392,-0.3906918466091156,-0.9146748185157776,0.913294792175293,0.9731985926628113,-0.867199718952179,-0.5564380884170532,-0.9061895608901978,-0.9311937093734741,-0.5318679809570312,0.8878383636474609,-0.7772051692008972,0.9454628825187683,-0.5757705569267273,-0.8742594122886658,0.954824686050415,-0.7793152928352356,0.8667402267456055,0.9167882204055786,-0.8987070322036743,-0.8820868730545044,-0.22528091073036194,-0.8001609444618225,-0.8924416899681091,-0.4686333239078522,-0.6311578750610352,-0.3299694061279297,0.9207373857498169,-0.8308525085449219,-0.8229963779449463,-0.6391786932945251,-0.32304447889328003,0.8706305623054504,-0.5673898458480835,-0.8402984738349915,-0.24981947243213654,-0.2632349729537964,-0.8012691736221313,0.936692476272583,-0.8482100367546082,-0.2914673388004303,-0.785210907459259,-0.516899049282074,-0.8599393963813782,-0.22607260942459106,-0.429727703332901,-0.6894221305847168,-0.8036225438117981,-0.5024095773696899,-0.7718276381492615,-0.9327617287635803,-0.6862621903419495,0.9471482634544373,0.8862361907958984,-0.8975200057029724
-0.3652034401893616,0.3367922902107239,0.23878128826618195,-0.4425189793109894,0.35346630215644836,0.39033782482147217,0.05810679495334625,0.3872654438018799,-0.32856014370918274,1.0,0.5039862990379333,0.5067363381385803,-0.5078897476196289,0.5081332921981812,0.38775700330734253,-0.4689563810825348,0.37622514367103577,-0.4547571837902069,0.46703940629959106,0.0860695093870163,0.43373602628707886,0.462041974067688,0.41298216581344604,0.24602027237415314,-0.1083916574716568,0.0031934611033648252,-0.42572689056396484,0.42167210578918457,0.4032149612903595,0.1659093201160431,0.19766198098659515,0.3637353479862213,-0.4274858832359314,0.3336983323097229,0.023525983095169067,0.33369460701942444,0.14924819767475128,0.09214916080236435,0.2401643693447113,0.4673328995704651,0.3420791029930115,0.25348755717277527,0.4086693227291107,0.11313764750957489,0.08892476558685303,0.029140392318367958,0.25459808111190796,0.4804471731185913,-0.4779079854488373,-0.25279662013053894,0.43246132135391235,0.003288038307800889,0.4547530710697174,0.38794246315956116,0.3956277370452881,-0.3680494427680969,0.3124190866947174,-0.384954571723938,0.4693697690963745,0.4537046253681183,-0.37533143162727356,0.38843753933906555,-0.4984203279018402,-0.3984580934047699,0.38140130043029785,0.49282121658325195,0.3024699091911316,0.5568997263908386,0.430454820394516,0.4428727328777313,0.22941400110721588,-0.03640938177704811,-0.3710559904575348,0.23740284144878387,0.40457382798194885,0.2893325090408325,-0.2440630942583084,-0.37615999579429626,0.09989406168460846,0.3199009299278259,0.1578603982925415,-0.10646192729473114,0.36478352546691895,-0.4620123505592346,0.4421391487121582,0.22098128497600555,0.4305097460746765,0.3442196249961853,0.40583375096321106,-0.019627969712018967,0.001903899828903377,0.21987199783325195,0.5227848291397095,0.2849467992782593,0.3886015713214874,0.3931981325149536,0.2673150599002838,-0.4094681143760681,-0.40325728058815,0.3681022822856903
-0.8899276256561279,0.8570014238357544,0.7647690176963806,-0.8935191035270691,0.7492570877075195,0.602290689945221,0.04555385559797287,0.9159910678863525,-0.8070282936096191,0.5039862990379333,1.0,0.921565592288971,-0.9259983897209167,0.5096636414527893,0.8919592499732971,-0.8931798934936523,0.350850909948349,-0.9326461553573608,0.9235228896141052,0.18847578763961792,0.8797577619552612,0.8366515636444092,0.878050684928894,0.8710176348686218,0.27264106273651123,0.30833569169044495,-0.9163698554039001,0.8202638030052185,0.897558867931366,0.41570696234703064,0.8014184236526489,0.8070034384727478,-0.830147385597229,0.8207902908325195,0.5206558108329773,0.8921376466751099,0.2592567503452301,0.20364782214164734,0.32110536098480225,0.6016440987586975,0.8582161068916321,0.7942744493484497,0.8978896737098694,0.5769323110580444,0.12268133461475372,0.26820075511932373,0.2358536720275879,0.9301173090934753,-0.9213859438896179,-0.8133408427238464,0.9225027561187744,0.6104260087013245,0.8932458162307739,0.869127094745636,0.49826228618621826,-0.868958592414856,0.8112839460372925,-0.8148450255393982,0.6611646413803101,0.905139148235321,-0.905398428440094,0.8169795870780945,-0.9099053740501404,-0.9011539220809937,0.7920804619789124,0.9448744654655457,0.49707067012786865,0.9161906838417053,0.9145492315292358,0.39148202538490295,0.5625243186950684,0.18104451894760132,-0.812682032585144,0.8090619444847107,0.879483163356781,0.6440551280975342,0.4021894037723541,-0.8935573101043701,0.5215122699737549,0.7891987562179565,0.27046963572502136,0.12200659513473511,0.8023129105567932,-0.8947227597236633,0.8489516973495483,0.24498717486858368,0.6661524176597595,0.6339252591133118,0.9136719107627869,0.33113130927085876,0.5203733444213867,0.684582531452179,0.8354964852333069,0.3052196800708771,0.6834031343460083,0.850837767124176,0.6946324706077576,-0.9251153469085693,-0.8996973633766174,0.8935379385948181
-0.9325292110443115,0.8591092228889465,0.8207529783248901,-0.8707899451255798,0.8048014044761658,0.5354725122451782,0.11802703142166138,0.8937078714370728,-0.8831378221511841,0.5067363381385803,0.921565592288971,1.0,-0.9135938286781311,0.609653651714325,0.8861175179481506,-0.9366148710250854,0.3366481065750122,-0.9100774526596069,0.9291537404060364,0.18742333352565765,0.9438165426254272,0.8884086012840271,0.8615149259567261,0.8959960341453552,0.3903983533382416,0.21731938421726227,-0.9337937831878662,0.8603442311286926,0.9206486940383911,0.34655553102493286,0.7807566523551941,0.8690966367721558,-0.8242756128311157,0.9033205509185791,0.5627959966659546,0.9269183278083801,0.14441511034965515,0.15545514225959778,0.3115933835506439,0.7287630438804626,0.9206240177154541,0.8541237115859985,0.9460111260414124,0.6631404161453247,0.21938273310661316,0.1938534826040268,0.41733065247535706,0.9463329911231995,-0.919076681137085,-0.893347442150116,0.9585925340652466,0.5238277912139893,0.9304948449134827,0.937139630317688,0.5253320932388306,-0.8813451528549194,0.7877576351165771,-0.874476969242096,0.6475346088409424,0.9135753512382507,-0.9285275340080261,0.7774820327758789,-0.9117515683174133,-0.90458744764328,0.9263151288032532,0.9751142859458923,0.474203497171402,0.9302124381065369,0.955072820186615,0.5066064596176147,0.594613254070282,0.14751265943050385,-0.8919185996055603,0.8891726732254028,0.866796612739563,0.6181193590164185,0.35020533204078674,-0.8904824256896973,0.5136690735816956,0.8578625321388245,0.17347022891044617,0.24424901604652405,0.8174936175346375,-0.9395537376403809,0.8051353693008423,0.3218274712562561,0.7702523469924927,0.569526731967926,0.926174521446228,0.23411613702774048,0.4830425977706909,0.7457531690597534,0.8030173778533936,0.38319453597068787,0.7349290251731873,0.9158583879470825,0.7406929135322571,-0.9277358651161194,-0.9314326643943787,0.9213896989822388
0.8903200030326843,-0.897951602935791,-0.8177462816238403,0.9066455364227295,-0.8011030554771423,-0.5642027258872986,-0.1491275280714035,-0.8983280658721924,0.8561725616455078,-0.5078897476196289,-0.9259983897209167,-0.9135938286781311,1.0,-0.5866097211837769,-0.8956998586654663,0.90103679895401,-0.3827419877052307,0.9397651553153992,-0.8645468950271606,-0.23798565566539764,-0.8804843425750732,-0.8781536221504211,-0.8722425103187561,-0.8526307344436646,-0.3269038200378418,-0.29878222942352295,0.9171969294548035,-0.8961604833602905,-0.934848964214325,-0.2771299183368683,-0.7566171288490295,-0.8024327158927917,0.8848505020141602,-0.8477133512496948,-0.5924567580223083,-0.9427592754364014,-0.20395377278327942,-0.24866127967834473,-0.3617023527622223,-0.753095269203186,-0.861282229423523,-0.8007705807685852,-0.9433944225311279,-0.6522909998893738,-0.2568657398223877,-0.234748974442482,-0.15373311936855316,-0.9371068477630615,0.9082410335540771,0.8134886622428894,-0.9103949069976807,-0.6523640751838684,-0.9339959025382996,-0.8769183158874512,-0.4272643029689789,0.9372207522392273,-0.8567559123039246,0.8781759142875671,-0.7324020266532898,-0.9155670404434204,0.9106599688529968,-0.9182833433151245,0.9404538869857788,0.9162314534187317,-0.8618752360343933,-0.9204362034797668,-0.396290123462677,-0.9200459718704224,-0.9107335209846497,-0.4543294310569763,-0.6060670018196106,-0.21673230826854706,0.8044108748435974,-0.790603518486023,-0.8505792617797852,-0.5802623629570007,-0.2807566523551941,0.9198551177978516,-0.599304735660553,-0.8687971830368042,-0.23136696219444275,-0.25459858775138855,-0.904999315738678,0.9242256283760071,-0.8616949915885925,-0.2803789973258972,-0.7629595994949341,-0.5478895902633667,-0.8771084547042847,-0.2652747929096222,-0.4864504933357239,-0.6021133661270142,-0.7495609521865845,-0.36612144112586975,-0.6592190861701965,-0.914400041103363,-0.626987099647522,0.9160566329956055,0.8673787713050842,-0.881921648979187
-0.5677535533905029,0.5349240899085999,0.4002015292644501,-0.5277472734451294,0.6543192267417908,0.26868441700935364,0.1519397646188736,0.5732507705688477,-0.5708710551261902,0.5081332921981812,0.5096636414527893,0.609653651714325,-0.5866097211837769,1.0,0.583675742149353,-0.6269262433052063,0.6916335821151733,-0.4960089325904846,0.46181991696357727,0.17389419674873352,0.5980490446090698,0.6550278067588806,0.4968926012516022,0.567462682723999,0.15821631252765656,-0.03146081790328026,-0.5852742791175842,0.5173072218894958,0.512588381767273,-0.026540810242295265,0.35833704471588135,0.5197122693061829,-0.5196877717971802,0.5568808913230896,0.2664322257041931,0.5225953459739685,-0.012794824317097664,0.22624334692955017,0.5347881317138672,0.6525418162345886,0.6197947859764099,0.48860296607017517,0.5855613946914673,0.11206614971160889,0.18171972036361694,0.05137144774198532,0.23948481678962708,0.5824164152145386,-0.6224973797798157,-0.5166184306144714,0.5115532875061035,0.050391390919685364,0.5071978569030762,0.6131260395050049,0.5993366241455078,-0.5406153202056885,0.49583205580711365,-0.4761635363101959,0.3098849356174469,0.5853267312049866,-0.5900859832763672,0.4884682893753052,-0.5670762658119202,-0.604084849357605,0.569303572177887,0.6331769824028015,0.2788754999637604,0.5676407814025879,0.567401111125946,0.07846686989068985,0.0913311243057251,0.20669665932655334,-0.6097977757453918,0.4630904793739319,0.5460498929023743,0.6455637216567993,0.07606453448534012,-0.5575671792030334,0.167588472366333,0.6293076872825623,-0.046327732503414154,0.2617951035499573,0.5868983864784241,-0.6172189712524414,0.5892835259437561,0.06296925991773605,0.34138181805610657,0.32386940717697144,0.48005586862564087,0.12095353752374649,0.3723929524421692,0.43457406759262085,0.41294610500335693,0.2007652223110199,0.4664424955844879,0.5188592672348022,0.5855564475059509,-0.5463138818740845,-0.5680469274520874,0.5820186138153076
-0.9113779664039612,0.8305394053459167,0.8077433109283447,-0.9311201572418213,0.7356420755386353,0.648521363735199,0.3270033597946167,0.9244030714035034,-0.8646561503410339,0.38775700330734253,0.8919592499732971,0.8861175179481506,-0.8956998586654663,0.583675742149353,1.0,-0.9309414625167847,0.4093407690525055,-0.9558228254318237,0.8795731663703918,0.12446673214435577,0.8938085436820984,0.8241047263145447,0.8435335159301758,0.9279334545135498,0.2880461812019348,0.4046250283718109,-0.9465653896331787,0.8772150278091431,0.880801260471344,0.33873653411865234,0.8624030947685242,0.8470731377601624,-0.8093613982200623,0.869514524936676,0.5532781481742859,0.9078958630561829,0.21388782560825348,0.20500792562961578,0.4414258301258087,0.5953563451766968,0.8654866814613342,0.7898175716400146,0.9098204970359802,0.573742151260376,0.2725473940372467,0.3278367221355438,0.34610775113105774,0.9181699156761169,-0.9480472207069397,-0.8755573034286499,0.9050626754760742,0.5545366406440735,0.8509880900382996,0.9291507005691528,0.4806326925754547,-0.9433088898658752,0.8794868588447571,-0.7988811135292053,0.5169748067855835,0.9336182475090027,-0.9406025409698486,0.8690276741981506,-0.935757040977478,-0.9521687626838684,0.8595916032791138,0.9147083163261414,0.3508996069431305,0.9098739624023438,0.9262494444847107,0.3854607343673706,0.5418033003807068,0.26992470026016235,-0.8414028882980347,0.7963922023773193,0.8580199480056763,0.6384136080741882,0.3942581117153168,-0.953845202922821,0.5142154693603516,0.8495321273803711,0.2235507369041443,0.2285991609096527,0.7856881022453308,-0.8775994181632996,0.8662448525428772,0.3047923743724823,0.7121089696884155,0.6637965440750122,0.9215753078460693,0.2518046796321869,0.5623192191123962,0.5622960925102234,0.7601802349090576,0.2794085144996643,0.6552330851554871,0.8754318952560425,0.6891489624977112,-0.9430661797523499,-0.9098853468894958,0.8896757960319519
0.9460218548774719,-0.8736481070518494,-0.7805885672569275,0.9208476543426514,-0.7965383529663086,-0.6229069232940674,-0.19422318041324615,-0.8991686105728149,0.9223260879516602,-0.4689563810825348,-0.8931798934936523,-0.9366148710250854,0.90103679895401,-0.6269262433052063,-0.9309414625167847,1.0,-0.39228251576423645,0.9397017955780029,-0.918382465839386,-0.20080313086509705,-0.9371284246444702,-0.8721951246261597,-0.8120605945587158,-0.9119759202003479,-0.33698374032974243,-0.37733522057533264,0.967542827129364,-0.858920156955719,-0.8873163461685181,-0.36112362146377563,-0.8239561915397644,-0.8900579810142517,0.8761134147644043,-0.8636949062347412,-0.5261725783348083,-0.904264509677887,-0.2668441832065582,-0.24096006155014038,-0.44426900148391724,-0.6966180801391602,-0.9517861604690552,-0.8821958899497986,-0.9304949045181274,-0.6622300744056702,-0.23814918100833893,-0.2302781343460083,-0.4147140681743622,-0.9423058032989502,0.976797342300415,0.9296154379844666,-0.935052752494812,-0.44017425179481506,-0.9000638127326965,-0.9514063596725464,-0.48940664529800415,0.9014806151390076,-0.8509308695793152,0.88470059633255,-0.5961557626724243,-0.9515426158905029,0.9714678525924683,-0.8165991306304932,0.950776219367981,0.9687657952308655,-0.9246243238449097,-0.9591175317764282,-0.3987581133842468,-0.901816189289093,-0.923611044883728,-0.5142921805381775,-0.6105595827102661,-0.3568514883518219,0.9312053918838501,-0.8529824614524841,-0.9142612814903259,-0.6581357717514038,-0.29953885078430176,0.9261179566383362,-0.5401743650436401,-0.837979257106781,-0.26502731442451477,-0.3362188935279846,-0.8219444751739502,0.9465418457984924,-0.8155244588851929,-0.34746769070625305,-0.7440173625946045,-0.586198627948761,-0.9452366828918457,-0.26990774273872375,-0.43505051732063293,-0.7095502614974976,-0.7779272794723511,-0.3495195806026459,-0.7318211793899536,-0.9425711631774902,-0.7549982070922852,0.9561713933944702,0.9808899164199829,-0.9205366969108582
-0.35564255714416504,0.46309617161750793,-0.01787385158240795,-0.40909260511398315,0.5643411874771118,0.41347119212150574,0.0409698560833931,0.3285576105117798,-0.37798818945884705,0.37622514367103577,0.350850909948349,0.3366481065750122,-0.3827419877052307,0.6916335821151733,0.4093407690525055,-0.39228251576423645,1.0,-0.3715806007385254,0.32128870487213135,0.1632574498653412,0.289946585893631,0.48205646872520447,0.4709957242012024,0.3331991732120514,-0.28068292140960693,0.17256000638008118,-0.4155460000038147,0.3092755377292633,0.38089773058891296,-0.08212949335575104,0.17047208547592163,0.36589890718460083,-0.39209139347076416,0.3833777904510498,0.3607510030269623,0.30662262439727783,0.13169549405574799,0.08808784931898117,0.2263282686471939,0.23998723924160004,0.38809236884117126,0.37861335277557373,0.42771968245506287,0.11981263756752014,0.21824727952480316,0.22512994706630707,-0.009348289109766483,0.4724884629249573,-0.389313668012619,-0.344952791929245,0.290039598941803,-0.1242428869009018,0.3787398934364319,0.3930993378162384,0.3787437677383423,-0.40054672956466675,0.2810176610946655,-0.33646878600120544,-0.016803625971078873,0.3896709084510803,-0.38248932361602783,0.4136161208152771,-0.3441206216812134,-0.44840922951698303,0.3004549741744995,0.43794873356819153,0.158119797706604,0.3565547466278076,0.44344913959503174,0.13389408588409424,-0.1297762542963028,0.05986839532852173,-0.4555046260356903,0.3312654495239258,0.4142751395702362,0.6422081589698792,0.28661054372787476,-0.3711206614971161,0.22285997867584229,0.4225102961063385,-0.018851041793823242,0.19494612514972687,0.4498108923435211,-0.3740137815475464,0.5405054688453674,-0.06366576999425888,0.1612163931131363,0.5222607254981995,0.36815720796585083,0.023147165775299072,-0.08712761849164963,0.10808213800191879,0.29123467206954956,0.06393645703792572,0.2188631147146225,0.34943100810050964,0.5341978073120117,-0.4017731249332428,-0.36143597960472107,0.3649880588054657
0.9192649126052856,-0.8915703892707825,-0.7884081602096558,0.9419240951538086,-0.7888734340667725,-0.7019850611686707,-0.1764775514602661,-0.880487859249115,0.893100917339325,-0.4547571837902069,-0.9326461553573608,-0.9100774526596069,0.9397651553153992,-0.4960089325904846,-0.9558228254318237,0.9397017955780029,-0.3715806007385254,1.0,-0.9227824807167053,-0.1906030774116516,-0.893726110458374,-0.8296750783920288,-0.8557706475257874,-0.9051849246025085,-0.31548380851745605,-0.44783151149749756,0.9590409994125366,-0.8572158217430115,-0.9402326941490173,-0.291449636220932,-0.8234640955924988,-0.8278708457946777,0.859041690826416,-0.8307272791862488,-0.5212861895561218,-0.9322216510772705,-0.27193155884742737,-0.23996978998184204,-0.36545947194099426,-0.6539145708084106,-0.8734517097473145,-0.8296308517456055,-0.945296049118042,-0.6512594819068909,-0.26116421818733215,-0.3401890695095062,-0.33415132761001587,-0.9415822625160217,0.9567415118217468,0.8870214223861694,-0.9132853746414185,-0.5875029563903809,-0.9258291721343994,-0.9096563458442688,-0.4358718991279602,0.9526296854019165,-0.8509615063667297,0.8912505507469177,-0.5852087736129761,-0.9317528605461121,0.9499022364616394,-0.9169930815696716,0.9510810375213623,0.9485014081001282,-0.866939902305603,-0.9178808927536011,-0.35721009969711304,-0.9260323643684387,-0.9398492574691772,-0.5032022595405579,-0.5948967933654785,-0.2536807656288147,0.8543938994407654,-0.8391185998916626,-0.883630633354187,-0.6260470151901245,-0.3692307472229004,0.9389301538467407,-0.6386657953262329,-0.8530912399291992,-0.2790642976760864,-0.1757970005273819,-0.8274716734886169,0.8981072306632996,-0.907653272151947,-0.3743259012699127,-0.8017472624778748,-0.6855911016464233,-0.9435002207756042,-0.27680549025535583,-0.47697746753692627,-0.6166149377822876,-0.8132094144821167,-0.3102015554904938,-0.6902474164962769,-0.9286143183708191,-0.683964192867279,0.9675999879837036,0.9172683358192444,-0.9310836791992188
-0.9262102842330933,0.8515912294387817,0.7724083065986633,-0.9148085117340088,0.7119753360748291,0.6378186941146851,0.09508627653121948,0.8961396813392639,-0.8501152992248535,0.46703940629959106,0.9235228896141052,0.9291537404060364,-0.8645468950271606,0.46181991696357727,0.8795731663703918,-0.918382465839386,0.32128870487213135,-0.9227824807167053,1.0,0.1837332546710968,0.9007697701454163,0.8491248488426208,0.8882525563240051,0.9037458300590515,0.312118798494339,0.36102575063705444,-0.9457539319992065,0.8440715074539185,0.9155600070953369,0.3579062521457672,0.7893030047416687,0.8796955943107605,-0.7402347922325134,0.8361994028091431,0.5552444458007812,0.9013823866844177,0.34464529156684875,0.17467957735061646,0.24573467671871185,0.5426105260848999,0.8605673313140869,0.8027384281158447,0.9217248558998108,0.6615003943443298,0.17266494035720825,0.1703472137451172,0.4528898596763611,0.9283366203308105,-0.9284422397613525,-0.8796945810317993,0.9552614688873291,0.4819333553314209,0.9092062711715698,0.9211798906326294,0.459212064743042,-0.8618381023406982,0.7678284049034119,-0.8509259819984436,0.6340329647064209,0.949008047580719,-0.8982933163642883,0.7845695614814758,-0.939836323261261,-0.9166529774665833,0.8862194418907166,0.9371022582054138,0.33747598528862,0.8548427224159241,0.9110825657844543,0.577641487121582,0.5404589772224426,0.17832300066947937,-0.8397383689880371,0.9149404764175415,0.9201123714447021,0.6339969635009766,0.3956314027309418,-0.9026969075202942,0.5074183344841003,0.8213789463043213,0.24363157153129578,0.1874067336320877,0.7727424502372742,-0.8805664777755737,0.8260540962219238,0.23638349771499634,0.73396235704422,0.5671126842498779,0.9432014226913452,0.3169502019882202,0.3777642250061035,0.6971302628517151,0.8417936563491821,0.3806619942188263,0.8285530805587769,0.8965582847595215,0.7159773111343384,-0.9340416193008423,-0.9052047729492188,0.8599146604537964
-0.25061652064323425,0.23076272010803223,0.03925809636712074,-0.2741490602493286,0.2673024833202362,0.04051998630166054,0.0447075255215168,0.1733953356742859,-0.2601151168346405,0.0860695093870163,0.18847578763961792,0.18742333352565765,-0.23798565566539764,0.17389419674873352,0.12446673214435577,-0.20080313086509705,0.1632574498653412,-0.1906030774116516,0.1837332546710968,1.0,0.20511189103126526,0.09983545541763306,0.1300692856311798,0.23478268086910248,0.15322840213775635,0.08922290056943893,-0.19194741547107697,0.17328889667987823,0.1298334002494812,0.07407442480325699,0.19307616353034973,0.06829720735549927,-0.25911813974380493,0.16894300282001495,0.26071664690971375,0.1281883418560028,0.06226315721869469,0.05454832315444946,0.021317286416888237,0.1735045164823532,0.16158528625965118,0.057988133281469345,0.18348632752895355,0.2607229948043823,0.039692025631666183,0.02582119219005108,0.15102536976337433,0.17878855764865875,-0.24779291450977325,-0.21427437663078308,0.15365460515022278,-0.016554484143853188,0.219699427485466,0.14499536156654358,0.08986060321331024,-0.17271319031715393,0.259598970413208,-0.24491584300994873,0.13963167369365692,0.1693338006734848,-0.24066279828548431,0.22208765149116516,-0.2010328322649002,-0.25229892134666443,0.09789375960826874,0.1855221837759018,0.05307980626821518,0.031380027532577515,0.09195677936077118,0.0509180873632431,0.18285658955574036,0.08140920102596283,-0.2130921185016632,0.15139149129390717,0.03230231627821922,0.01793268695473671,0.1309131383895874,-0.21474406123161316,0.072134830057621,0.07240155339241028,0.10667463392019272,-0.0028760533314198256,0.24583518505096436,-0.24386188387870789,0.2085765153169632,0.08625852316617966,0.12396004050970078,0.021690109744668007,0.14197321236133575,0.03520737215876579,0.12124544382095337,0.15825405716896057,0.11719594895839691,-0.031574882566928864,0.28425154089927673,0.20000964403152466,0.13544723391532898,-0.25111380219459534,-0.17381080985069275,0.17082425951957703
