1.0,-0.998210072517395,-0.9999740123748779,0.9998409748077393,-0.9999978542327881,-0.9999150633811951,-0.9981948137283325,-0.9991477131843567,0.999860942363739,-0.9978908896446228,-0.9999701976776123,-0.9951987266540527,0.9999991059303284,-0.989361584186554,-0.9997501373291016,0.9999945163726807,-0.9998572468757629,0.9997796416282654,-0.9994399547576904,-0.9506885409355164,-0.997968852519989,-0.9996447563171387,-0.9981111288070679,-0.9968510270118713,-0.9995076656341553,-0.9865875840187073,0.9998291730880737,-0.9942871332168579,-0.9999852776527405,-0.9992337226867676,-0.9950341582298279,-0.9998664259910583,0.9998374581336975,-0.9982101321220398,-0.9793070554733276,-0.9950110912322998,-0.8605471253395081,-0.24910065531730652,-0.9757094979286194,-0.9978301525115967,-0.9985742568969727,-0.9990324378013611,-0.993303120136261,-0.9971913695335388,-0.8276121616363525,-0.9835089445114136,-0.9979472160339355,-0.9994152188301086,0.9990429282188416,0.9998797178268433,-0.9864087104797363,-0.9970669746398926,-0.9984539747238159,-0.9962979555130005,-0.9913362860679626,0.9998540878295898,-0.9987642765045166,0.9976987838745117,-0.985408365726471,-0.9999994039535522,0.9994356632232666,-0.9998996257781982,0.9999225735664368,0.9997891187667847,-0.9896105527877808,-0.9969561696052551,-0.9999997615814209,-0.9976247549057007,-0.9945651888847351,-0.9969571232795715,-0.9986327290534973,-0.9949527382850647,0.9999066591262817,-0.9995667934417725,-0.9908338785171509,-0.9930999279022217,-0.9888205528259277,0.9997542500495911,-0.9880690574645996,-0.9987391829490662,-0.9415737986564636,-0.991461992263794,-0.9965232610702515,0.9999947547912598,-0.9971139430999756,-0.9813225865364075,-0.9999656677246094,-0.9995281100273132,-0.99964439868927,-0.9820784330368042,-0.9961757659912109,-0.9989597797393799,-0.9984279870986938,-0.9809182286262512,-0.9930587410926819,-0.9932308197021484,-0.9988746643066406,0.9990659356117249,0.999949038028717,-0.999061644077301
-0.998210072517395,1.0,0.9977527260780334,-0.9969848394393921,0.9983296990394592,0.9973461031913757,0.9999999403953552,0.9998279213905334,-0.9970741868019104,0.9999868869781494,0.997718870639801,0.9992707371711731,-0.9982892870903015,0.9788907170295715,0.999297559261322,-0.9980067610740662,0.9970572590827942,-0.9967346787452698,0.9996523857116699,0.9304388761520386,0.999992311000824,0.9994496703147888,0.9999985694885254,0.9998090267181396,0.9958423376083374,0.9750595092773438,-0.9969341158866882,0.9988909363746643,0.99852055311203,0.9997859597206116,0.9992055892944336,0.9990541338920593,-0.9969695210456848,1.0,0.9896572828292847,0.9991965293884277,0.8285444974899292,0.19073602557182312,0.9608619809150696,0.9999816417694092,0.9935945272445679,0.999874472618103,0.9984349012374878,0.999885618686676,0.8596987724304199,0.9709323048591614,0.9923309683799744,0.9996713995933533,-0.994638979434967,-0.9971624612808228,0.9944695830345154,0.9998593926429749,0.9999910593032837,0.9996559023857117,0.9974170923233032,-0.9970430731773376,0.9940047264099121,-0.9918580651283264,0.9938235878944397,0.9982789158821106,-0.9956380128860474,0.9989574551582336,-0.9988774657249451,-0.9967715740203857,0.9964375495910645,0.9998342394828796,0.9982509613037109,0.9999585151672363,0.9990115761756897,0.9998345375061035,0.9937189817428589,0.9871708750724792,-0.9972997903823853,0.9995379447937012,0.9809817671775818,0.9983357787132263,0.9781331419944763,-0.996638834476471,0.9955111145973206,0.9999537467956543,0.9600307941436768,0.9974856376647949,0.9997221231460571,-0.9980117082595825,0.9907888770103455,0.991070568561554,0.9976796507835388,0.9959020614624023,0.9994500279426575,0.969049334526062,0.9996179342269897,0.9998989105224609,0.993289053440094,0.9907896518707275,0.9983153939247131,0.9983996748924255,0.9942504167556763,-0.9946936368942261,-0.9987637996673584,0.9998637437820435
-0.9999740123748779,0.9977527260780334,1.0,-0.9999434947967529,0.999957263469696,0.9999831318855286,0.9977356195449829,0.9988241195678711,-0.9999552965164185,0.9973965287208557,0.9999998807907104,0.9944667816162109,-0.9999635219573975,0.9903854131698608,0.9995627999305725,-0.9999923706054688,0.9999531507492065,-0.9999050498008728,0.9991725087165833,0.952901303768158,0.9974832534790039,0.9994264245033264,0.9976421594619751,0.9962530136108398,0.9997081160545349,0.9877393841743469,-0.9999365210533142,0.9934912919998169,0.9999200105667114,0.9989252090454102,0.9942902326583862,0.9997225403785706,-0.9999416470527649,0.997752845287323,0.9778217077255249,0.9942655563354492,0.8641992807388306,0.256080687046051,0.977264404296875,0.9973291158676147,0.9989333152770996,0.9986892342567444,0.9924439191818237,0.9966251254081726,0.8235414028167725,0.9847880005836487,0.9983832240104675,0.9991424679756165,-0.9993324875831604,-0.9999656677246094,0.9851976633071899,0.9964890480041504,0.998026967048645,0.9956518411636353,0.9903630018234253,-0.9999513030052185,0.9990968704223633,-0.9981619715690613,0.9841548204421997,0.9999651312828064,-0.9996520280838013,0.9997712969779968,-0.9998066425323486,-0.9999112486839294,0.9885477423667908,0.996367871761322,0.9999688863754272,0.9971018433570862,0.9937882423400879,0.9963688850402832,0.9989838004112244,0.9956507086753845,-0.9999791979789734,0.9993284940719604,0.9917827248573303,0.9922282099723816,0.9898704290390015,-0.9998881220817566,0.9869323372840881,0.9983510375022888,0.9391195774078369,0.9904956817626953,0.9958963990211487,-0.9999921321868896,0.9976356029510498,0.9799094200134277,0.9999994039535522,0.9997238516807556,0.999426007270813,0.9834125638008118,0.9955194592475891,0.9986048936843872,0.9988064765930176,0.9794901609420776,0.9921844601631165,0.9923670887947083,0.9991908669471741,-0.9993517994880676,-0.9998499155044556,0.9987232089042664
0.9998409748077393,-0.9969848394393921,-0.9999434947967529,1.0,-0.9998026490211487,-0.9999884963035583,-0.9969650506973267,-0.998252809047699,0.9999992251396179,-0.9965744614601135,-0.9999488592147827,-0.9932950735092163,0.9998161196708679,-0.9917985200881958,-0.9991925358772278,0.9998944997787476,-0.9999995231628418,0.9999949336051941,-0.9986842274665833,-0.9560680389404297,-0.9966740012168884,-0.9990103244781494,-0.9968569874763489,-0.9952784776687622,-0.9999082684516907,-0.9893414378166199,0.9999997615814209,-0.9922255873680115,-0.9997292757034302,-0.9983765482902527,-0.9931008815765381,-0.999415934085846,1.0,-0.9969850182533264,-0.9755423665046692,-0.9930738210678101,-0.8694937229156494,-0.26633158326148987,-0.9794608354568481,-0.9964972138404846,-0.9993672966957092,-0.9980893731117249,-0.9910848736763,-0.9956971406936646,-0.8174709677696228,-0.986577570438385,-0.9989304542541504,-0.9986464977264404,0.9996640086174011,0.9999974370002747,-0.9833216667175293,-0.9955435991287231,-0.9973040223121643,-0.9946063756942749,-0.9888363480567932,0.9999996423721313,-0.9994917511940002,0.9987491965293884,-0.9822163581848145,-0.9998196363449097,0.9998757243156433,-0.9994878172874451,0.9995414614677429,0.9999962449073792,-0.9868892431259155,-0.9954073429107666,-0.9998285174369812,-0.9962377548217773,-0.9925504326820374,-0.9954085350036621,-0.9994061589241028,-0.9965839385986328,0.9999911785125732,-0.9988828897476196,-0.9930852651596069,-0.9908508062362671,-0.9913222789764404,0.9999905228614807,-0.9851654171943665,-0.9976851940155029,-0.935417890548706,-0.9889790415763855,-0.9948791265487671,0.9998934268951416,-0.9983091950416565,-0.9777360558509827,-0.9999544620513916,-0.9999169111251831,-0.9990098476409912,-0.9852832555770874,-0.9944592118263245,-0.9979877471923828,-0.9992687106132507,-0.9772951006889343,-0.9908034205436707,-0.9910013675689697,-0.999561607837677,0.9996776580810547,0.9996095299720764,-0.9981302618980408
-0.9999978542327881,0.9983296990394592,0.999957263469696,-0.9998026490211487,1.0,0.9998865723609924,0.9983148574829102,0.9992295503616333,-0.9998250007629395,0.9980205297470093,0.999952495098114,0.9953956604003906,-0.9999997019767761,0.9890639185905457,0.999793529510498,-0.9999857544898987,0.9998207092285156,-0.9997348189353943,0.9995057582855225,0.950056254863739,0.9980961680412292,0.9996968507766724,0.9982340335845947,0.9970101118087769,0.999441921710968,0.9862536191940308,-0.9997895956039429,0.9945020079612732,0.9999942183494568,0.9993112087249756,0.9952343702316284,0.9998975396156311,-0.9997987151145935,0.9983296990394592,0.979716420173645,0.9952117800712585,0.8595099449157715,0.24713172018527985,0.9752622246742249,0.9979617595672607,0.9984636902809143,0.9991196990013123,0.9935360550880432,0.9973414540290833,0.8287513256072998,0.983139157295227,0.997814953327179,0.9994826912879944,-0.9989520907402039,-0.9998461008071899,0.9867405295372009,0.997220516204834,0.9985648989677429,0.9964706301689148,0.991601288318634,-0.9998173117637634,0.9986612796783447,-0.9975588321685791,0.9857522249221802,0.9999997019767761,-0.9993653297424316,0.9999263882637024,-0.9999458193778992,-0.9997453689575195,0.9899006485939026,0.9971125721931458,0.9999991059303284,0.9977627396583557,0.9947747588157654,0.9971134662628174,0.9985243678092957,0.9947466850280762,-0.9998766779899597,0.9996246099472046,0.9905573725700378,0.9933363199234009,0.9885153770446777,-0.9997071027755737,0.9883800148963928,0.9988391995429993,0.9422563910484314,0.9917250871658325,0.9966905117034912,-0.9999861121177673,0.996957540512085,0.9817116260528564,0.999946653842926,0.999463677406311,0.9996964931488037,0.9816933274269104,0.9963513612747192,0.9990503787994385,0.9983120560646057,0.9813113212585449,0.9932957887649536,0.9934648275375366,0.9987761974334717,-0.9989761114120483,-0.9999673962593079,0.9991475343704224
-0.9999150633811951,0.9973461031913757,0.9999831318855286,-0.9999884963035583,0.9998865723609924,1.0,0.9973275661468506,0.9985252022743225,-0.9999933242797852,0.9969601631164551,0.9999858736991882,0.9938390254974365,-0.9998968839645386,0.9911732077598572,0.9993740320205688,-0.9999526739120483,0.9999924898147583,-0.9999682307243347,0.9989189505577087,0.9546489715576172,0.9970540404319763,0.9992124438285828,0.9972260594367981,0.9957331418991089,0.9998316168785095,0.9886306524276733,-0.9999850988388062,0.9928119778633118,0.9998294711112976,0.9986387491226196,0.9936528205871582,0.999568521976471,-0.9999875426292419,0.9973462820053101,0.9765869975090027,0.9936267733573914,0.8671109676361084,0.26169854402542114,0.9784809947013855,0.9968873858451843,0.9991849660873413,0.9983746409416199,0.9917135238647461,0.9961308240890503,0.8202282190322876,0.9857817888259888,0.9986969232559204,0.9988847970962524,-0.9995280504226685,-0.9999969601631165,0.9841838479042053,0.995985209941864,0.9976449012756348,0.9950931668281555,0.989540696144104,-0.9999917149543762,0.9993270635604858,-0.9984974265098572,0.9831068515777588,0.9998993873596191,-0.9997885823249817,0.9996301531791687,-0.9996753931045532,-0.9999717473983765,0.9876531958580017,0.9958557486534119,0.9999058842658997,0.996642529964447,0.9931243062019348,0.9958568215370178,0.9992291331291199,0.9961757659912109,-0.9999998807907104,0.9990983605384827,0.9925099015235901,0.9914876818656921,0.9906793832778931,-0.9999581575393677,0.9859784245491028,0.9980002641677856,0.9371053576469421,0.9896788597106934,0.9953530430793762,-0.9999520778656006,0.9980185031890869,0.9787327647209167,0.9999887943267822,0.9998435378074646,0.9992120265960693,0.9844508171081543,0.9949527978897095,0.9982808828353882,0.9990736246109009,0.9783016443252563,0.9914419054985046,0.991632878780365,0.9994078278541565,-0.9995442032814026,-0.9997323155403137,0.9984123706817627
-0.9981948137283325,0.9999999403953552,0.9977356195449829,-0.9969650506973267,0.9983148574829102,0.9973275661468506,1.0,0.9998230934143066,-0.9970546364784241,0.9999881982803345,0.9977016448974609,0.9992803931236267,-0.9982742667198181,0.9788385033607483,0.9992879629135132,-0.9979906678199768,0.9970376491546631,-0.9967139959335327,0.9996455907821655,0.930345356464386,0.9999933242797852,0.9994410872459412,0.9999989867210388,0.9998140931129456,0.9958190321922302,0.9750030040740967,-0.9969140291213989,0.9989028573036194,0.9985066652297974,0.9997806549072266,0.999215841293335,0.9990431070327759,-0.9969497323036194,0.9999999403953552,0.9896939992904663,0.9992067217826843,0.828401505947113,0.19048544764518738,0.9607912302017212,0.9999831914901733,0.9935656785964966,0.9998703598976135,0.9984492063522339,0.9998894929885864,0.8598291873931885,0.9708712100982666,0.9922994375228882,0.9996647834777832,-0.9946126937866211,-0.9971432089805603,0.9944963455200195,0.9998636841773987,0.999989926815033,0.9996625185012817,0.9974353313446045,-0.9970235228538513,0.9939767122268677,-0.9918255805969238,0.9938518404960632,0.998263955116272,-0.9956139922142029,0.9989458322525024,-0.9988653063774109,-0.9967511296272278,0.9964590668678284,0.9998389482498169,0.998235821723938,0.9999608397483826,0.9990228414535522,0.9998391270637512,0.9936904311180115,0.9871301651000977,-0.997281014919281,0.9995300769805908,0.9809321761131287,0.9983503818511963,0.9780800342559814,-0.99661785364151,0.995535135269165,0.9999512434005737,0.9601022601127625,0.9975036382675171,0.9997281432151794,-0.9979955554008484,0.990754246711731,0.9911046028137207,0.9976623058319092,0.9958788752555847,0.9994414448738098,0.9689862728118896,0.9996249079704285,0.9998951554298401,0.9932594299316406,0.9908241033554077,0.9983301758766174,0.998414158821106,0.9942231774330139,-0.9946672320365906,-0.9987511038780212,0.9998594522476196
-0.9991477131843567,0.9998279213905334,0.9988241195678711,-0.998252809047699,0.9992295503616333,0.9985252022743225,0.9998230934143066,1.0,-0.9983205795288086,0.9997197985649109,0.9987993240356445,0.9983905553817749,-0.9992020726203918,0.9825136661529541,0.9998208284378052,-0.9990056753158569,0.9983077049255371,-0.998060941696167,0.9999695420265198,0.9370765686035156,0.9997477531433105,0.9998929500579834,0.9997962117195129,0.999274492263794,0.9973608255386353,0.9790089130401611,-0.9982140064239502,0.997845470905304,0.9993574619293213,0.9999977350234985,0.9982945322990417,0.9996889233589172,-0.9982411861419678,0.9998278021812439,0.9868260025978088,0.9982810616493225,0.8387886881828308,0.20891311764717102,0.9658356308937073,0.9996973276138306,0.9955198764801025,0.9999961853027344,0.9972255229949951,0.9994329214096069,0.8500751852989197,0.9752053618431091,0.9944531321525574,0.9999749064445496,-0.9963862299919128,-0.9983872771263123,0.9923501014709473,0.9993762969970703,0.9998974204063416,0.9989972710609436,0.9959130883216858,-0.9982969164848328,0.995861828327179,-0.9940497875213623,0.9915940165519714,0.9991950392723083,-0.9971974492073059,0.9996323585510254,-0.9995843172073364,-0.9980894923210144,0.9947015047073364,0.99932461977005,0.9991759061813354,0.9996177554130554,0.9980151057243347,0.9993250370025635,0.9956238865852356,0.9899628162384033,-0.9984904527664185,0.9999297857284546,0.9844136834144592,0.9970940351486206,0.9818229675292969,-0.9979870915412903,0.9935839772224426,0.9999600648880005,0.9546734690666199,0.995999276638031,0.9991129040718079,-0.9990091919898987,0.9931303262710571,0.9884265661239624,0.9987708926200867,0.9974082708358765,0.9998931288719177,0.9734620451927185,0.9989331364631653,0.9999905824661255,0.9952635765075684,0.9881072044372559,0.9970672726631165,0.9971789121627808,0.9960657954216003,-0.9964308738708496,-0.9995139837265015,0.9999979734420776
0.999860942363739,-0.9970741868019104,-0.9999552965164185,0.9999992251396179,-0.9998250007629395,-0.9999933242797852,-0.9970546364784241,-0.9983205795288086,1.0,-0.9966697096824646,-0.9999597668647766,-0.9934284090995789,0.9998376965522766,-0.9916496872901917,-0.9992383122444153,0.9999107718467712,-0.9999998807907104,0.9999906420707703,-0.9987428188323975,-0.9557276964187622,-0.9967679381370544,-0.9990611672401428,-0.9969481229782104,-0.9953901767730713,-0.9998918175697327,-0.9891720414161682,0.9999982714653015,-0.9923691749572754,-0.9997554421424866,-0.9984419345855713,-0.9932361245155334,-0.9994547963142395,0.9999991059303284,-0.9970741868019104,-0.9757964611053467,-0.9932093024253845,-0.8689206838607788,-0.2652144432067871,-0.9792265295982361,-0.9965935349464417,-0.9993255138397217,-0.998160183429718,-0.9912386536598206,-0.9958038926124573,-0.8181378841400146,-0.9863877892494202,-0.9988763332366943,-0.998706042766571,0.9996334314346313,0.9999992847442627,-0.9835318326950073,-0.9956521987915039,-0.9973883032798767,-0.9947260022163391,-0.9890084862709045,1.0,-0.999454140663147,0.9986906051635742,-0.9824331998825073,-0.9998409152030945,0.9998568296432495,-0.9995243549346924,0.9995757937431335,0.9999925494194031,-0.987075686454773,-0.9955176711082458,-0.999849259853363,-0.9963375926017761,-0.9926908612251282,-0.9955187439918518,-0.999365508556366,-0.996487557888031,0.9999955296516418,-0.9989368915557861,-0.9929485321044922,-0.9910064935684204,-0.991169273853302,0.999984860420227,-0.9853636622428894,-0.9977632761001587,-0.9358270168304443,-0.9891499876976013,-0.9949954748153687,0.9999096989631653,-0.9982410669326782,-0.977978527545929,-0.9999649524688721,-0.9999013543128967,-0.9990606904029846,-0.9850844740867615,-0.9945803284645081,-0.9980605840682983,-0.9992237687110901,-0.9775400161743164,-0.9909595251083374,-0.9911558628082275,-0.9995265603065491,0.9996474981307983,0.9996413588523865,-0.9982004761695862
-0.9978908896446228,0.9999868869781494,0.9973965287208557,-0.9965744614601135,0.9980205297470093,0.9969601631164551,0.9999881982803345,0.9997197985649109,-0.9966697096824646,1.0,0.997360110282898,0.999453067779541,-0.9979767799377441,0.9778311848640442,0.9990925192832947,-0.9976705312728882,0.9966515898704529,-0.9963080286979675,0.9995042681694031,0.928550124168396,0.9999993443489075,0.9992664456367493,0.9999938607215881,0.9998959898948669,0.9953629374504089,0.9739103317260742,-0.9965203404426575,0.999118983745575,0.9982289671897888,0.9996669888496399,0.9993966817855835,0.9988184571266174,-0.9965582489967346,0.9999868273735046,0.9903790354728699,0.9993886947631836,0.8256661891937256,0.18570660054683685,0.9594305753707886,0.9999995827674866,0.9930027723312378,0.9997801184654236,0.998708188533783,0.9999499917030334,0.8623033165931702,0.9696939587593079,0.9916849732398987,0.9995270371437073,-0.9940965175628662,-0.9967638850212097,0.9949943423271179,0.9999321699142456,0.9999564290046692,0.99977707862854,0.9977717399597168,-0.9966366291046143,0.9934317469596863,-0.9911929965019226,0.9943788051605225,0.9979655146598816,-0.9951471090316772,0.9987106323242188,-0.9986218214035034,-0.9963474273681641,0.9968563318252563,0.9999143481254578,0.9979351162910461,0.9999920725822449,0.9992260932922363,0.9999145865440369,0.9931328892707825,0.9863402247428894,-0.9969106316566467,0.999369204044342,0.9799749851226807,0.998617947101593,0.9770553112030029,-0.9962062835693359,0.9959826469421387,0.9998913407325745,0.9614515900611877,0.9978354573249817,0.9998297691345215,-0.9976757764816284,0.9900824427604675,0.9917404055595398,0.997317910194397,0.9954258799552917,0.999267041683197,0.967772364616394,0.9997463226318359,0.9998129606246948,0.9926837086677551,0.9914700984954834,0.9985994100570679,0.9986761808395386,0.9936891198158264,-0.9941536784172058,-0.9984962344169617,0.9997660517692566
-0.9999701976776123,0.997718870639801,0.9999998807907104,-0.9999488592147827,0.999952495098114,0.9999858736991882,0.9977016448974609,0.9987993240356445,-0.9999597668647766,0.997360110282898,1.0,0.9944139122962952,-0.9999589323997498,0.990454912185669,0.9995478391647339,-0.9999902248382568,0.999957799911499,-0.999911904335022,0.999151885509491,0.9530537724494934,0.9974475502967834,0.9994091391563416,0.9976075291633606,0.9962093830108643,0.9997200965881348,0.9878178238868713,-0.999941885471344,0.9934338331222534,0.9999135136604309,0.9989018440246582,0.9942363500595093,0.9997104406356812,-0.9999467730522156,0.9977189302444458,0.9777160882949829,0.9942116141319275,0.8644524216651917,0.25656718015670776,0.9773710370063782,0.9972922205924988,0.9989565014839172,0.9986632466316223,0.9923819899559021,0.9965837001800537,0.8232557773590088,0.9848752617835999,0.9984115958213806,0.9991215467453003,-0.9993508458137512,-0.9999696016311646,0.9851112365722656,0.9964467287063599,0.9979952573776245,0.9956048727035522,0.9902932047843933,-0.9999562501907349,0.9991181492805481,-0.9981923699378967,0.9840654134750366,0.9999606609344482,-0.9996651411056519,0.9997604489326477,-0.9997966885566711,-0.9999178051948547,0.988471508026123,0.9963249564170837,0.999964714050293,0.997063398361206,0.9937321543693542,0.9963257908821106,0.9990063309669495,0.9956973791122437,-0.9999824166297913,0.9993098378181458,0.9918468594551086,0.9921653270721436,0.9899415969848633,-0.9998956322669983,0.9868510961532593,0.9983219504356384,0.9389464855194092,0.9904261827468872,0.9958506226539612,-0.999989926815033,0.9976701140403748,0.9798088669776917,0.9999998807907104,0.9997353553771973,0.9994088411331177,0.9835036993026733,0.9954718351364136,0.9985781311988831,0.9988307952880859,0.9793886542320251,0.9921214580535889,0.992304801940918,0.9992108941078186,-0.9993696808815002,-0.9998412132263184,0.9986975789070129
-0.9951987266540527,0.9992707371711731,0.9944667816162109,-0.9932950735092163,0.9953956604003906,0.9938390254974365,0.9992803931236267,0.9983905553817749,-0.9934284090995789,0.999453067779541,0.9944139122962952,1.0,-0.9953288435935974,0.9703729152679443,0.9971379041671753,-0.9948694109916687,0.993402898311615,-0.9929246306419373,0.9979167580604553,0.9157683849334717,0.9994122982025146,0.9974541068077087,0.9993315935134888,0.9998260736465454,0.9916380047798157,0.965874195098877,-0.9932193756103516,0.9999603629112244,0.9957160949707031,0.9982671141624451,0.9999985694885254,0.9966655969619751,-0.9932722449302673,0.9992707371711731,0.9944130778312683,0.9999982118606567,0.806560754776001,0.15311510860919952,0.9495835304260254,0.999483585357666,0.9885551929473877,0.9985402822494507,0.9998422265052795,0.9997339248657227,0.8785757422447205,0.9610850811004639,0.9868876934051514,0.9979636073112488,-0.9899654388427734,-0.9935609102249146,0.9977545738220215,0.99977046251297,0.9991005063056946,0.9999284148216248,0.999432384967804,-0.993381917476654,0.9891049861907959,-0.9862723350524902,0.9973360896110535,0.9953116774559021,-0.9913493394851685,0.9964858293533325,-0.9963403940200806,-0.9929790496826172,0.9989309310913086,0.9998002648353577,0.9952656626701355,0.99957674741745,0.9999803900718689,0.9998000264167786,0.988721489906311,0.9803544282913208,-0.9937685132026672,0.997648298740387,0.9728551506996155,0.9998096227645874,0.9694786071777344,-0.9927841424942017,0.9983989000320435,0.9988571405410767,0.9700179696083069,0.9994642734527588,0.9998931288719177,-0.994877278804779,0.9848957657814026,0.9954391121864319,0.9943525195121765,0.991722583770752,0.9974550008773804,0.9589165449142456,0.9999443292617798,0.9986264109611511,0.9881485104560852,0.9952374696731567,0.999802827835083,0.9998310208320618,0.9894368648529053,-0.9900397658348083,-0.9961374998092651,0.998504102230072
0.9999991059303284,-0.9982892870903015,-0.9999635219573975,0.9998161196708679,-0.9999997019767761,-0.9998968839645386,-0.9982742667198181,-0.9992020726203918,0.9998376965522766,-0.9979767799377441,-0.9999589323997498,-0.9953288435935974,1.0,-0.9891660809516907,-0.9997791051864624,0.9999891519546509,-0.9998336434364319,0.9997504949569702,-0.9994838237762451,-0.9502726197242737,-0.9980531334877014,-0.9996795058250427,-0.9981924891471863,-0.9969562292098999,-0.999464750289917,-0.9863681197166443,0.999803364276886,-0.9944289922714233,-0.9999915957450867,-0.9992850422859192,-0.9951664209365845,-0.9998872876167297,0.9998124241828918,-0.9982892870903015,-0.9795770049095154,-0.9951437711715698,-0.8598647117614746,-0.2478044629096985,-0.9754153490066528,-0.9979172348976135,-0.9985018968582153,-0.9990903735160828,-0.9934569597244263,-0.9972907304763794,-0.8283624649047852,-0.9832658767700195,-0.9978605508804321,-0.9994601011276245,0.9989835619926453,0.9998579621315002,-0.9866275787353516,-0.9971684813499451,-0.998527467250824,-0.9964120984077454,-0.9915111064910889,0.999830424785614,-0.99869704246521,0.9976071715354919,-0.9856351017951965,-1.0,0.9993897080421448,-0.9999176263809204,0.9999382495880127,0.9997607469558716,-0.9898020625114441,-0.9970596432685852,-0.9999997019767761,-0.9977160096168518,-0.9947036504745483,-0.9970605373382568,-0.9985617995262146,-0.9948174953460693,0.9998874664306641,-0.9996052980422974,-0.9906521439552307,-0.9932560324668884,-0.9886199831962585,0.9997236132621765,-0.9882742762565613,-0.9988053441047668,-0.9420236349105835,-0.9916356801986694,-0.9966338276863098,0.9999895095825195,-0.9970113039016724,-0.981579065322876,-0.9999535083770752,-0.9994860887527466,-0.9996790885925293,-0.9818254113197327,-0.9962916970252991,-0.9990199208259583,-0.9983521103858948,-0.981177568435669,-0.9932152032852173,-0.9933853149414062,-0.9988102912902832,0.9990072250366211,0.9999615550041199,-0.9991185665130615
-0.989361584186554,0.9788907170295715,0.9903854131698608,-0.9917985200881958,0.9890639185905457,0.9911732077598572,0.9788385033607483,0.9825136661529541,-0.9916496872901917,0.9778311848640442,0.990454912185669,0.9703729152679443,-0.9891660809516907,1.0,0.9858624339103699,-0.9898377656936646,0.9916782379150391,-0.9921976923942566,0.983938992023468,0.9856939315795898,0.9780844449996948,0.9851322174072266,0.9785559177398682,0.9747103452682495,0.993438720703125,0.9998385906219482,-0.9918818473815918,0.9681813716888428,0.9885562062263489,0.9829089641571045,0.9699685573577881,0.986851692199707,-0.9918238520622253,0.9788908958435059,0.9394472241401672,0.9699124097824097,0.9254940152168274,0.38734182715415955,0.9971988797187805,0.9776362776756287,0.9957168102264404,0.9820064902305603,0.9659282565116882,0.9756873250007629,0.7371513247489929,0.9993568062782288,0.9966473579406738,0.9838084578514099,-0.9947776794433594,-0.9914990067481995,0.9520114064216614,0.975325882434845,0.9797458052635193,0.9731927514076233,0.9616820812225342,-0.9917017817497253,0.9953687787055969,-0.9969484806060791,0.9501639604568481,0.9891921281814575,-0.9936900734901428,0.9872006177902222,-0.9874735474586487,-0.9921402931213379,0.9581668972969055,0.9750083088874817,0.9892616868019104,0.9769907593727112,0.9688382744789124,0.975010871887207,0.9956137537956238,0.9989657998085022,-0.9912570714950562,0.9846512675285339,0.9999450445175171,0.9654747843742371,0.9999932050704956,-0.9923438429832458,0.9551525115966797,0.9808111786842346,0.8825592994689941,0.9619449973106384,0.9738013744354248,-0.9898265600204468,0.9975509643554688,0.9428975582122803,0.9905344843864441,0.993363618850708,0.9851300716400146,0.9990491271018982,0.9728673696517944,0.9816989898681641,0.9959603548049927,0.9421991109848022,0.9653831720352173,0.9657661318778992,0.9951478838920593,-0.9947237968444824,-0.9878402352333069,0.9821321368217468
-0.9997501373291016,0.999297559261322,0.9995627999305725,-0.9991925358772278,0.999793529510498,0.9993740320205688,0.9992879629135132,0.9998208284378052,-0.9992383122444153,0.9990925192832947,0.9995478391647339,0.9971379041671753,-0.9997791051864624,0.9858624339103699,1.0,-0.9996707439422607,0.9992297291755676,-0.9990603923797607,0.9999382495880127,0.9435179233551025,0.9991435408592224,0.9999906420707703,0.9992350339889526,0.9983744621276855,0.9985566139221191,0.9826920032501221,-0.9991660714149475,0.9964246153831482,0.9998569488525391,0.9998589158058167,0.9970104098320007,0.9999818801879883,-0.9991845488548279,0.999297559261322,0.9835863709449768,0.9969926476478577,0.848945677280426,0.22738909721374512,0.9705685973167419,0.9990525245666504,0.9971314668655396,0.9997659921646118,0.9956377148628235,0.9986163377761841,0.8399525284767151,0.9792201519012451,0.99626624584198,0.9999298453330994,-0.9978156089782715,-0.9992831349372864,0.9898351430892944,0.9985287189483643,0.9994469881057739,0.997970700263977,0.9940248727798462,-0.999222457408905,0.9974039196968079,-0.9959337711334229,0.9889667630195618,0.9997754693031311,-0.9984350800514221,0.999966561794281,-0.9999510049819946,-0.999080240726471,0.9925771355628967,0.998449981212616,0.999765157699585,0.9989153146743774,0.996644139289856,0.998450517654419,0.9972146153450012,0.9924609661102295,-0.9993513822555542,0.9999750256538391,0.9875665903091431,0.995473325252533,0.9852401614189148,-0.9990087151527405,0.9912648797035217,0.9996117949485779,0.9488674402236938,0.9941291809082031,0.9981366395950317,-0.9996727108955383,0.99516761302948,0.9853776097297668,0.9995302557945251,0.9985916614532471,0.999990701675415,0.977620005607605,0.9978799223899841,0.9997294545173645,0.9969255924224854,0.9850191473960876,0.9954398274421692,0.995579183101654,0.9975649118423462,-0.9978502988815308,-0.9999250769615173,0.9997800588607788
0.9999945163726807,-0.9980067610740662,-0.9999923706054688,0.9998944997787476,-0.9999857544898987,-0.9999526739120483,-0.9979906678199768,-0.9990056753158569,0.9999107718467712,-0.9976705312728882,-0.9999902248382568,-0.9948694109916687,0.9999891519546509,-0.9898377656936646,-0.9996707439422607,1.0,-0.9999077320098877,0.9998435974121094,-0.9993237257003784,-0.9517096877098083,-0.9977526068687439,-0.9995510578155518,-0.9979023933410645,-0.9965831637382507,-0.999606192111969,-0.9871222376823425,0.999884843826294,-0.9939284324645996,-0.999961793422699,-0.9990986585617065,-0.994699239730835,-0.999806821346283,0.9998916983604431,-0.9980068206787109,-0.9786319732666016,-0.9946755766868591,-0.8622281551361084,-0.2523045837879181,-0.9764291048049927,-0.9976067543029785,-0.9987455010414124,-0.998881459236145,-0.9929155111312866,-0.9969380497932434,-0.8257499933242798,-0.9841020703315735,-0.9981536865234375,-0.9992966651916504,0.9991822242736816,0.9999255537986755,-0.9858593940734863,-0.9968082308769226,-0.9982646107673645,-0.9960079193115234,-0.9908961653709412,0.9999051690101624,-0.9989233613014221,0.9979177117347717,-0.9848396182060242,-0.9999900460243225,0.9995414018630981,-0.9998472332954407,0.9998757839202881,0.999851644039154,-0.9891293048858643,-0.9966927170753479,-0.9999921321868896,-0.9973912835121155,-0.994215190410614,-0.9966937303543091,-0.9988002181053162,-0.9952793717384338,0.9999463558197021,-0.9994637966156006,-0.9912756681442261,-0.9927064776420593,-0.9893084764480591,0.9998220801353455,-0.9875539541244507,-0.9985675811767578,-0.9404538869857788,-0.9910251498222351,-0.9962420463562012,1.0,-0.9973596334457397,-0.9806804656982422,-0.9999876022338867,-0.9996243119239807,-0.9995506405830383,-0.9826968908309937,-0.9958811402320862,-0.9988035559654236,-0.9986081123352051,-0.9802694320678711,-0.9926640391349792,-0.9928408861160278,-0.9990261197090149,0.9992035627365112,0.9999100565910339,-0.9989128112792969
-0.9998572468757629,0.9970572590827942,0.9999531507492065,-0.9999995231628418,0.9998207092285156,0.9999924898147583,0.9970376491546631,0.9983077049255371,-0.9999998807907104,0.9966515898704529,0.999957799911499,0.993402898311615,-0.9998336434364319,0.9916782379150391,0.9992297291755676,-0.9999077320098877,1.0,-0.9999915957450867,0.998731791973114,0.9557929635047913,0.9967499375343323,0.999051570892334,0.996930718421936,0.995369017124176,0.9998951554298401,0.9892046451568604,-0.9999987483024597,0.9923416972160339,0.9997506141662598,0.9984296560287476,0.9932103753089905,0.9994474649429321,-0.9999994039535522,0.9970571398735046,0.9757479429244995,0.9931836128234863,0.8690304160118103,0.26542824506759644,0.9792714715003967,0.9965751767158508,0.9993336200714111,0.9981468319892883,0.9912092685699463,0.9957836270332336,0.8180103302001953,0.9864242076873779,0.99888676404953,0.9986947774887085,-0.9996393918991089,-0.9999989867210388,0.9834915995597839,0.9956315755844116,0.9973721504211426,0.9947031736373901,0.9889755845069885,-1.0,0.9994614124298096,-0.9987019896507263,0.9823917746543884,0.9998369812965393,-0.9998604655265808,0.9995174407958984,-0.9995692372322083,-0.9999933242797852,0.987040102481842,0.9954966306686401,0.9998453855514526,0.996318519115448,0.9926641583442688,0.9954977035522461,0.9993733763694763,0.9965060353279114,-0.999994695186615,0.9989267587661743,0.9929748177528381,0.9909768104553223,0.9911985397338867,-0.9999861121177673,0.985325813293457,0.9977484345436096,0.9357487559318542,0.989117443561554,0.9949731826782227,-0.999906599521637,0.9982542991638184,0.9779322147369385,0.9999629855155945,0.999904453754425,0.9990509748458862,0.9851226210594177,0.9945573806762695,0.9980468153953552,0.9992324709892273,0.977493166923523,0.9909297227859497,0.9911264181137085,0.9995332956314087,-0.9996533989906311,-0.9996353387832642,0.9981870651245117
0.9997796416282654,-0.9967346787452698,-0.9999050498008728,0.9999949336051941,-0.9997348189353943,-0.9999682307243347,-0.9967139959335327,-0.998060941696167,0.9999906420707703,-0.9963080286979675,-0.999911904335022,-0.9929246306419373,0.9997504949569702,-0.9921976923942566,-0.9990603923797607,0.9998435974121094,-0.9999915957450867,1.0,-0.9985170364379883,-0.9569901823997498,-0.9964114427566528,-0.9988645911216736,-0.9966015219688416,-0.994966447353363,-0.999946117401123,-0.9897968769073486,0.9999969601631165,-0.9918270707130432,-0.9996507167816162,-0.9981915354728699,-0.992725133895874,-0.9993028044700623,0.9999956488609314,-0.9967346787452698,-0.9748424887657166,-0.9926973581314087,-0.8710509538650513,-0.2693777084350586,-0.9800934195518494,-0.9962279200553894,-0.9994748830795288,-0.99788898229599,-0.990658700466156,-0.9953992366790771,-0.8156458735466003,-0.9870889782905579,-0.9990716576576233,-0.998477041721344,0.9997410178184509,0.9999849796295166,-0.9827417135238647,-0.9952405095100403,-0.9970669150352478,-0.9942735433578491,-0.9883604645729065,0.9999922513961792,-0.9995874762535095,0.9989021420478821,-0.98161780834198,-0.9997545480728149,0.9999205470085144,-0.9993816614151001,0.9994407296180725,0.9999998807907104,-0.9863740801811218,-0.995099663734436,-0.9997648596763611,-0.995958685874939,-0.9921602010726929,-0.995100736618042,-0.9995099306106567,-0.9968400597572327,0.9999731183052063,-0.9987285137176514,-0.9934514760971069,-0.9904190897941589,-0.9917327761650085,0.9999993443489075,-0.984618067741394,-0.997465193271637,-0.9342954158782959,-0.9885058999061584,-0.9945544004440308,0.9998422861099243,-0.9984878897666931,-0.9770676493644714,-0.9999193549156189,-0.9999526143074036,-0.9988639950752258,-0.9858188629150391,-0.9941219091415405,-0.9977823495864868,-0.9993846416473389,-0.9766203165054321,-0.9903706312179565,-0.9905732870101929,-0.999650239944458,0.9997529983520508,0.9995161890983582,-0.9979320764541626
-0.9994399547576904,0.9996523857116699,0.9991725087165833,-0.9986842274665833,0.9995057582855225,0.9989189505577087,0.9996455907821655,0.9999695420265198,-0.9987428188323975,0.9995042681694031,0.999151885509491,0.9979167580604553,-0.9994838237762451,0.983938992023468,0.9999382495880127,-0.9993237257003784,0.998731791973114,-0.9985170364379883,1.0,0.9397767186164856,0.9995418190956116,0.9999768137931824,0.999608039855957,0.9989463686943054,0.9978979229927063,0.9805721640586853,-0.9986504316329956,0.997302234172821,0.9996070861816406,0.9999838471412659,0.9978076815605164,0.9998533725738525,-0.9986739158630371,0.9996524453163147,0.9855312705039978,0.9977924227714539,0.8430187106132507,0.21655040979385376,0.9678316116333008,0.9994746446609497,0.9962284564971924,0.9999446272850037,0.9966133832931519,0.9991391897201538,0.8459327816963196,0.9769054055213928,0.9952449202537537,0.9999997615814209,-0.9970197081565857,-0.9988006353378296,0.9913549423217773,0.9990697503089905,0.9997549057006836,0.9986168146133423,0.9951765537261963,-0.9987225532531738,0.9965419173240662,-0.9948709011077881,0.9905523657798767,0.9994782209396362,-0.9977517127990723,0.9998138546943665,-0.9997791051864624,-0.9985418915748596,0.9938676953315735,0.9990069270133972,0.9994626641273499,0.9993712306022644,0.9974923729896545,0.9990073442459106,0.996323823928833,0.9910373687744141,-0.9988893866539001,0.9999918937683105,0.9857582449913025,0.9964681267738342,0.9832764863967896,-0.9984522461891174,0.9926697015762329,0.9998598098754883,0.9523178339004517,0.9952704906463623,0.9987532496452332,-0.9993264675140381,0.9940146803855896,0.9872106313705444,0.9991278052330017,0.9979403018951416,0.9999768733978271,0.9752210378646851,0.9985417127609253,0.9999263286590576,0.9959929585456848,0.9868752360343933,0.99643874168396,0.9965617656707764,0.9967281222343445,-0.997060239315033,-0.999727189540863,0.9999514818191528
-0.9506885409355164,0.9304388761520386,0.952901303768158,-0.9560680389404297,0.950056254863739,0.9546489715576172,0.930345356464386,0.9370765686035156,-0.9557276964187622,0.928550124168396,0.9530537724494934,0.9157683849334717,-0.9502726197242737,0.9856939315795898,0.9435179233551025,-0.9517096877098083,0.9557929635047913,-0.9569901823997498,0.9397767186164856,1.0,0.9289997220039368,0.9420833587646484,0.9298396706581116,0.9231011271476746,0.9599511623382568,0.9885638356208801,-0.9562593102455139,0.9121524095535278,0.9489883184432983,0.9378198385238647,0.915097177028656,0.9454922676086426,-0.9561262130737305,0.930439293384552,0.8682483434677124,0.9150041937828064,0.9760921597480774,0.5371878743171692,0.9955393671989441,0.9282049536705017,0.9658891558647156,0.9361289143562317,0.9084886908531189,0.9247896671295166,0.612715482711792,0.9911037683486938,0.9685994982719421,0.9395270347595215,-0.963344156742096,-0.9553847908973694,0.8868067860603333,0.924163281917572,0.9319791197776794,0.9205064177513123,0.9017149209976196,-0.9558468461036682,0.9649270176887512,-0.9695295691490173,0.8840269446372986,0.9503279328346252,-0.9605701565742493,0.9461978077888489,-0.9467529654502869,-0.9568567276000977,0.8962201476097107,0.9236145615577698,0.9504756331443787,0.927066445350647,0.9132306575775146,0.9236190319061279,0.9656016230583191,0.9770116806030273,-0.9548376202583313,0.941148042678833,0.9838709831237793,0.9077574610710144,0.9863066673278809,-0.957331120967865,0.8915795683860779,0.9339205026626587,0.7906836271286011,0.9021297097206116,0.9215432405471802,-0.9516857862472534,0.9714912176132202,0.8732693195343018,0.9532288312911987,0.9597669243812561,0.9420792460441589,0.9921050071716309,0.9199545383453369,0.9355571269989014,0.9665777087211609,0.8722485303878784,0.907610297203064,0.9082271456718445,0.9643281102180481,-0.9632024765014648,-0.9475041627883911,0.9363629817962646
