1.0,-0.9052614569664001,-0.4791240990161896,0.9527422785758972,-0.9018107652664185,-0.6690054535865784,-0.21301861107349396,-0.6687389016151428,0.9582352042198181,-0.8566948771476746,-0.8282889127731323,-0.9207800030708313,0.870843768119812,-0.3618438243865967,-0.9251887798309326,0.8407490253448486,-0.6332926750183105,0.8769171237945557,-0.908312201499939,-0.6698967814445496,-0.9038543701171875,-0.6704578399658203,-0.9067175388336182,-0.9217908978462219,-0.7684821486473083,-0.3019693195819855,0.8767422437667847,-0.9357945919036865,-0.8349745273590088,-0.8582660555839539,-0.5736680626869202,-0.3067375123500824,0.8894913196563721,-0.8430551290512085,-0.6940650343894958,-0.724360466003418,-0.6454634666442871,-0.1909567415714264,-0.5581841468811035,-0.882787823677063,-0.9107498526573181,-0.6402463912963867,-0.7411458492279053,-0.3267945647239685,-0.20122645795345306,-0.5434542298316956,-0.7620090246200562,-0.8415499329566956,0.9306491017341614,0.893187940120697,-0.8605947494506836,-0.7870962619781494,-0.7147607207298279,-0.5505228042602539,-0.2355228215456009,0.7968601584434509,-0.24185173213481903,0.8797468543052673,-0.7287115454673767,-0.8838139772415161,0.842707633972168,-0.410346120595932,0.7857621908187866,0.9095414876937866,-0.9362344145774841,-0.9427542090415955,-0.8290116786956787,-0.7307024002075195,-0.7405768632888794,-0.3400830328464508,-0.8656186461448669,-0.9545052647590637,0.8617469072341919,-0.38642868399620056,-0.6567184329032898,-0.876317024230957,-0.42893415689468384,0.8736990094184875,-0.6182711124420166,-0.8654190301895142,-0.4682316482067108,-0.4175516664981842,-0.2641347050666809,0.9068642854690552,-0.26533326506614685,-0.6603777408599854,-0.9248149394989014,-0.32176730036735535,-0.88226717710495,-0.2503405809402466,-0.2960748076438904,-0.4610402584075928,-0.8906994462013245,-0.9086936116218567,-0.8096174597740173,-0.9392693042755127,-0.3257744610309601,0.7921525239944458,0.8991191387176514,-0.8374767303466797
-0.9052614569664001,1.0,0.5082809329032898,-0.9045877456665039,0.9009429216384888,0.7196194529533386,0.12776775658130646,0.6419165134429932,-0.9283997416496277,0.9102235436439514,0.938089907169342,0.9401463866233826,-0.882633626461029,0.3092719614505768,0.8625582456588745,-0.8283878564834595,0.6300944089889526,-0.8808759450912476,0.8903601765632629,0.5263803005218506,0.7827441096305847,0.5417890548706055,0.9060738682746887,0.8659858703613281,0.8186128735542297,0.3213353455066681,-0.8642690777778625,0.9383435249328613,0.7994176149368286,0.8671799302101135,0.4095735251903534,0.361762136220932,-0.8962147831916809,0.8654000759124756,0.5679173469543457,0.8665860891342163,0.8037335872650146,0.2448042929172516,0.5022386312484741,0.8002374768257141,0.8600193858146667,0.6505829691886902,0.8021222949028015,0.3326416015625,0.15179060399532318,0.5084071755409241,0.6759358644485474,0.8514911532402039,-0.8973998427391052,-0.870964765548706,0.8664172291755676,0.7952468991279602,0.8593056201934814,0.6492495536804199,0.18161515891551971,-0.8518394827842712,0.23500551283359528,-0.8968209624290466,0.8157719373703003,0.8718631863594055,-0.7806564569473267,0.4463498890399933,-0.7192068099975586,-0.8815522789955139,0.9116355180740356,0.8438102006912231,0.8620666861534119,0.7012200951576233,0.7844823002815247,0.4223845601081848,0.846193790435791,0.9364944100379944,-0.8570880889892578,0.5119392275810242,0.7204474210739136,0.8704546093940735,0.41075223684310913,-0.8794299364089966,0.6558551788330078,0.8609031438827515,0.49764081835746765,0.3906363844871521,0.3766862750053406,-0.9139457941055298,0.1291426569223404,0.6564884781837463,0.9224593043327332,0.257280170917511,0.9168424010276794,0.3566759526729584,0.2701171934604645,0.4874592423439026,0.8550266623497009,0.8604797720909119,0.7931693196296692,0.9519334435462952,0.12051460146903992,-0.8112675547599792,-0.8861803412437439,0.8136151432991028
-0.4791240990161896,0.5082809329032898,1.0,-0.5602424740791321,0.39742669463157654,0.46616262197494507,0.22347940504550934,0.23355616629123688,-0.5554266571998596,0.4823068678379059,0.5609505772590637,0.5996984839439392,-0.5688902735710144,0.1607198864221573,0.4587152898311615,-0.4307444095611572,0.2513089179992676,-0.5609182119369507,0.5714188814163208,0.15930762887001038,0.4590960144996643,0.2973392903804779,0.44841620326042175,0.4383140802383423,0.46189945936203003,0.6910830140113831,-0.22419968247413635,0.5229852795600891,0.5177459716796875,0.4664125442504883,0.4998781383037567,0.272428423166275,-0.4980124235153198,0.4682365953922272,0.31267085671424866,0.5687813758850098,0.3606117367744446,0.03283284977078438,0.23786279559135437,0.506251871585846,0.3686351776123047,0.3185655176639557,0.5033108592033386,0.09838458150625229,0.07666200399398804,0.2445371150970459,0.5571482181549072,0.5315567255020142,-0.4968508780002594,-0.5417211651802063,0.35180893540382385,0.5235992670059204,0.4265388250350952,0.21387887001037598,-0.006253853905946016,-0.5593022108078003,0.09831993281841278,-0.5205177664756775,0.594281792640686,0.4846968650817871,-0.2890303432941437,0.10227660834789276,-0.48439672589302063,-0.5958765149116516,0.42995187640190125,0.5873737335205078,0.5526232719421387,0.678767204284668,0.2117319107055664,0.44363003969192505,0.43013501167297363,0.5493804812431335,-0.4512341022491455,0.13368530571460724,0.2444440722465515,0.45303040742874146,0.2976829707622528,-0.5433956384658813,0.20291483402252197,0.4751357138156891,-0.02469770424067974,0.07200786471366882,-0.19787101447582245,-0.4663769602775574,0.12079881876707077,0.353359580039978,0.43161076307296753,0.24703219532966614,0.42447060346603394,0.15798668563365936,0.1511324793100357,0.588235080242157,0.49734655022621155,0.4800814688205719,0.5848649740219116,0.5064447522163391,-0.0247640497982502,-0.4643711745738983,-0.43803492188453674,0.5653398633003235
0.9527422785758972,-0.9045877456665039,-0.5602424740791321,1.0,-0.891930103302002,-0.758078396320343,-0.26261377334594727,-0.713811457157135,0.9687838554382324,-0.8814416527748108,-0.8759588003158569,-0.9464181065559387,0.9472830295562744,-0.26273468136787415,-0.9069685339927673,0.8452203273773193,-0.5757603645324707,0.9316272139549255,-0.9132815003395081,-0.5690987706184387,-0.8000398278236389,-0.5828855037689209,-0.9379605650901794,-0.8911892175674438,-0.7477344274520874,-0.44682881236076355,0.9019651412963867,-0.9591991305351257,-0.8907341957092285,-0.905653715133667,-0.5053045153617859,-0.39069244265556335,0.9244688153266907,-0.8879541754722595,-0.7121313214302063,-0.7630117535591125,-0.6474751234054565,-0.21876274049282074,-0.5466334819793701,-0.887621283531189,-0.860444188117981,-0.6155200004577637,-0.7941128611564636,-0.29213351011276245,-0.2354665845632553,-0.5102140307426453,-0.7729123830795288,-0.8828482031822205,0.9679635167121887,0.9540282487869263,-0.8262896537780762,-0.8249817490577698,-0.8051136136054993,-0.5956358909606934,-0.24007807672023773,0.7967965602874756,-0.29324766993522644,0.9214161038398743,-0.7982120513916016,-0.9093180298805237,0.8330892324447632,-0.449946790933609,0.7779536843299866,0.9309664964675903,-0.9204966425895691,-0.9381855726242065,-0.851955771446228,-0.8064445853233337,-0.7043164372444153,-0.3993839621543884,-0.8082866668701172,-0.9451531767845154,0.9036923050880432,-0.39833787083625793,-0.7073604464530945,-0.8862707018852234,-0.48334020376205444,0.9387661218643188,-0.692764163017273,-0.8886946439743042,-0.473098486661911,-0.3940780460834503,-0.29494157433509827,0.9355989694595337,-0.3258134722709656,-0.6927690505981445,-0.9442002177238464,-0.43390122056007385,-0.9177464246749878,-0.31717556715011597,-0.32317158579826355,-0.5703745484352112,-0.9344208836555481,-0.8844084143638611,-0.7822880744934082,-0.9410930871963501,-0.32996895909309387,0.8788346648216248,0.9388151168823242,-0.8327881693840027
-0.9018107652664185,0.9009429216384888,0.39742669463157654,-0.891930103302002,1.0,0.7601213455200195,0.16369716823101044,0.7092284560203552,-0.919620931148529,0.9607542753219604,0.8828518986701965,0.9379927515983582,-0.9032909870147705,0.3124333620071411,0.9242630004882812,-0.8226097226142883,0.7116912603378296,-0.8924742341041565,0.9048847556114197,0.6669596433639526,0.7894956469535828,0.6532941460609436,0.9596928954124451,0.8701070547103882,0.8177076578140259,0.19827495515346527,-0.8792264461517334,0.9127638936042786,0.7826283574104309,0.9042220115661621,0.4320901930332184,0.43888184428215027,-0.9183546304702759,0.9049307703971863,0.645277202129364,0.8326207995414734,0.7188822031021118,0.20586709678173065,0.5773180723190308,0.8702459931373596,0.8578475117683411,0.5972998142242432,0.8522390723228455,0.289603054523468,0.17409813404083252,0.5791454315185547,0.8041508197784424,0.9017263650894165,-0.9235823154449463,-0.8568735718727112,0.8650872111320496,0.7489036321640015,0.8673116564750671,0.5596097111701965,0.3300014138221741,-0.7427807450294495,0.19193704426288605,-0.9177618622779846,0.7747852802276611,0.9275964498519897,-0.8600170612335205,0.5517238974571228,-0.721027672290802,-0.9090942144393921,0.9561104774475098,0.9092242121696472,0.8531659841537476,0.7777602672576904,0.7793423533439636,0.35632890462875366,0.8375257253646851,0.9363834857940674,-0.8743141889572144,0.41421234607696533,0.8056884407997131,0.9393858313560486,0.3439328670501709,-0.9070838689804077,0.6394285559654236,0.9022636413574219,0.5495879650115967,0.23180042207241058,0.3696066439151764,-0.9542160034179688,0.2629859745502472,0.5953782200813293,0.9429156184196472,0.34367406368255615,0.9189426898956299,0.1105961725115776,0.23670101165771484,0.4106583893299103,0.9068818092346191,0.9443866014480591,0.7258785963058472,0.9303637146949768,0.16977053880691528,-0.8383393287658691,-0.8832899928092957,0.8303436636924744
-0.6690054535865784,0.7196194529533386,0.46616262197494507,-0.758078396320343,0.7601213455200195,1.0,0.2341901957988739,0.5630878210067749,-0.7535296678543091,0.7774279117584229,0.7158552408218384,0.761143684387207,-0.7345535159111023,0.01669122464954853,0.6722578406333923,-0.5920451283454895,0.5754134058952332,-0.6981262564659119,0.7974100708961487,0.43594133853912354,0.4993475079536438,0.3933184742927551,0.7317761778831482,0.7075554728507996,0.593718945980072,0.2987746298313141,-0.725595235824585,0.8018110990524292,0.6385524272918701,0.7367175817489624,0.33993974328041077,0.3764728903770447,-0.7274043560028076,0.6744678616523743,0.5776229500770569,0.6516097784042358,0.6718158721923828,0.13216906785964966,0.2518543601036072,0.5707021951675415,0.6001315712928772,0.4955029785633087,0.6461728811264038,-0.05346464738249779,0.0853123888373375,0.32081833481788635,0.6039109826087952,0.7129378318786621,-0.7509494423866272,-0.6573727130889893,0.6165416240692139,0.636685848236084,0.7844297885894775,0.32629966735839844,0.13190609216690063,-0.4517337381839752,0.21370181441307068,-0.755844235420227,0.8078407645225525,0.8682636022567749,-0.6600961685180664,0.18435443937778473,-0.5858853459358215,-0.6766124963760376,0.6841650605201721,0.70741868019104,0.6997539401054382,0.6340481638908386,0.5078213810920715,0.616943895816803,0.6720461845397949,0.7737155556678772,-0.6101847290992737,0.37375137209892273,0.636372447013855,0.7787265777587891,0.23220734298229218,-0.7478189468383789,0.5957238078117371,0.6583197116851807,0.4307798445224762,0.1727646291255951,0.26623043417930603,-0.777814507484436,0.02304140478372574,0.4358697831630707,0.8075462579727173,0.48362141847610474,0.7628459930419922,0.16690082848072052,0.10171005874872208,0.42471036314964294,0.7809770703315735,0.7675403952598572,0.5339713096618652,0.7060267329216003,0.1861182004213333,-0.6621459722518921,-0.6471815705299377,0.5743567943572998
-0.21301861107349396,0.12776775658130646,0.22347940504550934,-0.26261377334594727,0.16369716823101044,0.2341901957988739,1.0,0.2977493107318878,-0.28862354159355164,0.24196091294288635,0.2598620057106018,0.17528857290744781,-0.2791714072227478,0.17988768219947815,0.3107350766658783,-0.26526862382888794,0.2089984267950058,-0.273252934217453,0.2958325147628784,0.04357147216796875,0.2558569014072418,0.23408719897270203,0.23519425094127655,0.1802261918783188,0.0860467255115509,0.20764383673667908,-0.2863624095916748,0.23177987337112427,0.1855057328939438,0.24675263464450836,0.12449272722005844,0.01851508393883705,-0.23793163895606995,0.27676016092300415,0.22769172489643097,0.18755947053432465,0.17569731175899506,0.054425451904535294,0.34309619665145874,0.3424564301967621,0.14090582728385925,0.17932400107383728,0.1381015032529831,0.11733829230070114,0.020063532516360283,0.02918173000216484,0.18492762744426727,0.13611581921577454,-0.33966264128685,-0.2980784475803375,0.05218859016895294,0.021445682272315025,0.1271328628063202,-0.0499735064804554,0.007370163686573505,-0.2005288302898407,0.07035383582115173,-0.19629092514514923,0.18322166800498962,0.20676743984222412,-0.1998746395111084,0.01235280092805624,-0.21368591487407684,-0.28949564695358276,0.2052791565656662,0.24308370053768158,0.30832040309906006,0.263096421957016,0.3061579763889313,0.15610751509666443,0.052097029983997345,0.19058135151863098,-0.280009925365448,0.05041675642132759,0.09656613320112228,0.22747352719306946,0.08971951901912689,-0.33882102370262146,0.1028604581952095,0.29267004132270813,0.21704541146755219,0.11712618917226791,0.18561731278896332,-0.29122623801231384,0.0753856897354126,0.24455419182777405,0.2460046410560608,0.2594658434391022,0.17671187222003937,0.0418517105281353,0.11113778501749039,0.01723768375813961,0.18971417844295502,0.3202509880065918,0.18822313845157623,0.19106468558311462,0.03414379805326462,-0.2610988914966583,-0.2888474762439728,0.01381633710116148
-0.6687389016151428,0.6419165134429932,0.23355616629123688,-0.713811457157135,0.7092284560203552,0.5630878210067749,0.2977493107318878,1.0,-0.7406888008117676,0.6791189908981323,0.6721713542938232,0.738152801990509,-0.765878438949585,0.49602991342544556,0.8217176795005798,-0.6930718421936035,0.4520584046840668,-0.8155434727668762,0.6997289657592773,0.2597968876361847,0.5244022011756897,0.5032297968864441,0.7697835564613342,0.6910713911056519,0.5898523330688477,0.3228607475757599,-0.7148210406303406,0.7694875001907349,0.6314441561698914,0.8323623538017273,0.310042142868042,0.45489266514778137,-0.8106060028076172,0.8127540349960327,0.5931721329689026,0.5554700493812561,0.33864879608154297,0.16254906356334686,0.5545202493667603,0.8077992796897888,0.716469943523407,0.4691883325576782,0.5907355546951294,0.0844302549958229,0.14672614634037018,0.33984658122062683,0.662408709526062,0.7515867352485657,-0.794028103351593,-0.6949672102928162,0.6949225664138794,0.7200772762298584,0.6416405439376831,0.5390533804893494,0.14860354363918304,-0.5234915614128113,0.3431912660598755,-0.728347897529602,0.7468146681785583,0.7406913638114929,-0.7566769123077393,0.5438581109046936,-0.5093371272087097,-0.7410495281219482,0.7694994807243347,0.7300140857696533,0.5607795715332031,0.5869658589363098,0.5282505750656128,0.2680661976337433,0.5820369720458984,0.712752640247345,-0.8196557760238647,0.33259886503219604,0.7525719404220581,0.7536197304725647,0.06291114538908005,-0.7990177273750305,0.6968446373939514,0.7348867654800415,0.41464874148368835,0.4729010760784149,0.3767244219779968,-0.7728971242904663,0.1967422515153885,0.5478394627571106,0.7291601300239563,0.1684519499540329,0.7562500238418579,0.1448381245136261,0.41645029187202454,0.446472704410553,0.7039591073989868,0.6923133134841919,0.49826580286026,0.7544214129447937,0.31241360306739807,-0.8211638331413269,-0.7935853600502014,0.4928632378578186
0.9582352042198181,-0.9283997416496277,-0.5554266571998596,0.9687838554382324,-0.919620931148529,-0.7535296678543091,-0.28862354159355164,-0.7406888008117676,1.0,-0.8977759480476379,-0.8712987303733826,-0.9620695114135742,0.9259520769119263,-0.37416353821754456,-0.9330565929412842,0.8844571113586426,-0.617152214050293,0.9509456753730774,-0.9233564138412476,-0.580837070941925,-0.8283215165138245,-0.646946132183075,-0.9418315887451172,-0.8742434978485107,-0.7722911834716797,-0.4153580665588379,0.8821597099304199,-0.980369508266449,-0.8227401971817017,-0.912619948387146,-0.5347855091094971,-0.4080863893032074,0.9350287318229675,-0.899509608745575,-0.7242096066474915,-0.7720280885696411,-0.6660953760147095,-0.2837594747543335,-0.5987480282783508,-0.9105721116065979,-0.8701440095901489,-0.6043856739997864,-0.7789478302001953,-0.3091104328632355,-0.21597939729690552,-0.560291051864624,-0.8152292966842651,-0.8953812122344971,0.9654617309570312,0.9284809231758118,-0.8593541979789734,-0.8090632557868958,-0.8119255900382996,-0.6334955096244812,-0.29081034660339355,0.7892584800720215,-0.22148427367210388,0.9439533352851868,-0.8525818586349487,-0.9352182745933533,0.8605941534042358,-0.39636480808258057,0.7897475361824036,0.933893620967865,-0.9400132298469543,-0.9511591792106628,-0.8415018916130066,-0.7999444603919983,-0.7183040976524353,-0.4576733112335205,-0.8702811598777771,-0.9496393799781799,0.9191670417785645,-0.39636072516441345,-0.71589595079422,-0.9165891408920288,-0.4024544060230255,0.9330942034721375,-0.6290686130523682,-0.8865405321121216,-0.41440480947494507,-0.39433953166007996,-0.32352370023727417,0.9541048407554626,-0.23440471291542053,-0.6965991258621216,-0.942650318145752,-0.3670275807380676,-0.910223662853241,-0.3117096722126007,-0.3000108301639557,-0.5304720997810364,-0.905112087726593,-0.9283686876296997,-0.7958217859268188,-0.955747127532959,-0.25453755259513855,0.8728747367858887,0.9365533590316772,-0.8109836578369141
-0.8566948771476746,0.9102235436439514,0.4823068678379059,-0.8814416527748108,0.9607542753219604,0.7774279117584229,0.24196091294288635,0.6791189908981323,-0.8977759480476379,1.0,0.9285359978675842,0.9451100826263428,-0.9202512502670288,0.2798541486263275,0.8786156177520752,-0.8238739967346191,0.6529818177223206,-0.8973802924156189,0.9144996404647827,0.5869143009185791,0.7549704313278198,0.6464691162109375,0.9467922449111938,0.8347650766372681,0.8061280846595764,0.2770213186740875,-0.8627381920814514,0.885829508304596,0.8021090626716614,0.8988481163978577,0.365763396024704,0.4974517524242401,-0.9105871319770813,0.8924548029899597,0.5504489541053772,0.8932971954345703,0.7840559482574463,0.12415951490402222,0.605420708656311,0.8436892032623291,0.8588829040527344,0.6907216906547546,0.8775672912597656,0.24439330399036407,0.13992254436016083,0.5223619937896729,0.7746526002883911,0.8807277083396912,-0.9177229404449463,-0.86256343126297,0.8053703308105469,0.7364539504051208,0.866856575012207,0.578359067440033,0.2753503620624542,-0.8069332838058472,0.1314546912908554,-0.924592137336731,0.7901177406311035,0.9019882678985596,-0.7874470949172974,0.5790395736694336,-0.7424004077911377,-0.9076053500175476,0.9397834539413452,0.854071855545044,0.8932062387466431,0.7683783173561096,0.771684467792511,0.3912326991558075,0.7509923577308655,0.9290581345558167,-0.8513765335083008,0.5131011605262756,0.8326238393783569,0.9227073788642883,0.3219483196735382,-0.937121570110321,0.6443588137626648,0.9126012921333313,0.5655775666236877,0.2581297755241394,0.41682857275009155,-0.9543238878250122,0.27277132868766785,0.6604735255241394,0.9415339827537537,0.3782060444355011,0.927760124206543,0.19699479639530182,0.22563914954662323,0.3831608295440674,0.8625356554985046,0.9089726209640503,0.7224054336547852,0.938170850276947,0.1394328474998474,-0.8283304572105408,-0.8702974319458008,0.806178629398346
-0.8282889127731323,0.938089907169342,0.5609505772590637,-0.8759588003158569,0.8828518986701965,0.7158552408218384,0.2598620057106018,0.6721713542938232,-0.8712987303733826,0.9285359978675842,1.0,0.9220914244651794,-0.9278588891029358,0.2690849006175995,0.8674237132072449,-0.7919086217880249,0.6514346599578857,-0.8962450623512268,0.9067927598953247,0.47155800461769104,0.717405378818512,0.45993706583976746,0.9044421315193176,0.8118791580200195,0.8272290229797363,0.37787896394729614,-0.8112579584121704,0.8881650567054749,0.8181742429733276,0.8459039330482483,0.3037404417991638,0.3461604118347168,-0.9190821647644043,0.9144687652587891,0.4661582410335541,0.9489269852638245,0.7801132202148438,0.14725807309150696,0.5012332201004028,0.8206880688667297,0.8108821511268616,0.654114842414856,0.8745118379592896,0.3320114016532898,0.10304563492536545,0.4570135176181793,0.701665461063385,0.8646552562713623,-0.8994539380073547,-0.8735500574111938,0.7943744659423828,0.7673234939575195,0.8678419589996338,0.5453916192054749,0.159170001745224,-0.8504352569580078,0.21853956580162048,-0.8856778740882874,0.8001865148544312,0.8462228178977966,-0.734642505645752,0.5637158155441284,-0.6160324811935425,-0.9068729877471924,0.8826181292533875,0.824427604675293,0.9143264293670654,0.7926269173622131,0.8196347951889038,0.36789098381996155,0.7370025515556335,0.90897536277771,-0.8676908612251282,0.4795253276824951,0.7660792469978333,0.8684970736503601,0.384944885969162,-0.9193565845489502,0.7193910479545593,0.9233327507972717,0.5579174160957336,0.25249621272087097,0.3436124324798584,-0.9108107686042786,0.16058823466300964,0.6757968068122864,0.8932408690452576,0.3010517954826355,0.9049049615859985,0.28000152111053467,0.3184892237186432,0.52741938829422,0.870288610458374,0.8349900245666504,0.7494991421699524,0.9177348017692566,0.1534709334373474,-0.8233562707901001,-0.8696126341819763,0.8182531595230103
-0.9207800030708313,0.9401463866233826,0.5996984839439392,-0.9464181065559387,0.9379927515983582,0.761143684387207,0.17528857290744781,0.738152801990509,-0.9620695114135742,0.9451100826263428,0.9220914244651794,1.0,-0.9403038024902344,0.32332146167755127,0.9145804047584534,-0.8879282474517822,0.6185694336891174,-0.959025502204895,0.9255061745643616,0.5251871943473816,0.7836241126060486,0.6391334533691406,0.9504885673522949,0.8777888417243958,0.8498997092247009,0.45590460300445557,-0.8371713757514954,0.9548147320747375,0.8528164625167847,0.9325668811798096,0.4616702198982239,0.5122815370559692,-0.9468462467193604,0.926342248916626,0.6320974826812744,0.8690768480300903,0.6973847150802612,0.19524160027503967,0.5884168148040771,0.888782799243927,0.8962042927742004,0.674670398235321,0.843013346195221,0.28881335258483887,0.20002608001232147,0.5345942974090576,0.8152258992195129,0.9285008311271667,-0.9473762512207031,-0.904847264289856,0.8637472987174988,0.8250816464424133,0.8497609496116638,0.6200981736183167,0.22820191085338593,-0.8424029350280762,0.19855865836143494,-0.941437304019928,0.8654345273971558,0.9328472018241882,-0.8510407209396362,0.5451366305351257,-0.7738192677497864,-0.9445835947990417,0.9602402448654175,0.9309919476509094,0.8619287014007568,0.8066062927246094,0.7251171469688416,0.43432366847991943,0.833187460899353,0.9697370529174805,-0.9168127775192261,0.4521069824695587,0.794715404510498,0.9386385083198547,0.38398951292037964,-0.942138135433197,0.6830376386642456,0.9246413707733154,0.41750526428222656,0.35848915576934814,0.30294114351272583,-0.9612376689910889,0.2232239693403244,0.6663911938667297,0.934328019618988,0.3945361375808716,0.9535298943519592,0.22652356326580048,0.3139801323413849,0.5330604314804077,0.900498628616333,0.9060950875282288,0.770219624042511,0.9674355983734131,0.23771251738071442,-0.8568724989891052,-0.9271867275238037,0.8618791103363037
0.870843768119812,-0.882633626461029,-0.5688902735710144,0.9472830295562744,-0.9032909870147705,-0.7345535159111023,-0.2791714072227478,-0.765878438949585,0.9259520769119263,-0.9202512502670288,-0.9278588891029358,-0.9403038024902344,1.0,-0.323272705078125,-0.9149705171585083,0.8183177709579468,-0.5878651738166809,0.9635437726974487,-0.9294896125793457,-0.5532404780387878,-0.747162401676178,-0.5182344317436218,-0.9410844445228577,-0.8133923411369324,-0.7784750461578369,-0.4449409246444702,0.843757152557373,-0.9226667284965515,-0.8870082497596741,-0.8936222195625305,-0.422741562128067,-0.40753859281539917,0.9652159214019775,-0.9232742190361023,-0.5620994567871094,-0.8497307896614075,-0.6268219947814941,-0.21260866522789001,-0.6116072535514832,-0.9189046621322632,-0.8196650743484497,-0.6174883842468262,-0.8830251097679138,-0.2603168189525604,-0.22875063121318817,-0.5408123731613159,-0.8225083351135254,-0.8798288702964783,0.9631771445274353,0.933171272277832,-0.7639575004577637,-0.7837786078453064,-0.8336295485496521,-0.5858820676803589,-0.293948233127594,0.813287079334259,-0.3119630813598633,0.9534901976585388,-0.8123228549957275,-0.910060703754425,0.8070629835128784,-0.5679614543914795,0.7182010412216187,0.95012366771698,-0.9059494137763977,-0.8924399614334106,-0.8754306435585022,-0.8481855988502502,-0.7118245959281921,-0.36405789852142334,-0.7225925922393799,-0.9050924777984619,0.9145057797431946,-0.4523782432079315,-0.7893491387367249,-0.8754480481147766,-0.34765657782554626,0.9828798174858093,-0.7172690629959106,-0.9212238192558289,-0.5147222876548767,-0.23293329775333405,-0.33244073390960693,0.952881932258606,-0.34829968214035034,-0.7290134429931641,-0.927586555480957,-0.3957914113998413,-0.911241888999939,-0.3193645775318146,-0.34681767225265503,-0.5510765910148621,-0.9267534613609314,-0.8656471967697144,-0.7608251571655273,-0.9349412322044373,-0.2591187357902527,0.8949549794197083,0.9301391243934631,-0.8313648104667664
-0.3618438243865967,0.3092719614505768,0.1607198864221573,-0.26273468136787415,0.3124333620071411,0.01669122464954853,0.17988768219947815,0.49602991342544556,-0.37416353821754456,0.2798541486263275,0.2690849006175995,0.32332146167755127,-0.323272705078125,1.0,0.46826833486557007,-0.3313197195529938,0.2956726551055908,-0.35854417085647583,0.3064337372779846,0.13281287252902985,0.37677931785583496,0.14038674533367157,0.28340017795562744,0.28358981013298035,0.31710579991340637,0.16672541201114655,-0.24878457188606262,0.35298776626586914,0.17017096281051636,0.3159065544605255,0.07311690598726273,0.20145146548748016,-0.331194669008255,0.3302837610244751,0.18338187038898468,0.23187310993671417,0.062040653079748154,0.13827091455459595,0.2653956711292267,0.4969978928565979,0.2944950461387634,0.21566374599933624,0.1679423302412033,0.007186537142843008,0.05901273712515831,0.08605477958917618,0.39357954263687134,0.349676251411438,-0.3175264298915863,-0.2542610168457031,0.29656362533569336,0.22929535806179047,0.24424663186073303,0.27275222539901733,0.14289672672748566,-0.2643792927265167,0.03932177275419235,-0.3662143051624298,0.23457738757133484,0.2573552429676056,-0.394321084022522,0.20447419583797455,-0.3360110819339752,-0.35087820887565613,0.3751591444015503,0.3894577622413635,0.2509607672691345,0.24290083348751068,0.2605726420879364,-0.08449090272188187,0.22733503580093384,0.31680119037628174,-0.35534802079200745,0.39674583077430725,0.19302251935005188,0.28946733474731445,0.12505382299423218,-0.3338627517223358,0.12157600373029709,0.3364863991737366,0.30210667848587036,0.08949755132198334,-0.057650886476039886,-0.2954716086387634,0.060053445398807526,0.3185470998287201,0.2696814239025116,-0.16857768595218658,0.24325811862945557,0.16789093613624573,0.07651576399803162,0.08396665006875992,0.2937517762184143,0.33592599630355835,0.489254891872406,0.38347750902175903,0.05241723731160164,-0.37946078181266785,-0.32606250047683716,0.12190980464220047
-0.9251887798309326,0.8625582456588745,0.4587152898311615,-0.9069685339927673,0.9242630004882812,0.6722578406333923,0.3107350766658783,0.8217176795005798,-0.9330565929412842,0.8786156177520752,0.8674237132072449,0.9145804047584534,-0.9149705171585083,0.46826833486557007,1.0,-0.8375729322433472,0.683301568031311,-0.9260610342025757,0.9211504459381104,0.5977434515953064,0.8047070503234863,0.6419113874435425,0.9314084053039551,0.8559709191322327,0.7830578088760376,0.3026902675628662,-0.8357802629470825,0.9259109497070312,0.8041670918464661,0.901999294757843,0.48227614164352417,0.32439950108528137,-0.9416787624359131,0.8997194766998291,0.66819167137146,0.7744821310043335,0.607506513595581,0.21386262774467468,0.6269930005073547,0.9274303317070007,0.8675719499588013,0.5787020921707153,0.8105310797691345,0.3266371190547943,0.18598945438861847,0.4827665090560913,0.8200581669807434,0.8949851989746094,-0.9316954612731934,-0.8631516695022583,0.8482968211174011,0.754749596118927,0.7798476219177246,0.5278630256652832,0.20038574934005737,-0.7460224032402039,0.2809091806411743,-0.9049367308616638,0.794511079788208,0.8974530696868896,-0.8474798798561096,0.49118754267692566,-0.6870835423469543,-0.9339364767074585,0.944373369216919,0.9459519982337952,0.823283851146698,0.8055433630943298,0.7441758513450623,0.3741961717605591,0.8326671719551086,0.9242464303970337,-0.9209408760070801,0.37545886635780334,0.7599961161613464,0.9114308953285217,0.2774197459220886,-0.9236620664596558,0.7145803570747375,0.919819712638855,0.5251603722572327,0.31714075803756714,0.2682633399963379,-0.9259228110313416,0.3046322464942932,0.6829133033752441,0.9166720509529114,0.2208852916955948,0.8772966861724854,0.1447167843580246,0.24899344146251678,0.4528396725654602,0.9110558032989502,0.9308496117591858,0.7915703654289246,0.9319663643836975,0.30920088291168213,-0.8674629926681519,-0.9011056423187256,0.7733221054077148
0.8407490253448486,-0.8283878564834595,-0.4307444095611572,0.8452203273773193,-0.8226097226142883,-0.5920451283454895,-0.26526862382888794,-0.6930718421936035,0.8844571113586426,-0.8238739967346191,-0.7919086217880249,-0.8879282474517822,0.8183177709579468,-0.3313197195529938,-0.8375729322433472,1.0,-0.6299804449081421,0.891312301158905,-0.7970049381256104,-0.3420824110507965,-0.6610985994338989,-0.6059163808822632,-0.8854825496673584,-0.7169548273086548,-0.7214350700378418,-0.45445600152015686,0.7771273851394653,-0.8366004824638367,-0.7729114890098572,-0.8462191224098206,-0.3600510358810425,-0.37422534823417664,0.8381826281547546,-0.8587559461593628,-0.5668634176254272,-0.701762855052948,-0.5356117486953735,-0.2149190455675125,-0.5913152098655701,-0.8398758172988892,-0.7923522591590881,-0.7091792821884155,-0.7307328581809998,-0.29654189944267273,-0.19100625813007355,-0.6019080877304077,-0.6801343560218811,-0.8142236471176147,0.8492295145988464,0.8049172759056091,-0.8774287104606628,-0.6923303008079529,-0.7181663513183594,-0.7458866834640503,-0.3473583459854126,0.8077821731567383,-0.19818225502967834,0.8129408359527588,-0.7554842829704285,-0.8200910687446594,0.7946732640266418,-0.4462732970714569,0.7057978510856628,0.8292596936225891,-0.8569651246070862,-0.8416803479194641,-0.8078857064247131,-0.6657627820968628,-0.7568737268447876,-0.4951706528663635,-0.7592856884002686,-0.8187453746795654,0.9308900833129883,-0.5241917967796326,-0.6518912315368652,-0.820627748966217,-0.3850422501564026,0.8441547751426697,-0.6180758476257324,-0.9147466421127319,-0.3341021239757538,-0.42182716727256775,-0.35228946805000305,0.8450751304626465,-0.2648448944091797,-0.7560774087905884,-0.8258920311927795,-0.38313937187194824,-0.9013205170631409,-0.1595914214849472,-0.2154047191143036,-0.37970563769340515,-0.7440240383148193,-0.7821166515350342,-0.6706363558769226,-0.8588489890098572,-0.30458366870880127,0.7550479769706726,0.9299461245536804,-0.753775417804718
-0.6332926750183105,0.6300944089889526,0.2513089179992676,-0.5757603645324707,0.7116912603378296,0.5754134058952332,0.2089984267950058,0.4520584046840668,-0.617152214050293,0.6529818177223206,0.6514346599578857,0.6185694336891174,-0.5878651738166809,0.2956726551055908,0.683301568031311,-0.6299804449081421,1.0,-0.593849241733551,0.6705296635627747,0.48898079991340637,0.5779651403427124,0.32693713903427124,0.677704393863678,0.6464567184448242,0.6373224854469299,0.12086349725723267,-0.6108494400978088,0.6394122242927551,0.577288806438446,0.5274642705917358,0.09810034185647964,-0.015430666506290436,-0.5958982110023499,0.625608503818512,0.3309047520160675,0.5913347005844116,0.5037859678268433,0.08639255911111832,0.180217444896698,0.5644580721855164,0.48303431272506714,0.3784826397895813,0.7193740606307983,0.08836537599563599,0.15648847818374634,0.33053070306777954,0.41190826892852783,0.6110200881958008,-0.6129904985427856,-0.5468318462371826,0.7007426023483276,0.4396524131298065,0.6252985000610352,0.30485954880714417,0.27141472697257996,-0.5017134547233582,0.1773669272661209,-0.6022866368293762,0.50910884141922,0.7022188901901245,-0.5622239112854004,0.20434796810150146,-0.5243268609046936,-0.5995520353317261,0.5988907217979431,0.6476948857307434,0.7227572202682495,0.5207284092903137,0.785094678401947,0.48637834191322327,0.5691096186637878,0.661602795124054,-0.5849087834358215,0.444883793592453,0.3129682242870331,0.5664976239204407,0.3419179618358612,-0.5830447673797607,0.3912453055381775,0.6886273622512817,0.4776194989681244,-0.07280333340167999,0.3516680598258972,-0.6010507345199585,0.01456330344080925,0.41905274987220764,0.619587779045105,0.008724602870643139,0.6089150309562683,-0.25261345505714417,0.23594436049461365,0.3773455321788788,0.673776388168335,0.6725579500198364,0.5887010097503662,0.6176106929779053,0.1959289163351059,-0.5393343567848206,-0.588555634021759,0.6407129764556885
0.8769171237945557,-0.8808759450912476,-0.5609182119369507,0.9316272139549255,-0.8924742341041565,-0.6981262564659119,-0.273252934217453,-0.8155434727668762,0.9509456753730774,-0.8973802924156189,-0.8962450623512268,-0.959025502204895,0.9635437726974487,-0.35854417085647583,-0.9260610342025757,0.891312301158905,-0.593849241733551,1.0,-0.9068518280982971,-0.5114321112632751,-0.7459626197814941,-0.6084825992584229,-0.9475790858268738,-0.8018733859062195,-0.796602189540863,-0.513604998588562,0.8161531090736389,-0.9425432085990906,-0.8618348240852356,-0.9120700359344482,-0.4221247434616089,-0.43997320532798767,0.9710761904716492,-0.936987042427063,-0.6183959245681763,-0.8132453560829163,-0.5799880027770996,-0.24368366599082947,-0.6661784648895264,-0.9225125908851624,-0.8505017757415771,-0.603161633014679,-0.8571010828018188,-0.32695046067237854,-0.22922836244106293,-0.5340046286582947,-0.8319723606109619,-0.9039406776428223,0.9576697945594788,0.9181405901908875,-0.822557270526886,-0.7975272536277771,-0.8077627420425415,-0.6677828431129456,-0.29968133568763733,0.8047724962234497,-0.2342596799135208,0.9584789276123047,-0.8746866583824158,-0.9225993156433105,0.8359938859939575,-0.530758261680603,0.7408379912376404,0.9386661052703857,-0.9235061407089233,-0.909173309803009,-0.8198660016059875,-0.8274437785148621,-0.695632815361023,-0.456779420375824,-0.7704765200614929,-0.9065214991569519,0.9533054828643799,-0.4008179008960724,-0.787413477897644,-0.8966556191444397,-0.2967303991317749,0.9611576199531555,-0.7013051509857178,-0.9243834018707275,-0.3634483218193054,-0.32455024123191833,-0.38877394795417786,0.9535865187644958,-0.28875264525413513,-0.7462915778160095,-0.9036034941673279,-0.3339146077632904,-0.9142954349517822,-0.28548213839530945,-0.38865455985069275,-0.568110466003418,-0.8830227255821228,-0.8674163222312927,-0.7519866228103638,-0.946071207523346,-0.30156850814819336,0.8976759910583496,0.943230390548706,-0.8254926204681396
-0.908312201499939,0.8903601765632629,0.5714188814163208,-0.9132815003395081,0.9048847556114197,0.7974100708961487,0.2958325147628784,0.6997289657592773,-0.9233564138412476,0.9144996404647827,0.9067927598953247,0.9255061745643616,-0.9294896125793457,0.3064337372779846,0.9211504459381104,-0.7970049381256104,0.6705296635627747,-0.9068518280982971,1.0,0.6493222713470459,0.8160013556480408,0.5765336155891418,0.8923021554946899,0.830536961555481,0.7522660493850708,0.3239922523498535,-0.8053783178329468,0.9216028451919556,0.8154311180114746,0.8496230244636536,0.510679304599762,0.3316774070262909,-0.9290516376495361,0.8526850342750549,0.5441651940345764,0.8515722155570984,0.6867661476135254,0.12035068869590759,0.5832265019416809,0.8659090399742126,0.8502851128578186,0.636745810508728,0.8580083847045898,0.23198924958705902,0.1339709609746933,0.5349092483520508,0.827018678188324,0.8365328311920166,-0.9221028089523315,-0.8622943758964539,0.7610025405883789,0.7758301496505737,0.7522737979888916,0.48051121830940247,0.27227702736854553,-0.8000152111053467,0.29801902174949646,-0.9169690012931824,0.8379649519920349,0.9342297315597534,-0.7616234421730042,0.3897971510887146,-0.7341625690460205,-0.949104905128479,0.8951799869537354,0.895453155040741,0.8923688530921936,0.8136296272277832,0.7011439204216003,0.438175231218338,0.8082922101020813,0.942979097366333,-0.831302285194397,0.4004523456096649,0.7555205821990967,0.873972475528717,0.23591692745685577,-0.9355562329292297,0.7030951380729675,0.8948922753334045,0.5435207486152649,0.2510516345500946,0.2903904616832733,-0.9380664825439453,0.1452784389257431,0.724522054195404,0.9541627168655396,0.34327375888824463,0.8817246556282043,0.25673580169677734,0.2506601810455322,0.43816855549812317,0.9221497774124146,0.9140229225158691,0.7536198496818542,0.9124354124069214,0.32653725147247314,-0.7991483807563782,-0.8516343235969543,0.8010596036911011
-0.6698967814445496,0.5263803005218506,0.15930762887001038,-0.5690987706184387,0.6669596433639526,0.43594133853912354,0.04357147216796875,0.2597968876361847,-0.580837070941925,0.5869143009185791,0.47155800461769104,0.5251871943473816,-0.5532404780387878,0.13281287252902985,0.5977434515953064,-0.3420824110507965,0.48898079991340637,-0.5114321112632751,0.6493222713470459,1.0,0.7855893969535828,0.5376530885696411,0.569816529750824,0.6040019392967224,0.5319960117340088,-0.08840291947126389,-0.546840250492096,0.5776642560958862,0.5518954992294312,0.4229640066623688,0.4206497073173523,0.025619346648454666,-0.586056649684906,0.4442196786403656,0.3721751272678375,0.4424552023410797,0.4259811043739319,0.12106449156999588,0.4922807812690735,0.5216238498687744,0.6085678935050964,0.26195430755615234,0.5938377380371094,0.3440419137477875,0.11606107652187347,0.3816318213939667,0.5976163148880005,0.43586406111717224,-0.5943796038627625,-0.5341296792030334,0.4167481064796448,0.34721991419792175,0.36295583844184875,0.15082679688930511,0.31885161995887756,-0.4032258987426758,0.07203467935323715,-0.6467275023460388,0.3377973735332489,0.6381196975708008,-0.5387751460075378,0.2274797111749649,-0.5963302254676819,-0.5692909955978394,0.6039906144142151,0.5753270387649536,0.467255562543869,0.4612933099269867,0.4265982508659363,0.12175317853689194,0.5272501111030579,0.6126452684402466,-0.38662850856781006,0.06283533573150635,0.4414485692977905,0.5441198945045471,0.0639595240354538,-0.5183628797531128,0.2736964523792267,0.46886444091796875,0.30691906809806824,-0.11894537508487701,0.33081287145614624,-0.6227325201034546,0.24088852107524872,0.3432537913322449,0.6242197751998901,0.11773893237113953,0.4591224193572998,0.16001035273075104,0.23191514611244202,0.1497378796339035,0.6146094799041748,0.6566246747970581,0.5794875025749207,0.5972693562507629,0.23383735120296478,-0.41544511914253235,-0.43664005398750305,0.6408239006996155
