0.30916187167167664,21.957542419433594,21.346113204956055,5.979061603546143,21.287403106689453,21.059062957763672,21.02840805053711,23.3070068359375,9.478609085083008,21.251846313476562,21.177030563354492,21.896106719970703,12.83176040649414,21.230567932128906,21.548742294311523,14.72309684753418,21.337608337402344,9.623147010803223,22.20618438720703,22.516050338745117,21.109561920166016,21.0084228515625,21.575000762939453,21.72711181640625,24.68633270263672,21.167325973510742,5.809813976287842,21.75946044921875,21.476924896240234,21.310148239135742,26.395421981811523,26.26810073852539,6.749170303344727,20.89220428466797,21.859683990478516,21.775604248046875,21.419429779052734,20.888164520263672,24.434894561767578,21.03064727783203,21.211111068725586,21.642000198364258,24.682126998901367,27.193220138549805,26.568843841552734,22.464672088623047,21.751523971557617,21.316936492919922,13.591537475585938,7.940600395202637,21.81403350830078,21.65751075744629,21.15105438232422,21.221309661865234,26.916383743286133,12.311684608459473,22.070232391357422,9.109455108642578,21.76205825805664,21.315319061279297,9.133381843566895,21.062023162841797,8.249295234680176,5.968705177307129,21.321992874145508,21.092391967773438,21.435728073120117,20.67971420288086,21.03839111328125,22.16044044494629,21.477128982543945,21.89301300048828,6.7284722328186035,20.958776473999023,21.365995407104492,21.270160675048828,21.755430221557617,11.696013450622559,21.198158264160156,21.312774658203125,26.376691818237305,26.55714225769043,26.896738052368164,5.6611199378967285,20.980087280273438,21.747150421142578,21.479280471801758,22.221155166625977,21.17359161376953,21.151243209838867,25.011402130126953,21.686670303344727,21.37664031982422,21.544452667236328,22.08772850036621,21.69359016418457,25.43269920349121,8.248068809509277,9.14195442199707,21.408964157104492
21.957542419433594,0.18318812549114227,3.840144157409668,22.520641326904297,4.781408309936523,5.20766019821167,4.664007663726807,9.57328987121582,23.161563873291016,4.379010200500488,4.204342365264893,4.054592132568359,24.74868392944336,5.4802117347717285,4.674433708190918,25.378000259399414,6.342044830322266,24.219768524169922,10.372946739196777,6.370204448699951,3.997349977493286,4.681795597076416,4.756829261779785,4.503203868865967,13.19559097290039,4.457968235015869,22.332408905029297,4.923303127288818,4.512755870819092,4.237996578216553,17.91179084777832,15.710269927978516,22.67951202392578,4.721844673156738,4.390134811401367,4.369316577911377,5.176199913024902,6.466261386871338,14.253323554992676,4.88104772567749,5.024438381195068,5.8104729652404785,15.111960411071777,14.917420387268066,17.2884578704834,7.368084907531738,8.296120643615723,4.009394645690918,25.0031681060791,23.558692932128906,5.080734729766846,3.8585565090179443,4.314999580383301,4.073315143585205,16.658580780029297,24.31214141845703,6.612055778503418,22.53660011291504,4.682226657867432,4.544713020324707,22.188505172729492,4.301031112670898,20.922788619995117,19.97629165649414,3.9245359897613525,4.580924034118652,7.794398784637451,4.6113433837890625,4.260059356689453,6.086050510406494,5.283602714538574,4.632905960083008,22.057588577270508,5.456230640411377,4.330719947814941,4.706140995025635,6.602118015289307,24.3906192779541,4.943739414215088,5.095443248748779,16.63886070251465,17.523971557617188,17.936859130859375,23.095245361328125,5.169412136077881,7.933412551879883,4.249140739440918,9.604645729064941,4.741245269775391,5.899035453796387,11.868135452270508,4.374539375305176,4.675049304962158,4.886760711669922,6.959261894226074,4.033545970916748,15.096630096435547,22.389799118041992,21.380573272705078,4.485263824462891
21.346113204956055,3.840144157409668,0.0,22.123117446899414,2.8440659046173096,3.204643964767456,2.9380264282226562,9.203176498413086,22.969572067260742,2.5469911098480225,2.5181872844696045,3.1576666831970215,24.676855087280273,3.4096007347106934,2.9482152462005615,24.966800689697266,5.013339996337891,23.787473678588867,9.024526596069336,6.270031452178955,2.6671814918518066,2.852363348007202,3.240396499633789,3.0045249462127686,13.70538330078125,3.6977498531341553,21.9838809967041,3.721029043197632,2.759819984436035,2.252122163772583,14.88571834564209,15.61697006225586,22.227672576904297,2.6506450176239014,2.7299880981445312,3.0574090480804443,3.4844727516174316,4.476712703704834,12.809202194213867,2.998121738433838,3.905310869216919,4.60985803604126,13.867766380310059,14.923547744750977,17.110719680786133,6.27340030670166,6.927116394042969,2.886362314224243,24.70089340209961,23.423423767089844,4.364365577697754,2.710073471069336,2.3659095764160156,2.5495920181274414,16.52729606628418,24.02790641784668,4.5738749504089355,22.057153701782227,3.8959646224975586,2.7443807125091553,21.470064163208008,2.5048160552978516,20.568267822265625,19.566638946533203,2.7673094272613525,2.861921548843384,6.286311149597168,2.39351749420166,2.4653966426849365,6.369920253753662,3.8525278568267822,3.2511284351348877,21.81654930114746,3.655381202697754,2.6238656044006348,3.206228017807007,5.538835048675537,24.5419979095459,3.8072338104248047,3.0146923065185547,15.682044982910156,17.689590454101562,17.324064254760742,22.46405029296875,3.262544631958008,6.193623065948486,2.3177096843719482,8.229056358337402,2.9727137088775635,4.1380486488342285,12.073104858398438,3.496917724609375,2.604184150695801,3.0431361198425293,7.103309631347656,2.738823890686035,14.52320384979248,21.993741989135742,21.102968215942383,2.8327276706695557
5.979061603546143,22.520641326904297,22.123117446899414,0.0,22.327116012573242,22.023393630981445,21.969545364379883,24.09814453125,10.161121368408203,22.359052658081055,22.216312408447266,22.783897399902344,13.388399124145508,22.081750869750977,22.7025146484375,14.384696960449219,22.464445114135742,9.202199935913086,23.508073806762695,23.305076599121094,22.21506118774414,22.07999038696289,22.758264541625977,22.715002059936523,26.731637954711914,22.39754295349121,6.021213054656982,22.365163803100586,22.61472511291504,22.21405029296875,27.519062042236328,26.93401527404785,5.921939373016357,22.021541595458984,22.627548217773438,22.788240432739258,22.76353645324707,22.090473175048828,25.769784927368164,22.170433044433594,22.49152374267578,22.95989227294922,25.810636520385742,27.598228454589844,28.140106201171875,23.484506607055664,23.2202205657959,22.281291961669922,10.759028434753418,8.851944923400879,22.43279266357422,22.66580581665039,22.19144058227539,22.31868553161621,28.243377685546875,12.657576560974121,23.132516860961914,6.928674697875977,22.61153221130371,22.366334915161133,11.533063888549805,22.183387756347656,7.774654388427734,6.275665283203125,22.310070037841797,22.171222686767578,23.21901512145996,21.779037475585938,22.064105987548828,22.957002639770508,22.520299911499023,22.855052947998047,6.424834728240967,22.031494140625,22.454771041870117,22.295217514038086,23.3198184967041,9.089142799377441,22.19342613220215,22.5163516998291,26.784589767456055,28.069894790649414,27.906002044677734,8.171914100646973,22.14849281311035,23.20045280456543,22.514196395874023,23.830114364624023,22.37473487854004,22.511201858520508,25.312803268432617,22.95629119873047,22.44940948486328,22.46973419189453,23.01056671142578,22.64715003967285,27.173738479614258,8.1168212890625,8.710392951965332,22.536571502685547
21.287403106689453,4.781408309936523,2.8440659046173096,22.327116012573242,0.0,1.6049619913101196,1.64864981174469,8.412262916564941,22.69883918762207,1.4647877216339111,1.7138546705245972,2.173478841781616,24.2653751373291,1.726460337638855,1.6056665182113647,25.33192253112793,3.018706798553467,24.065427780151367,8.124653816223145,5.797226905822754,1.9905582666397095,1.2744780778884888,2.1054294109344482,1.7027066946029663,13.312962532043457,3.243619918823242,21.991052627563477,4.645942687988281,1.5162415504455566,2.3249735832214355,15.717215538024902,15.822473526000977,22.12060546875,1.561596393585205,2.218295097351074,2.5122287273406982,2.8799283504486084,4.379631519317627,13.284340858459473,2.4825916290283203,2.9667818546295166,2.788849353790283,12.68163776397705,15.3814115524292,17.060571670532227,5.6785454750061035,6.523122310638428,2.0615782737731934,24.563194274902344,23.66997528076172,4.0089240074157715,1.9842538833618164,1.206307291984558,1.78391695022583,16.711219787597656,23.513763427734375,4.746767044067383,22.231985092163086,2.6819493770599365,1.3227134943008423,21.492868423461914,1.2848467826843262,20.547666549682617,19.487958908081055,2.42348313331604,1.4896832704544067,4.915968894958496,1.5818275213241577,1.3975234031677246,6.439239025115967,4.036755561828613,2.0734622478485107,22.00078773498535,2.2119693756103516,1.6117204427719116,1.4532405138015747,4.334705829620361,25.224803924560547,2.7986607551574707,1.622392177581787,15.263986587524414,17.357656478881836,16.721471786499023,22.163219451904297,2.574681520462036,5.65858268737793,1.84891676902771,7.908294677734375,1.7113900184631348,3.967803478240967,12.555078506469727,3.826230525970459,1.6820409297943115,2.1187937259674072,6.406118869781494,1.7739472389221191,14.029013633728027,22.02471351623535,21.311195373535156,1.6520435810089111
21.059062957763672,5.20766019821167,3.204643964767456,22.023393630981445,1.6049619913101196,0.0,1.7884910106658936,8.653677940368652,22.387508392333984,2.0166258811950684,2.139768600463867,2.507056474685669,24.389190673828125,2.595221519470215,2.3524584770202637,24.940725326538086,2.90047550201416,23.52047348022461,8.159222602844238,5.987571716308594,2.570248603820801,2.100425958633423,2.4262139797210693,2.1588146686553955,13.322145462036133,3.5585010051727295,21.796648025512695,4.643211841583252,2.3442068099975586,2.8591461181640625,15.65214729309082,15.699856758117676,21.786958694458008,1.9498789310455322,2.5875449180603027,2.6435387134552,2.8625338077545166,4.801609516143799,13.7463960647583,3.386147975921631,3.5997679233551025,2.690554618835449,12.672187805175781,15.997457504272461,17.12753677368164,6.0790019035339355,7.4154462814331055,2.3797967433929443,24.3734130859375,23.362407684326172,4.169406414031982,2.3934473991394043,1.7454054355621338,2.5584018230438232,17.216176986694336,23.360641479492188,4.527573585510254,21.797046661376953,3.4013631343841553,2.398020029067993,21.46633529663086,2.1430141925811768,20.246864318847656,19.169893264770508,2.9362950325012207,2.1244828701019287,5.294999122619629,2.306809902191162,2.1115875244140625,6.831270217895508,4.332881450653076,2.9296529293060303,21.554553985595703,2.241145610809326,2.1765832901000977,2.302367925643921,4.429931640625,24.90056610107422,2.916003942489624,2.4800407886505127,15.021993637084961,17.59516716003418,16.265445709228516,21.967641830444336,3.315840721130371,6.340020179748535,2.717620372772217,7.485579013824463,2.187450647354126,4.325389862060547,12.867584228515625,4.035808563232422,2.2500767707824707,2.972038984298706,6.898102283477783,2.345045328140259,14.272008895874023,21.7012996673584,20.9356632232666,2.5305542945861816
21.02840805053711,4.664007663726807,2.9380264282226562,21.969545364379883,1.64864981174469,1.7884910106658936,0.0,8.774435997009277,22.320402145385742,2.0099117755889893,2.198793888092041,2.375270128250122,24.15934944152832,2.449955463409424,2.263554811477661,25.4212703704834,3.263913631439209,23.586885452270508,8.660445213317871,6.27343225479126,2.190669298171997,1.9680135250091553,2.203198194503784,2.48856782913208,13.295228004455566,3.1228129863739014,21.684446334838867,4.024716377258301,2.2941815853118896,2.9999840259552,15.949994087219238,15.506372451782227,21.77667999267578,2.0028152465820312,2.1233315467834473,2.919166088104248,3.5101804733276367,4.789584636688232,13.002902030944824,2.6064202785491943,3.88808536529541,3.083848714828491,12.645689964294434,15.52911376953125,16.861051559448242,6.489218235015869,7.20183801651001,2.4785048961639404,24.244070053100586,23.248798370361328,4.518918037414551,2.042957067489624,1.6700109243392944,2.110860586166382,16.770910263061523,23.634807586669922,4.932466983795166,21.86472511291504,2.717791795730591,1.9774746894836426,21.590890884399414,1.9860626459121704,20.374526977539062,19.159191131591797,2.7761218547821045,1.7412227392196655,5.370330333709717,2.231135368347168,1.8202978372573853,5.863596439361572,4.458436012268066,2.7718307971954346,21.529132843017578,2.6133973598480225,1.9507534503936768,2.4882264137268066,4.8388471603393555,24.951725006103516,3.193147659301758,2.1992156505584717,15.249756813049316,17.73081398010254,16.472410202026367,22.15118408203125,2.606287717819214,5.886955261230469,2.5536141395568848,7.779257297515869,2.0969886779785156,4.58963680267334,12.55661392211914,4.127817630767822,2.145280361175537,2.1584625244140625,7.0768656730651855,2.3132734298706055,13.896638870239258,21.88027572631836,20.849651336669922,2.5158889293670654
23.3070068359375,9.57328987121582,9.203176498413086,24.09814453125,8.412262916564941,8.653677940368652,8.774435997009277,0.0,23.277324676513672,8.745856285095215,8.578959465026855,8.783334732055664,25.84101104736328,8.105463027954102,8.138802528381348,26.50796127319336,9.296692848205566,24.662673950195312,11.597124099731445,10.116848945617676,7.972185134887695,7.900311470031738,8.769198417663574,8.316522598266602,15.547992706298828,8.690403938293457,23.85649871826172,11.320639610290527,8.82202434539795,8.478802680969238,18.569866180419922,16.439863204956055,23.500144958496094,8.225763320922852,8.688421249389648,8.32590103149414,9.773262977600098,10.025298118591309,15.185632705688477,8.882702827453613,8.688924789428711,8.865252494812012,15.730682373046875,17.43008804321289,18.67998504638672,9.483774185180664,9.055813789367676,8.42276668548584,26.015357971191406,24.659526824951172,8.629705429077148,8.737444877624512,8.696281433105469,8.617192268371582,18.851919174194336,23.53997230529785,7.8574347496032715,23.325944900512695,9.195513725280762,8.054476737976074,22.264867782592773,8.532246589660645,21.987199783325195,21.359533309936523,8.029977798461914,8.268065452575684,10.771700859069824,8.623336791992188,8.450129508972168,10.612217903137207,10.186156272888184,8.581201553344727,23.782316207885742,7.748457431793213,8.417015075683594,8.415542602539062,10.031363487243652,27.595172882080078,8.306809425354004,8.921858787536621,16.4426212310791,19.180240631103516,18.8591251373291,23.315629959106445,8.593338012695312,13.528306007385254,8.821330070495605,14.325544357299805,8.780877113342285,8.224885940551758,12.269099235534668,8.768387794494629,8.162238121032715,8.92438793182373,11.727534294128418,8.753753662109375,17.288665771484375,23.176908493041992,22.488698959350586,8.704241752624512
9.478609085083008,23.161563873291016,22.969572067260742,10.161121368408203,22.69883918762207,22.387508392333984,22.320402145385742,23.277324676513672,0.0,22.859397888183594,22.593076705932617,23.276208877563477,13.51620101928711,22.779428482055664,23.026960372924805,15.413206100463867,22.21925163269043,8.66543960571289,23.372303009033203,23.611974716186523,22.380340576171875,22.271228790283203,22.985395431518555,23.079076766967773,25.578662872314453,22.529541015625,7.077396392822266,22.981292724609375,23.05341339111328,22.807424545288086,28.430255889892578,27.079193115234375,6.626591205596924,22.316713333129883,22.837013244628906,23.06514549255371,22.996044158935547,22.766481399536133,26.585071563720703,22.767818450927734,22.873804092407227,22.581144332885742,26.768110275268555,27.762882232666016,28.521684646606445,23.984310150146484,24.383378982543945,22.78015899658203,12.025763511657715,8.338249206542969,22.71692657470703,22.891464233398438,22.60077476501465,22.89200210571289,28.588855743408203,13.515421867370605,22.745298385620117,6.542088508605957,22.787792205810547,22.762487411499023,11.782048225402832,22.47340202331543,7.757808685302734,7.682285785675049,22.948421478271484,22.349699020385742,22.752208709716797,22.254905700683594,22.420379638671875,23.4783935546875,22.964012145996094,23.407915115356445,7.911096572875977,22.358684539794922,22.755393981933594,22.63141632080078,23.051061630249023,15.949610710144043,22.460126876831055,22.940553665161133,27.98769760131836,27.5938720703125,28.922561645507812,10.292306900024414,22.820613861083984,24.252029418945312,23.15556526184082,24.72618865966797,22.85708236694336,22.984027862548828,26.9986629486084,23.3389892578125,22.793975830078125,22.6220645904541,24.296480178833008,23.22486114501953,25.910900115966797,6.791165828704834,7.817765712738037,23.00086784362793
21.251846313476562,4.379010200500488,2.5469911098480225,22.359052658081055,1.4647877216339111,2.0166258811950684,2.0099117755889893,8.745856285095215,22.859397888183594,0.13322116434574127,1.1532405614852905,1.553652286529541,24.45903778076172,2.5551230907440186,1.4561814069747925,25.04713249206543,3.336785316467285,24.054533004760742,8.315600395202637,5.855123043060303,1.8359692096710205,1.6299620866775513,1.949192762374878,1.7370315790176392,13.354373931884766,3.156651258468628,22.03516960144043,4.722857475280762,0.9191855192184448,2.333566665649414,16.109460830688477,15.62391185760498,22.215957641601562,1.2338171005249023,2.4166128635406494,1.6216731071472168,2.378488779067993,3.8184916973114014,13.197043418884277,2.1896634101867676,2.2735440731048584,2.883924722671509,12.947303771972656,15.411458015441895,16.54111671447754,5.206600666046143,6.317429542541504,1.6752166748046875,24.746870040893555,23.57284164428711,4.491456508636475,1.6127514839172363,0.9511207342147827,0.9707895517349243,16.593021392822266,23.88869285583496,4.544126987457275,22.35062026977539,3.186671733856201,1.2789524793624878,21.31918716430664,1.3082897663116455,20.646404266357422,19.589969635009766,1.8577396869659424,1.51216721534729,4.943317413330078,1.2975513935089111,0.9197767376899719,6.540530681610107,3.2131400108337402,2.216636896133423,22.012277603149414,2.1579995155334473,1.2174291610717773,1.8354486227035522,4.356431007385254,25.026020050048828,2.47038197517395,1.3173078298568726,15.41128921508789,17.639341354370117,16.585126876831055,22.182523727416992,2.1738500595092773,5.729674339294434,1.299619436264038,7.37327766418457,1.2709929943084717,3.420945405960083,12.275390625,3.2705817222595215,1.2043418884277344,2.588775634765625,6.769420623779297,1.77359938621521,13.87768840789795,22.082550048828125,21.23093605041504,1.1836541891098022
21.177030563354492,4.204342365264893,2.5181872844696045,22.216312408447266,1.7138546705245972,2.139768600463867,2.198793888092041,8.578959465026855,22.593076705932617,1.1532405614852905,0.20138981938362122,1.9012506008148193,24.19602394104004,2.8098714351654053,1.8235865831375122,24.7540283203125,3.590714454650879,23.87879180908203,8.393392562866211,5.536438465118408,1.627376914024353,1.6650255918502808,2.0467710494995117,1.7656973600387573,13.236160278320312,3.3740601539611816,21.840097427368164,4.54868745803833,1.5581684112548828,2.3246471881866455,16.036788940429688,15.428023338317871,21.996244430541992,1.375211238861084,2.2693119049072266,1.4266571998596191,2.5494132041931152,3.7214043140411377,13.231443405151367,2.494558095932007,2.3546972274780273,2.9539334774017334,13.230854988098145,15.292902946472168,16.838136672973633,5.490942478179932,6.885801315307617,1.873414397239685,24.44133949279785,23.36387062072754,4.4003143310546875,1.4842169284820557,1.2183783054351807,1.327370047569275,16.646163940429688,23.77289581298828,4.1046953201293945,22.09373664855957,3.136561632156372,1.695656180381775,21.09228515625,1.3577520847320557,20.394311904907227,19.45937156677246,1.8642585277557373,1.5528326034545898,5.017229080200195,1.5770620107650757,1.177765130996704,6.672030925750732,3.2280895709991455,2.2607035636901855,21.787599563598633,2.1772186756134033,1.3011213541030884,1.6456159353256226,4.131472110748291,24.751333236694336,2.4027199745178223,1.6212579011917114,14.895909309387207,17.133466720581055,16.60472869873047,22.031023025512695,2.649350881576538,6.121798038482666,1.4159785509109497,7.8440117835998535,1.816042423248291,3.6480884552001953,12.172364234924316,3.1670854091644287,1.2565950155258179,2.650524139404297,6.964632987976074,1.8020687103271484,13.492132186889648,21.805831909179688,20.975908279418945,1.1940152645111084
21.896106719970703,4.054592132568359,3.1576666831970215,22.783897399902344,2.173478841781616,2.507056474685669,2.375270128250122,8.783334732055664,23.276208877563477,1.553652286529541,1.9012506008148193,0.13161511719226837,24.919044494628906,3.0406877994537354,2.392430543899536,25.405771255493164,3.6207258701324463,24.588966369628906,8.735983848571777,5.7529802322387695,2.257899045944214,2.366330862045288,2.775818347930908,1.8620493412017822,13.406847953796387,3.789764404296875,22.550771713256836,4.940369129180908,1.9192019701004028,3.0125467777252197,16.75259017944336,15.10368824005127,22.570798873901367,2.240427255630493,2.5686230659484863,1.982978343963623,3.1026670932769775,4.549658298492432,13.80632209777832,2.944526433944702,2.907203197479248,3.1853084564208984,12.759661674499512,15.517861366271973,16.638519287109375,5.24925422668457,6.827958583831787,2.0551605224609375,24.809179306030273,24.196975708007812,4.469056606292725,1.685376524925232,1.735336422920227,1.7140315771102905,16.73240089416504,24.39554214477539,5.027084827423096,22.7708797454834,3.1166129112243652,1.9233973026275635,21.991235733032227,2.2876412868499756,21.100767135620117,20.101394653320312,2.2749836444854736,2.3511970043182373,5.655803203582764,2.486506462097168,1.8383041620254517,6.7654266357421875,3.640127182006836,2.4485104084014893,22.518217086791992,2.52927303314209,1.8425863981246948,2.125194787979126,4.780208587646484,25.389453887939453,2.8985822200775146,2.219825506210327,15.827345848083496,17.881996154785156,16.676305770874023,22.76411247253418,3.0400397777557373,6.351246356964111,2.2529759407043457,7.605066299438477,2.1744601726531982,4.497979640960693,12.005644798278809,3.934166431427002,2.252140760421753,2.786573886871338,6.667413711547852,1.891157627105713,14.009078979492188,22.556507110595703,21.557086944580078,1.909341812133789
12.83176040649414,24.74868392944336,24.676855087280273,13.388399124145508,24.2653751373291,24.389190673828125,24.15934944152832,25.84101104736328,13.51620101928711,24.45903778076172,24.19602394104004,24.919044494628906,0.0,24.19291877746582,24.402551651000977,18.81382179260254,24.16670036315918,17.302627563476562,24.158525466918945,24.22339630126953,24.38411521911621,24.124671936035156,24.35740852355957,24.691801071166992,27.8632869720459,24.122135162353516,11.675631523132324,24.069807052612305,24.367185592651367,24.37470245361328,28.949199676513672,28.753189086914062,12.992734909057617,24.16191864013672,24.63479995727539,24.764915466308594,24.72549819946289,24.163589477539062,29.150251388549805,24.11347198486328,24.474708557128906,24.85481834411621,28.237531661987305,28.88021469116211,29.425153732299805,25.613283157348633,25.854665756225586,24.56134605407715,15.71330451965332,12.661055564880371,25.455976486206055,24.658512115478516,24.361894607543945,24.3720760345459,29.920133590698242,16.3807315826416,24.85185432434082,15.366779327392578,24.01993179321289,24.357540130615234,13.831317901611328,24.15876579284668,13.479482650756836,12.169761657714844,24.366785049438477,24.133663177490234,23.819242477416992,23.91632080078125,24.08406639099121,23.821605682373047,24.189739227294922,24.71746063232422,12.866499900817871,23.994091033935547,24.34137535095215,24.09321403503418,24.865583419799805,17.17243766784668,24.58157730102539,24.4989070892334,28.44717025756836,28.85791015625,29.607145309448242,12.715441703796387,24.264028549194336,24.889240264892578,24.521780014038086,26.979995727539062,24.420480728149414,24.421855926513672,26.89362144470215,24.884933471679688,24.335908889770508,23.949369430541992,25.076086044311523,24.90811538696289,27.565027236938477,13.557149887084961,14.410248756408691,24.478425979614258
21.230567932128906,5.4802117347717285,3.4096007347106934,22.081750869750977,1.726460337638855,2.595221519470215,2.449955463409424,8.105463027954102,22.779428482055664,2.5551230907440186,2.8098714351654053,3.0406877994537354,24.19291877746582,0.02478237822651863,2.4304418563842773,25.292888641357422,3.693887710571289,24.178773880004883,8.114253044128418,6.349925518035889,2.975891351699829,2.227367639541626,2.980060338973999,2.7584853172302246,14.175657272338867,3.982936382293701,21.868106842041016,5.382508277893066,2.6101691722869873,2.974942207336426,15.853631019592285,16.00673484802246,22.044437408447266,2.751941442489624,2.734726905822754,3.4077601432800293,4.188976287841797,4.945781230926514,12.587247848510742,2.495157480239868,3.6022298336029053,3.855672836303711,12.70586109161377,15.716681480407715,17.200456619262695,5.891214370727539,6.194424629211426,3.0094494819641113,24.21435546875,23.799781799316406,4.450056552886963,3.318077802658081,2.463430404663086,2.7425501346588135,17.025562286376953,23.38094139099121,5.4052863121032715,22.12665367126465,3.3878695964813232,2.031498432159424,21.504230499267578,2.4829392433166504,20.65147590637207,19.39800262451172,3.1677472591400146,2.6460933685302734,5.855363845825195,2.276697874069214,2.423278331756592,6.400719165802002,4.984093189239502,2.993784189224243,22.104938507080078,2.837844133377075,2.7536306381225586,2.4533205032348633,5.717789649963379,25.275287628173828,3.6358237266540527,2.5915627479553223,14.967757225036621,17.606830596923828,16.980669021606445,22.069671630859375,2.6375248432159424,6.006633758544922,2.7017109394073486,8.705342292785645,2.7279319763183594,4.419351577758789,12.614171981811523,4.79368257522583,2.4777162075042725,2.7081058025360107,6.48898458480835,2.882594108581543,14.76815128326416,22.13404083251953,21.258974075317383,2.693289279937744
21.548742294311523,4.674433708190918,2.9482152462005615,22.7025146484375,1.6056665182113647,2.3524584770202637,2.263554811477661,8.138802528381348,23.026960372924805,1.4561814069747925,1.8235865831375122,2.392430543899536,24.402551651000977,2.4304418563842773,0.0,25.506196975708008,3.60636830329895,24.313467025756836,7.901228904724121,5.693057060241699,2.1990365982055664,1.830784559249878,1.621704339981079,2.198467969894409,13.430985450744629,2.464480400085449,22.295940399169922,4.859668254852295,1.4674657583236694,2.551985502243042,15.98888111114502,15.7756986618042,22.632843017578125,1.7138023376464844,2.606834888458252,2.0067217350006104,2.633286952972412,4.132105350494385,13.0858793258667,2.2271063327789307,2.7077085971832275,3.3026344776153564,13.129937171936035,15.710336685180664,16.91843605041504,5.7597150802612305,6.228748321533203,2.0010311603546143,25.24010467529297,23.682964324951172,4.9499101638793945,2.243208169937134,1.8668580055236816,1.7340329885482788,17.037940979003906,23.896883010864258,4.34965181350708,22.64798355102539,3.1176934242248535,1.5628002882003784,21.550933837890625,1.4525394439697266,21.025705337524414,19.821231842041016,1.8026857376098633,1.6500791311264038,5.072981357574463,1.639587640762329,1.574465274810791,5.846142768859863,3.800689697265625,2.448704242706299,22.22621726989746,1.9456188678741455,1.2927186489105225,2.100928544998169,4.788836479187012,25.496261596679688,2.9081289768218994,1.8670531511306763,15.307680130004883,17.718233108520508,16.90264320373535,22.46150016784668,2.008836269378662,6.18731164932251,1.8597882986068726,8.015340805053711,1.5334830284118652,3.2548203468322754,12.072169303894043,2.9488754272460938,1.0947234630584717,2.6441335678100586,6.867112636566162,2.354706287384033,13.854846954345703,22.399484634399414,21.497602462768555,1.9133623838424683
14.72309684753418,25.378000259399414,24.966800689697266,14.384696960449219,25.33192253112793,24.940725326538086,25.4212703704834,26.50796127319336,15.413206100463867,25.04713249206543,24.7540283203125,25.405771255493164,18.81382179260254,25.292888641357422,25.506196975708008,0.43722090125083923,24.98645782470703,15.95754623413086,23.93268394470215,24.37556266784668,24.86174964904785,25.080217361450195,25.48406219482422,25.18067169189453,28.178470611572266,25.35370445251465,13.047128677368164,25.839656829833984,25.285863876342773,24.920225143432617,29.88596534729004,29.22224235534668,13.60339641571045,24.92020034790039,25.29722785949707,24.87862205505371,24.842628479003906,24.875295639038086,28.648860931396484,25.208213806152344,24.480541229248047,25.528289794921875,29.114633560180664,29.615917205810547,29.750593185424805,25.456501007080078,26.604568481445312,24.979650497436523,15.577719688415527,15.754485130310059,25.393381118774414,25.503753662109375,24.997316360473633,25.180707931518555,30.238798141479492,18.735322952270508,24.656352996826172,13.859424591064453,25.980905532836914,25.3255615234375,13.626359939575195,24.966793060302734,14.417886734008789,13.72351360321045,25.202550888061523,25.310958862304688,26.116914749145508,24.659399032592773,24.92258071899414,26.75572395324707,24.537216186523438,25.91310691833496,14.77416706085205,24.83966636657715,25.12036895751953,25.072072982788086,25.699119567871094,15.239718437194824,24.848031997680664,25.40159034729004,29.235063552856445,30.385189056396484,30.461048126220703,12.691113471984863,25.417587280273438,26.801448822021484,25.193254470825195,27.17906379699707,25.42443084716797,24.74323272705078,28.770278930664062,25.441274642944336,25.07274627685547,25.410493850708008,25.426050186157227,25.61075210571289,29.181224822998047,11.815788269042969,12.092753410339355,25.225807189941406
21.337608337402344,6.342044830322266,5.013339996337891,22.464445114135742,3.018706798553467,2.90047550201416,3.263913631439209,9.296692848205566,22.21925163269043,3.336785316467285,3.590714454650879,3.6207258701324463,24.16670036315918,3.693887710571289,3.60636830329895,24.98645782470703,0.0,23.772024154663086,7.223454475402832,6.287751197814941,3.9427473545074463,3.341122627258301,3.473209857940674,3.5568721294403076,14.283967018127441,4.745850563049316,21.780025482177734,5.725231170654297,3.3724582195281982,4.431315898895264,16.881547927856445,17.072128295898438,21.91119956970215,3.492138385772705,3.400984525680542,3.823322057723999,4.048666000366211,5.889847755432129,14.3720121383667,4.277035713195801,4.223976135253906,3.1240155696868896,12.57705307006836,16.00457763671875,16.41401481628418,6.175594329833984,8.30038070678711,3.5868382453918457,24.2976131439209,23.632970809936523,5.477325916290283,3.718569278717041,3.3363382816314697,3.9467649459838867,17.098854064941406,23.565059661865234,5.607336521148682,21.93476676940918,3.799665689468384,3.4039859771728516,21.742679595947266,3.508317232131958,20.371116638183594,19.239288330078125,4.713449001312256,3.306208372116089,5.276271343231201,3.4390945434570312,3.3434391021728516,7.414300441741943,4.834734916687012,4.215020656585693,21.861787796020508,3.8376009464263916,3.5343401432037354,3.7066800594329834,5.274593353271484,25.601274490356445,3.8233566284179688,3.6080634593963623,15.809840202331543,17.57360076904297,16.419267654418945,22.222442626953125,4.470894813537598,6.428089618682861,3.986206531524658,8.277061462402344,3.5719478130340576,4.8779296875,14.011232376098633,5.51157283782959,3.4850876331329346,3.4176673889160156,7.80148458480835,4.165041446685791,14.064122200012207,21.776254653930664,20.971027374267578,3.8583898544311523
9.623147010803223,24.219768524169922,23.787473678588867,9.202199935913086,24.065427780151367,23.52047348022461,23.586885452270508,24.662673950195312,8.66543960571289,24.054533004760742,23.87879180908203,24.588966369628906,17.302627563476562,24.178773880004883,24.313467025756836,15.95754623413086,23.772024154663086,0.0,24.691041946411133,24.921985626220703,23.6671142578125,23.65947151184082,24.30964469909668,24.41029167175293,27.6317195892334,23.7875919342041,9.572759628295898,24.02839469909668,24.374998092651367,23.860315322875977,28.28972625732422,28.493680953979492,8.998903274536133,23.4766845703125,24.22348403930664,24.299598693847656,24.1699275970459,23.98447608947754,27.862171173095703,24.138715744018555,24.242877960205078,24.33596420288086,27.299083709716797,28.464014053344727,28.491193771362305,25.43720817565918,25.323762893676758,23.7835693359375,15.807929992675781,7.4875078201293945,24.00689125061035,24.20223045349121,23.854997634887695,24.08534812927246,29.265119552612305,13.53276538848877,23.834047317504883,7.02378511428833,24.46674919128418,24.084619522094727,13.548615455627441,23.819700241088867,9.049704551696777,8.80165958404541,24.03618812561035,23.65863037109375,24.785097122192383,23.4794979095459,23.747047424316406,24.78883171081543,24.090286254882812,24.64661407470703,6.381143569946289,23.61354637145996,24.00128746032715,24.211652755737305,24.509057998657227,12.889753341674805,23.5212345123291,24.268657684326172,28.496379852294922,29.049758911132812,29.034969329833984,11.725434303283691,24.06621742248535,25.743408203125,24.312232971191406,25.300193786621094,23.9884090423584,23.7254581451416,27.061491012573242,24.201683044433594,24.005023956298828,24.217296600341797,25.764575958251953,24.455204010009766,27.677146911621094,8.288187980651855,9.365669250488281,24.39789390563965
22.20618438720703,10.372946739196777,9.024526596069336,23.508073806762695,8.124653816223145,8.159222602844238,8.660445213317871,11.597124099731445,23.372303009033203,8.315600395202637,8.393392562866211,8.735983848571777,24.158525466918945,8.114253044128418,7.901228904724121,23.93268394470215,7.223454475402832,24.691041946411133,0.0,6.141413688659668,8.38758373260498,8.521384239196777,7.8713507652282715,8.33997631072998,16.947521209716797,8.193942070007324,22.317310333251953,9.868269920349121,8.348675727844238,8.487512588500977,17.199674606323242,18.819969177246094,23.356163024902344,8.605586051940918,7.976739406585693,8.322933197021484,7.832142353057861,10.006255149841309,15.352251052856445,8.20961856842041,8.017522811889648,9.282827377319336,13.72604751586914,18.00667381286621,18.594390869140625,10.836494445800781,11.094217300415039,7.863591194152832,25.87741470336914,24.485136032104492,10.738456726074219,9.057032585144043,8.5960054397583,8.6422758102417,18.917407989501953,23.423995971679688,8.507198333740234,23.01877784729004,8.877433776855469,8.34124755859375,22.532867431640625,8.064738273620605,22.311290740966797,19.72252082824707,8.949804306030273,8.740850448608398,10.588807106018066,8.157792091369629,8.619131088256836,9.216954231262207,8.827228546142578,8.948362350463867,22.602497100830078,8.010127067565918,7.89634895324707,8.575103759765625,10.132485389709473,26.326208114624023,8.815302848815918,8.498880386352539,18.03384017944336,18.86054801940918,17.88668441772461,22.59479522705078,8.745674133300781,10.2948579788208,8.563302993774414,12.633516311645508,8.354361534118652,7.978553295135498,15.909322738647461,8.745565414428711,7.982236385345459,8.097212791442871,9.151103973388672,9.176651954650879,15.182794570922852,22.526769638061523,21.083614349365234,8.853368759155273
22.516050338745117,6.370204448699951,6.270031452178955,23.305076599121094,5.797226905822754,5.987571716308594,6.27343225479126,10.116848945617676,23.611974716186523,5.855123043060303,5.536438465118408,5.7529802322387695,24.22339630126953,6.349925518035889,5.693057060241699,24.37556266784668,6.287751197814941,24.921985626220703,6.141413688659668,0.19511708617210388,5.55962610244751,6.26984167098999,5.526121139526367,5.4577178955078125,13.915376663208008,5.825887203216553,22.686885833740234,7.025056838989258,5.934170246124268,5.896721839904785,17.332740783691406,16.449098587036133,23.222198486328125,6.188201427459717,5.445345878601074,5.463426113128662,5.628770351409912,7.774109840393066,15.439956665039062,6.407958030700684,5.775644779205322,7.225551605224609,13.348681449890137,15.707223892211914,18.798158645629883,9.078500747680664,9.988859176635742,5.1500959396362305,25.4698543548584,24.337329864501953,7.880777835845947,5.931286811828613,5.941211700439453,5.806519508361816,16.705242156982422,23.87999725341797,6.334371089935303,23.218843460083008,6.344358444213867,6.055881500244141,22.487323760986328,5.541745662689209,21.87405776977539,20.118528366088867,5.801893711090088,6.348286151885986,9.063552856445312,6.247381687164307,6.109440803527832,7.419653415679932,6.179309844970703,5.876892566680908,22.526580810546875,5.8126091957092285,5.193974494934082,5.806182384490967,7.191604137420654,25.210350036621094,6.183001518249512,6.185347557067871,15.981771469116211,18.568357467651367,17.189104080200195,22.836570739746094,6.850607872009277,9.217855453491211,5.785458087921143,11.30152416229248,6.189039707183838,6.735435485839844,13.149127960205078,6.070782661437988,5.619664669036865,5.856133937835693,6.520426273345947,5.987647533416748,13.794149398803711,22.510604858398438,21.448596954345703,6.099973201751709
21.109561920166016,3.997349977493286,2.6671814918518066,22.21506118774414,1.9905582666397095,2.570248603820801,2.190669298171997,7.972185134887695,22.380340576171875,1.8359692096710205,1.627376914024353,2.257899045944214,24.38411521911621,2.975891351699829,2.1990365982055664,24.86174964904785,3.9427473545074463,23.6671142578125,8.38758373260498,5.55962610244751,0.0,1.8221110105514526,2.532670736312866,1.975351095199585,12.590019226074219,3.0438413619995117,21.781681060791016,4.99363374710083,2.248723030090332,2.4857821464538574,16.064571380615234,15.095247268676758,21.91385841369629,1.8237508535385132,2.4446802139282227,2.279038667678833,2.9907331466674805,4.5475664138793945,12.710000991821289,2.5500643253326416,2.744699001312256,3.3030431270599365,12.931879043579102,15.006553649902344,16.673049926757812,6.174979209899902,6.562880039215088,1.893225073814392,24.462987899780273,23.323266983032227,4.189876556396484,1.8705110549926758,1.6096878051757812,1.595740795135498,16.313814163208008,23.496177673339844,4.340981960296631,22.039705276489258,3.377774715423584,1.801130771636963,21.21152114868164,1.5191633701324463,20.439788818359375,19.353696823120117,2.1269850730895996,1.9931360483169556,5.763230800628662,2.116757869720459,1.8209949731826782,6.442367076873779,4.161932945251465,2.578606605529785,21.732833862304688,2.5203945636749268,1.5037293434143066,2.1948976516723633,4.323709964752197,24.860164642333984,2.7727630138397217,2.0921132564544678,15.5093355178833,17.1477108001709,16.842830657958984,21.976531982421875,2.7709412574768066,6.562507629394531,2.1446032524108887,8.36325740814209,2.2058396339416504,3.941211223602295,12.100176811218262,3.2392961978912354,1.9257704019546509,2.7228333950042725,6.580949783325195,1.9831418991088867,13.494572639465332,21.747360229492188,20.802379608154297,2.009284496307373
