0.0,26.363035202026367,27.39948844909668,18.101009368896484,26.497907638549805,27.054306030273438,26.77632713317871,27.425479888916016,17.985340118408203,26.643651962280273,26.428287506103516,27.010164260864258,18.203533172607422,29.49666404724121,27.206499099731445,20.093040466308594,28.29155731201172,17.3221492767334,28.951309204101562,27.834243774414062,26.73628044128418,27.88673973083496,26.10434913635254,26.92609977722168,27.058374404907227,26.40468406677246,17.440982818603516,26.286767959594727,27.38014030456543,27.840091705322266,27.68467140197754,27.60747718811035,18.88905143737793,27.01526641845703,28.018945693969727,27.10849952697754,29.94782829284668,27.394248962402344,29.107744216918945,27.254741668701172,28.628433227539062,28.347116470336914,27.12346076965332,27.734458923339844,31.761051177978516,28.80998420715332,27.501428604125977,26.547258377075195,19.055694580078125,17.877960205078125,28.142711639404297,29.05845832824707,27.08566665649414,26.67382049560547,28.631202697753906,19.329504013061523,27.991092681884766,18.913129806518555,28.407529830932617,26.995574951171875,17.958627700805664,27.73305320739746,18.55730628967285,17.75333595275879,26.67180824279785,26.466094970703125,28.651729583740234,26.653526306152344,26.66282844543457,27.3660888671875,27.348848342895508,27.263713836669922,19.346664428710938,27.11533546447754,27.058176040649414,28.693218231201172,27.972681045532227,19.14479637145996,28.03419303894043,26.667943954467773,30.452741622924805,28.35462188720703,30.215290069580078,18.801069259643555,26.830535888671875,27.43804359436035,26.034507751464844,27.317155838012695,26.633228302001953,28.100568771362305,28.833425521850586,27.508703231811523,27.24628257751465,27.374059677124023,27.334964752197266,28.16214370727539,29.844453811645508,19.992883682250977,19.453948974609375,26.729524612426758
26.363035202026367,0.22770455479621887,15.875317573547363,25.824722290039062,14.314995765686035,15.03982162475586,14.3701753616333,15.628401756286621,26.187152862548828,14.259140968322754,14.447358131408691,14.75090503692627,26.340145111083984,19.32402992248535,14.92048454284668,27.673154830932617,17.247634887695312,26.095115661621094,18.691131591796875,16.37974739074707,14.159214973449707,16.736927032470703,13.42331314086914,13.672722816467285,15.38940143585205,14.447868347167969,26.369415283203125,13.421710968017578,15.542288780212402,15.619678497314453,15.661022186279297,15.213923454284668,27.546918869018555,15.256552696228027,16.690893173217773,15.373992919921875,19.17664337158203,15.666234970092773,18.189563751220703,15.893957138061523,18.286380767822266,17.107221603393555,14.753430366516113,17.046390533447266,22.81917381286621,17.793048858642578,15.969513893127441,13.317716598510742,28.41362190246582,26.57928466796875,17.171592712402344,18.119468688964844,15.275751113891602,13.979744911193848,17.946109771728516,26.461172103881836,17.501371383666992,27.113805770874023,16.52307891845703,14.971726417541504,25.51060676574707,16.126380920410156,26.476503372192383,22.920507431030273,15.457449913024902,14.10676383972168,17.55753517150879,14.27278995513916,13.78011417388916,15.71226692199707,15.864449501037598,14.669858932495117,26.226247787475586,15.171565055847168,14.650714874267578,17.645404815673828,16.655712127685547,26.725433349609375,17.442705154418945,13.933249473571777,20.74972152709961,17.787099838256836,19.708721160888672,24.475263595581055,15.235569953918457,15.31026840209961,12.746256828308105,15.553369522094727,14.615537643432617,17.35816764831543,18.1873836517334,15.769417762756348,15.162936210632324,15.635024070739746,14.778010368347168,15.385335922241211,19.20553970336914,28.767826080322266,28.9550838470459,15.05082893371582
27.39948844909668,15.875317573547363,0.0,26.891218185424805,16.226091384887695,16.770824432373047,16.197460174560547,17.4233341217041,27.152803421020508,16.035293579101562,16.260604858398438,16.43079376220703,27.25632095336914,20.77623748779297,16.613048553466797,28.738277435302734,18.869884490966797,27.192630767822266,19.844093322753906,17.9505615234375,16.15224838256836,18.699613571166992,15.226006507873535,15.841032981872559,16.9431095123291,16.335620880126953,27.254690170288086,15.245179176330566,17.38216781616211,17.5184326171875,16.90203094482422,16.863943099975586,28.511411666870117,16.676551818847656,18.50271987915039,16.92159080505371,20.82754898071289,17.550657272338867,19.469215393066406,17.486957550048828,19.91676902770996,18.82791519165039,16.477664947509766,18.75249481201172,23.77153778076172,19.20610809326172,17.57880401611328,15.580629348754883,29.43650245666504,27.701313018798828,18.66358184814453,19.369800567626953,17.078598022460938,15.966878890991211,19.40904998779297,27.502914428710938,19.113351821899414,28.194581985473633,17.984909057617188,16.921506881713867,26.532012939453125,17.85659408569336,27.374649047851562,24.143678665161133,17.10331153869629,15.831209182739258,19.188777923583984,16.154104232788086,15.795984268188477,17.463531494140625,17.69771957397461,16.29241180419922,27.13651466369629,17.190011978149414,16.516366958618164,19.285152435302734,18.027286529541016,27.731069564819336,18.94577980041504,15.981897354125977,22.016714096069336,19.243621826171875,21.060165405273438,25.573698043823242,16.784343719482422,17.005661010742188,14.855586051940918,17.12955093383789,16.43811798095703,18.70671844482422,19.52161979675293,17.527156829833984,17.111230850219727,17.656686782836914,16.902589797973633,17.26473045349121,20.69230079650879,29.77992820739746,29.96202278137207,16.83563232421875
18.101009368896484,25.824722290039062,26.891218185424805,0.0,25.84416389465332,26.349750518798828,26.274240493774414,26.773435592651367,18.09463119506836,26.191373825073242,25.924989700317383,26.434795379638672,17.70778465270996,29.17639923095703,26.502113342285156,19.875782012939453,27.75250244140625,17.477277755737305,28.366365432739258,27.366552352905273,26.44576072692871,27.358001708984375,25.73874855041504,26.327913284301758,26.65254783630371,25.985671997070312,17.4022216796875,25.748769760131836,26.927650451660156,27.26752471923828,27.134946823120117,26.80478858947754,18.93213653564453,26.475582122802734,27.55457878112793,26.572641372680664,29.26830291748047,27.076459884643555,28.941781997680664,26.843477249145508,28.20294952392578,27.944334030151367,26.61087989807129,27.350278854370117,31.593759536743164,28.7390193939209,27.022138595581055,26.10816192626953,19.123579025268555,18.59828758239746,27.56222915649414,28.697742462158203,26.603384017944336,26.154455184936523,28.490507125854492,18.831796646118164,27.317790985107422,18.720705032348633,27.698190689086914,26.61292839050293,17.504682540893555,27.58017921447754,18.074243545532227,17.52495574951172,26.432252883911133,25.986034393310547,28.364168167114258,26.12480926513672,26.106700897216797,26.69711685180664,26.91408920288086,26.873531341552734,19.867630004882812,26.496475219726562,26.461591720581055,28.135643005371094,27.420106887817383,19.375642776489258,27.66048812866211,26.14651870727539,30.140243530273438,28.14035987854004,29.847623825073242,18.65598487854004,26.465063095092773,27.110641479492188,25.434873580932617,26.8789119720459,26.20273208618164,27.530027389526367,28.32700538635254,27.054826736450195,26.708152770996094,26.846145629882812,26.784759521484375,27.67405128479004,29.281457901000977,20.255313873291016,19.60897445678711,26.29035186767578
26.497907638549805,14.314995765686035,16.226091384887695,25.84416389465332,0.0,15.486285209655762,14.930768013000488,16.01294708251953,26.11170768737793,14.992277145385742,14.817538261413574,15.263101577758789,26.557157516479492,19.749008178710938,15.44461441040039,27.9049129486084,17.590730667114258,26.091686248779297,19.087970733642578,16.833221435546875,14.81541633605957,17.362655639648438,13.985111236572266,14.278424263000488,15.927765846252441,14.941854476928711,26.517797470092773,13.95100212097168,16.093324661254883,16.35009002685547,15.995564460754395,15.953211784362793,27.72035026550293,15.57778549194336,16.98769187927246,15.593002319335938,19.673208236694336,16.408817291259766,18.399333953857422,16.543777465820312,18.817323684692383,17.489036560058594,15.106744766235352,17.30410385131836,23.256248474121094,18.264490127563477,16.724056243896484,13.914341926574707,28.505998611450195,26.965253829956055,17.57672691345215,18.342918395996094,15.638511657714844,14.721056938171387,17.887197494506836,26.5706844329834,17.724288940429688,27.386117935180664,16.947429656982422,15.505996704101562,25.7376708984375,16.5400447845459,26.55478858947754,23.080347061157227,16.00612449645996,14.628137588500977,18.2049503326416,14.838228225708008,14.372848510742188,16.32871437072754,16.269268035888672,15.2831392288208,26.440332412719727,15.504429817199707,15.489471435546875,17.984073638916016,16.90187644958496,26.843059539794922,18.035205841064453,14.582980155944824,21.19198989868164,17.93448829650879,20.04695701599121,24.718568801879883,15.624590873718262,15.766471862792969,13.353693008422852,15.824549674987793,15.111482620239258,18.026124954223633,18.683246612548828,16.48114585876465,15.553882598876953,16.27223777770996,15.428232192993164,16.003557205200195,19.491405487060547,28.785036087036133,29.188488006591797,15.576692581176758
27.054306030273438,15.03982162475586,16.770824432373047,26.349750518798828,15.486285209655762,0.12046205997467041,15.506743431091309,17.01717185974121,26.782123565673828,15.629881858825684,15.646100044250488,15.842564582824707,26.8471622467041,20.131025314331055,16.129953384399414,28.38208770751953,18.296926498413086,26.64253044128418,19.512149810791016,17.376895904541016,15.721171379089355,18.0643310546875,14.665069580078125,14.877500534057617,16.43060874938965,15.656487464904785,26.864810943603516,14.670376777648926,16.74803352355957,16.735654830932617,16.674779891967773,16.423938751220703,28.128768920898438,16.357728958129883,17.669662475585938,16.401660919189453,20.019594192504883,16.881404876708984,19.123733520507812,16.913959503173828,19.225189208984375,18.16838836669922,15.900924682617188,18.142484664916992,23.57841682434082,19.120458602905273,17.15482521057129,14.887984275817871,28.995187759399414,27.206317901611328,18.124710083007812,19.0010929107666,16.387710571289062,15.394306182861328,18.81703758239746,27.03509521484375,18.255083084106445,27.57718276977539,17.419702529907227,16.434024810791016,26.01337242126465,17.031152725219727,27.058738708496094,23.711551666259766,16.816301345825195,15.262187004089355,18.753053665161133,15.58820629119873,15.11091423034668,16.852922439575195,17.038578033447266,15.885401725769043,27.122926712036133,16.35127830505371,15.900924682617188,18.61689567565918,17.72758674621582,27.27791976928711,18.427249908447266,15.299062728881836,21.64109230041504,18.650693893432617,20.7108211517334,25.115713119506836,16.34132194519043,16.51108741760254,14.316702842712402,16.628562927246094,15.898876190185547,18.412710189819336,19.055810928344727,17.067520141601562,16.238187789916992,16.964887619018555,16.256181716918945,16.915748596191406,19.822933197021484,29.22951889038086,29.55320167541504,16.343820571899414
26.77632713317871,14.3701753616333,16.197460174560547,26.274240493774414,14.930768013000488,15.506743431091309,0.11448711901903152,16.05470848083496,26.448333740234375,14.843846321105957,14.870129585266113,15.34904670715332,26.72538948059082,19.400266647338867,15.046038627624512,28.00718116760254,17.702789306640625,26.58013153076172,18.750558853149414,16.89076042175293,14.650870323181152,17.26386260986328,13.851158142089844,13.966533660888672,15.924653053283691,14.59149169921875,26.632749557495117,13.930200576782227,15.909140586853027,16.053985595703125,15.780705451965332,15.813016891479492,27.982463836669922,15.417529106140137,17.208553314208984,15.679268836975098,19.44148063659668,16.1630916595459,18.272151947021484,16.144575119018555,18.711706161499023,17.367219924926758,15.28549575805664,17.381065368652344,22.865169525146484,18.200578689575195,16.38770866394043,13.948424339294434,28.692354202270508,27.078310012817383,17.588645935058594,18.047229766845703,15.75720500946045,14.487832069396973,18.196775436401367,26.81052589416504,17.737140655517578,27.566749572753906,16.898513793945312,15.426464080810547,25.89440155029297,16.424766540527344,27.15815544128418,23.474760055541992,16.008806228637695,14.554899215698242,18.054872512817383,14.804880142211914,14.193256378173828,16.058528900146484,16.22915267944336,14.881769180297852,26.590564727783203,15.48114013671875,15.131660461425781,18.017412185668945,16.683263778686523,27.278799057006836,17.76137351989746,14.380754470825195,21.117549896240234,17.915573120117188,20.269533157348633,24.81705093383789,15.42623233795166,15.609198570251465,13.059479713439941,15.8443603515625,15.230178833007812,17.62391471862793,18.597318649291992,16.422504425048828,15.692703247070312,16.307756423950195,15.448793411254883,16.244569778442383,19.42437744140625,29.041349411010742,29.488845825195312,15.568682670593262
27.425479888916016,15.628401756286621,17.4233341217041,26.773435592651367,16.01294708251953,17.01717185974121,16.05470848083496,0.0,26.92601203918457,16.129404067993164,16.203317642211914,16.478116989135742,27.204818725585938,20.472515106201172,16.48171615600586,28.769601821899414,18.74208641052246,26.976608276367188,20.0570125579834,17.883804321289062,16.05301856994629,18.317726135253906,15.241880416870117,15.247701644897461,17.058975219726562,16.081079483032227,27.202430725097656,15.372498512268066,17.146907806396484,17.40151596069336,17.09589958190918,17.003353118896484,28.50457000732422,16.819297790527344,18.42957878112793,17.050678253173828,20.594255447387695,17.386018753051758,19.482389450073242,17.431745529174805,19.935842514038086,18.559186935424805,16.341140747070312,18.615692138671875,23.823888778686523,19.29117202758789,17.412181854248047,15.176393508911133,29.418548583984375,27.55443572998047,18.681955337524414,19.47641372680664,17.02108383178711,15.950833320617676,19.07213020324707,27.35247230529785,18.981128692626953,27.996767044067383,18.241214752197266,16.364408493041992,26.427736282348633,17.702733993530273,27.29513931274414,23.91925621032715,16.989620208740234,15.753714561462402,19.015121459960938,16.227907180786133,15.939157485961914,17.498315811157227,17.217422485351562,16.226852416992188,27.230899810791016,16.765073776245117,16.33766746520996,18.870166778564453,18.24492073059082,27.77597999572754,19.031570434570312,15.811388969421387,21.957765579223633,19.017902374267578,21.11083221435547,25.652362823486328,16.834062576293945,16.90113639831543,14.621671676635742,17.159557342529297,16.222270965576172,18.756643295288086,19.3601131439209,17.6102352142334,16.670392990112305,17.51182746887207,16.46474266052246,17.182754516601562,20.832422256469727,29.49997329711914,29.83144187927246,16.871578216552734
17.985340118408203,26.187152862548828,27.152803421020508,18.09463119506836,26.11170768737793,26.782123565673828,26.448333740234375,26.92601203918457,0.6968907713890076,26.278079986572266,26.0527400970459,26.651935577392578,18.37528419494629,29.41254425048828,26.890127182006836,20.230213165283203,27.723857879638672,17.226924896240234,28.58618927001953,27.541439056396484,26.491443634033203,27.66750717163086,25.927688598632812,26.39635467529297,26.76710319519043,26.228124618530273,17.939807891845703,26.076889038085938,27.093669891357422,27.548837661743164,27.26703453063965,27.184005737304688,18.768531799316406,26.801631927490234,27.78264617919922,26.8706111907959,29.606698989868164,26.994373321533203,28.817264556884766,27.142736434936523,28.41521453857422,28.225704193115234,26.917383193969727,27.45709228515625,31.832435607910156,28.63262939453125,27.180801391601562,26.31928253173828,19.235929489135742,18.247291564941406,27.77620506286621,28.679201126098633,26.763452529907227,26.565683364868164,28.36487579345703,19.17026710510254,27.710376739501953,18.65007209777832,27.982725143432617,26.813438415527344,17.610004425048828,27.611764907836914,17.725479125976562,17.527265548706055,26.72550392150879,26.03078842163086,28.29304313659668,26.256511688232422,26.206907272338867,26.838191986083984,27.075639724731445,26.710166931152344,19.5260009765625,26.705373764038086,26.61239242553711,28.430503845214844,27.49483871459961,19.195093154907227,27.772815704345703,26.24445915222168,30.127031326293945,28.178247451782227,30.315462112426758,19.383512496948242,26.536842346191406,27.1717586517334,25.669803619384766,27.152366638183594,26.291149139404297,28.090822219848633,28.716352462768555,27.12967300415039,26.84790802001953,27.12114906311035,26.9338321685791,27.594606399536133,29.330476760864258,19.9223575592041,19.664749145507812,26.56450653076172
26.643651962280273,14.259140968322754,16.035293579101562,26.191373825073242,14.992277145385742,15.629881858825684,14.843846321105957,16.129404067993164,26.278079986572266,0.0,14.861917495727539,15.340332984924316,26.679763793945312,19.526714324951172,15.332210540771484,28.086074829101562,17.46417236328125,26.414627075195312,18.868322372436523,16.739858627319336,14.57240104675293,17.18413734436035,14.06067180633545,14.141016006469727,15.981382369995117,14.785633087158203,26.639123916625977,14.053937911987305,15.966778755187988,16.335037231445312,16.123706817626953,15.756280899047852,27.90182876586914,15.556044578552246,17.14033317565918,15.668126106262207,19.50373649597168,16.174449920654297,18.525407791137695,16.18295669555664,18.993064880371094,17.628114700317383,15.083513259887695,17.565664291381836,22.958293914794922,18.101730346679688,16.442031860351562,13.950986862182617,28.74220848083496,27.059097290039062,17.44961166381836,18.310932159423828,15.752726554870605,14.56998062133789,18.134737014770508,26.914329528808594,17.945354461669922,27.47184944152832,16.927160263061523,15.210171699523926,25.791112899780273,16.362918853759766,26.825632095336914,23.179073333740234,15.892391204833984,14.500073432922363,18.0334415435791,14.571056365966797,14.19472599029541,16.220705032348633,16.282543182373047,14.826117515563965,26.693452835083008,15.689494132995605,14.995841979980469,18.256074905395508,16.994348526000977,27.158937454223633,17.699918746948242,14.430033683776855,21.15653419494629,18.21819305419922,20.0368709564209,24.984954833984375,15.290511131286621,15.62771224975586,13.129684448242188,15.66305160522461,15.147721290588379,17.808839797973633,18.483097076416016,16.56452751159668,15.4100923538208,16.297330856323242,15.417463302612305,16.131855010986328,19.59630012512207,29.06247329711914,29.498180389404297,15.556513786315918
26.428287506103516,14.447358131408691,16.260604858398438,25.924989700317383,14.817538261413574,15.646100044250488,14.870129585266113,16.203317642211914,26.0527400970459,14.861917495727539,0.3206101059913635,15.138140678405762,26.60140037536621,19.755287170410156,15.732019424438477,27.9052677154541,17.622617721557617,26.229167938232422,19.083309173583984,16.942678451538086,14.85209846496582,17.474773406982422,13.819930076599121,14.037851333618164,15.907437324523926,14.909858703613281,26.583017349243164,14.0916166305542,15.962539672851562,16.20404052734375,16.229755401611328,15.927796363830566,27.694124221801758,15.779020309448242,17.099077224731445,15.605457305908203,19.409358978271484,16.265527725219727,18.454835891723633,16.47201919555664,18.692317962646484,17.590818405151367,15.252360343933105,17.56781578063965,23.29498291015625,18.014760971069336,16.55498695373535,14.100724220275879,28.61113929748535,26.791322708129883,17.6496639251709,18.608152389526367,16.02294921875,14.735365867614746,18.21198844909668,26.667505264282227,17.74638557434082,27.210369110107422,17.005441665649414,15.790924072265625,25.610074996948242,16.544342041015625,26.634809494018555,23.276798248291016,15.789786338806152,14.642610549926758,17.899938583374023,14.745928764343262,14.272747993469238,16.221799850463867,16.42197608947754,15.061991691589355,26.343265533447266,15.45828914642334,15.21377182006836,18.027738571166992,16.903520584106445,26.784849166870117,17.916051864624023,14.631078720092773,20.969253540039062,17.994888305664062,20.316923141479492,24.626243591308594,15.602192878723145,15.600564956665039,13.217655181884766,15.937512397766113,14.935018539428711,17.88423728942871,18.83390235900879,16.505645751953125,15.725049018859863,16.479684829711914,15.573628425598145,16.11951446533203,19.37624740600586,28.93083381652832,28.92919921875,15.687687873840332
27.010164260864258,14.75090503692627,16.43079376220703,26.434795379638672,15.263101577758789,15.842564582824707,15.34904670715332,16.478116989135742,26.651935577392578,15.340332984924316,15.138140678405762,0.0,26.89400863647461,19.724714279174805,15.831218719482422,28.359176635742188,17.775442123413086,26.63627052307129,19.056278228759766,17.01154899597168,14.998344421386719,17.67214012145996,14.25883960723877,14.46367073059082,15.98658275604248,15.321288108825684,26.85663414001465,14.159259796142578,16.228944778442383,16.562963485717773,16.3873233795166,15.812089920043945,28.241430282592773,16.14669418334961,17.271751403808594,16.098358154296875,19.759126663208008,16.445524215698242,18.57256317138672,16.56559181213379,18.798381805419922,17.892913818359375,15.559433937072754,17.907981872558594,22.978567123413086,18.16840362548828,16.40874671936035,14.25611686706543,28.871137619018555,27.153472900390625,17.860986709594727,18.702669143676758,16.128786087036133,14.850587844848633,18.231101989746094,26.873455047607422,18.123903274536133,27.6949405670166,16.75379180908203,15.874170303344727,26.197391510009766,16.873180389404297,26.760723114013672,23.68651580810547,16.329381942749023,14.850353240966797,18.34597396850586,15.103937149047852,14.563812255859375,16.65597152709961,16.50758934020996,15.400846481323242,26.757661819458008,16.079666137695312,15.590629577636719,18.38187026977539,17.214134216308594,27.259979248046875,17.99384880065918,14.730669021606445,21.448949813842773,18.26054573059082,20.55898094177246,25.259925842285156,15.769265174865723,15.62729263305664,13.697400093078613,16.40695571899414,15.474815368652344,18.017337799072266,18.964767456054688,16.647119522094727,15.920272827148438,16.667102813720703,15.575778007507324,16.31258201599121,19.741615295410156,29.14815330505371,29.642351150512695,15.746466636657715
18.203533172607422,26.340145111083984,27.25632095336914,17.70778465270996,26.557157516479492,26.8471622467041,26.72538948059082,27.204818725585938,18.37528419494629,26.679763793945312,26.60140037536621,26.89400863647461,0.17337766289710999,29.571582794189453,27.03059959411621,20.20298194885254,28.055171966552734,17.897071838378906,28.771621704101562,27.576366424560547,26.604366302490234,27.820322036743164,26.133819580078125,26.81064796447754,26.940523147583008,26.591787338256836,17.82585906982422,26.244762420654297,27.391693115234375,27.624008178710938,27.537160873413086,27.424516677856445,18.879371643066406,26.93435287475586,27.968326568603516,27.171852111816406,29.89900779724121,27.415124893188477,29.101381301879883,27.304758071899414,28.566150665283203,28.272546768188477,27.093887329101562,27.90570831298828,31.91799545288086,29.017333984375,27.536569595336914,26.647361755371094,19.3790340423584,18.32311248779297,27.924097061157227,28.943620681762695,26.944671630859375,26.73499870300293,28.649707794189453,19.05975341796875,28.134122848510742,18.87242889404297,28.17081642150879,26.93393325805664,17.529207229614258,27.94393539428711,18.06849479675293,17.951583862304688,26.991186141967773,26.440269470214844,28.738298416137695,26.47048568725586,26.602468490600586,27.148527145385742,27.22941017150879,27.203155517578125,20.012378692626953,26.905548095703125,27.004011154174805,28.629268646240234,27.72943115234375,19.020782470703125,28.075159072875977,26.57160186767578,30.552480697631836,28.496274948120117,30.066349029541016,19.163063049316406,26.84906005859375,27.495725631713867,25.954654693603516,27.25604820251465,26.64799690246582,27.995803833007812,29.086305618286133,27.639087677001953,27.223583221435547,27.348237991333008,27.205245971679688,28.04226303100586,29.667726516723633,20.23439598083496,19.202795028686523,26.71363067626953
29.49666404724121,19.32402992248535,20.77623748779297,29.17639923095703,19.749008178710938,20.131025314331055,19.400266647338867,20.472515106201172,29.41254425048828,19.526714324951172,19.755287170410156,19.724714279174805,29.571582794189453,0.0,19.360252380371094,31.241500854492188,21.711454391479492,29.578811645507812,22.85087013244629,20.886621475219727,19.351715087890625,21.4150390625,18.600177764892578,18.97441291809082,20.195730209350586,19.486284255981445,29.52642250061035,18.88150405883789,20.31882667541504,20.611879348754883,20.462854385375977,20.178190231323242,30.698659896850586,20.104276657104492,21.09636116027832,20.119075775146484,23.37811851501465,20.523744583129883,22.31421661376953,20.58079719543457,22.35194206237793,21.367124557495117,20.030715942382812,21.592683792114258,26.124372482299805,22.106712341308594,20.315404891967773,18.95693588256836,31.52521514892578,30.10506820678711,21.70410919189453,22.128679275512695,20.031532287597656,19.360986709594727,21.921581268310547,29.559249877929688,21.686185836791992,30.4282283782959,21.026470184326172,19.903858184814453,28.849016189575195,20.78553581237793,29.864774703979492,26.518831253051758,20.359331130981445,19.303478240966797,22.127071380615234,19.321474075317383,19.16083335876465,20.416250228881836,20.68169593811035,19.535442352294922,29.690479278564453,20.04327964782715,19.823545455932617,21.841976165771484,20.898651123046875,30.1052188873291,22.04561996459961,19.40277671813965,24.482824325561523,21.966215133666992,23.847702026367188,27.951744079589844,19.940086364746094,20.006433486938477,18.213796615600586,20.117069244384766,19.937177658081055,21.501995086669922,22.44862174987793,20.684947967529297,19.954633712768555,20.511011123657227,19.884414672851562,20.547494888305664,23.121417999267578,31.621362686157227,32.277183532714844,20.109725952148438
27.206499099731445,14.92048454284668,16.613048553466797,26.502113342285156,15.44461441040039,16.129953384399414,15.046038627624512,16.48171615600586,26.890127182006836,15.332210540771484,15.732019424438477,15.831218719482422,27.03059959411621,19.360252380371094,0.0,28.39484977722168,17.774391174316406,27.066242218017578,19.34581184387207,17.35211181640625,15.369369506835938,17.685924530029297,14.401501655578613,14.594983100891113,16.374589920043945,15.313973426818848,27.08867645263672,14.427145004272461,16.56732177734375,16.63582420349121,16.306896209716797,16.265697479248047,28.377269744873047,16.153499603271484,17.382102966308594,16.07841682434082,19.787717819213867,16.385425567626953,18.583477020263672,16.501338958740234,19.07807159423828,17.886999130249023,15.562092781066895,17.991804122924805,23.339956283569336,18.578344345092773,17.07016944885254,14.532526969909668,29.23133087158203,27.341115951538086,17.992319107055664,18.486248016357422,16.1700382232666,15.10070514678955,18.452268600463867,27.093841552734375,18.20090675354004,27.855178833007812,17.345956802368164,15.594683647155762,26.250293731689453,16.667238235473633,27.316932678222656,23.63303565979004,16.42380714416504,14.698105812072754,18.51896858215332,15.100878715515137,14.975518226623535,16.588687896728516,16.893329620361328,15.384841918945312,27.07965660095215,16.05532455444336,15.634110450744629,18.203384399414062,17.52191734313965,27.613849639892578,18.173376083374023,14.866429328918457,21.324438095092773,18.31537437438965,20.56321907043457,25.126489639282227,16.021183013916016,16.028345108032227,13.976841926574707,16.317617416381836,15.642487525939941,18.1674861907959,19.04604148864746,16.659799575805664,15.831506729125977,16.723037719726562,15.767467498779297,16.54655647277832,19.76969337463379,29.317459106445312,29.986465454101562,15.879377365112305
20.093040466308594,27.673154830932617,28.738277435302734,19.875782012939453,27.9049129486084,28.38208770751953,28.00718116760254,28.769601821899414,20.230213165283203,28.086074829101562,27.9052677154541,28.359176635742188,20.20298194885254,31.241500854492188,28.39484977722168,0.0,29.4091854095459,19.909263610839844,30.182373046875,29.119007110595703,27.959157943725586,29.03634262084961,27.520299911499023,27.95100975036621,28.36551856994629,28.035770416259766,19.897708892822266,27.595867156982422,28.68748664855957,28.820653915405273,28.77927589416504,28.75910758972168,20.87407875061035,28.35235595703125,29.272785186767578,28.426742553710938,31.4339542388916,28.67764663696289,30.56651496887207,28.695301055908203,29.920379638671875,29.866352081298828,28.565109252929688,29.010128021240234,33.20435333251953,30.00403594970703,28.860042572021484,28.051382064819336,21.208431243896484,20.247295379638672,29.226634979248047,30.231918334960938,28.46133804321289,28.168212890625,29.841304779052734,21.22832679748535,29.245662689208984,20.759531021118164,29.67772674560547,28.226274490356445,20.09586524963379,29.083568572998047,20.097322463989258,19.97207260131836,28.343280792236328,27.809383392333984,29.766874313354492,27.91745376586914,28.192964553833008,28.61929702758789,28.63459587097168,28.434560775756836,20.575517654418945,28.510190963745117,28.29385757446289,30.0343074798584,29.144765853881836,20.885465621948242,29.529390335083008,28.087894439697266,31.5872802734375,29.717512130737305,31.24266815185547,20.798336029052734,28.0628662109375,28.854658126831055,27.35814666748047,28.82303810119629,28.156375885009766,29.402454376220703,30.0083065032959,28.639705657958984,28.63995361328125,28.771286010742188,28.703834533691406,29.29421615600586,31.07919692993164,22.000080108642578,21.347023010253906,27.984163284301758
28.29155731201172,17.247634887695312,18.869884490966797,27.75250244140625,17.590730667114258,18.296926498413086,17.702789306640625,18.74208641052246,27.723857879638672,17.46417236328125,17.622617721557617,17.775442123413086,28.055171966552734,21.711454391479492,17.774391174316406,29.4091854095459,0.23917607963085175,27.85003089904785,21.185779571533203,19.149044036865234,17.511354446411133,19.679115295410156,16.677230834960938,16.999053955078125,18.355995178222656,17.643884658813477,27.92055320739746,16.96668815612793,18.620637893676758,18.699329376220703,18.3098087310791,18.523237228393555,29.268505096435547,18.413110733032227,19.440113067626953,18.501968383789062,21.827119827270508,18.804052352905273,20.46240997314453,18.853063583374023,20.58942413330078,20.059986114501953,17.90330696105957,19.95023536682129,24.61077117919922,20.355234146118164,18.901174545288086,16.819334030151367,30.14974021911621,28.447927474975586,19.881771087646484,20.73707389831543,18.29936981201172,17.35967445373535,19.9476318359375,28.18218231201172,20.35563087463379,28.720943450927734,19.507240295410156,18.025728225708008,27.274255752563477,18.866836547851562,28.348031997680664,25.031583786010742,18.472793579101562,17.06288719177246,20.33952522277832,17.501543045043945,17.269575119018555,18.672344207763672,18.73931312561035,17.399667739868164,28.223283767700195,18.339820861816406,17.798696517944336,20.038681030273438,19.41585350036621,28.528989791870117,19.827756881713867,17.214508056640625,22.976869583129883,20.451967239379883,22.077627182006836,26.370695114135742,17.98946189880371,18.128841400146484,16.12489891052246,18.177703857421875,17.876239776611328,20.221359252929688,20.766603469848633,18.626129150390625,17.985374450683594,18.98178482055664,17.877765655517578,18.407325744628906,21.4998779296875,30.497867584228516,30.69434928894043,18.163999557495117
17.3221492767334,26.095115661621094,27.192630767822266,17.477277755737305,26.091686248779297,26.64253044128418,26.58013153076172,26.976608276367188,17.226924896240234,26.414627075195312,26.229167938232422,26.63627052307129,17.897071838378906,29.578811645507812,27.066242218017578,19.909263610839844,27.85003089904785,0.5272424817085266,28.492826461791992,27.482942581176758,26.388858795166016,27.521221160888672,25.784074783325195,26.576576232910156,26.767314910888672,26.261531829833984,17.464153289794922,25.945138931274414,27.21320152282715,27.382854461669922,27.412927627563477,27.27734375,18.972381591796875,26.833356857299805,27.848344802856445,26.75094985961914,29.511028289794922,27.16222381591797,28.987133026123047,27.091108322143555,28.4383544921875,28.3023738861084,26.911252975463867,27.715967178344727,31.864463806152344,28.751190185546875,27.275615692138672,26.202938079833984,18.94363784790039,17.569019317626953,27.83167266845703,28.803977966308594,26.74996566772461,26.457378387451172,28.542118072509766,18.82816505432129,27.742786407470703,18.29929542541504,28.046550750732422,26.77540397644043,17.23649024963379,27.606416702270508,17.781015396118164,17.230979919433594,26.708620071411133,26.121681213378906,28.384910583496094,26.283599853515625,26.25285530090332,26.94135284423828,27.020191192626953,27.042282104492188,19.59184455871582,26.635982513427734,26.6634521484375,28.305784225463867,27.684837341308594,18.585704803466797,27.916343688964844,26.307674407958984,30.365022659301758,28.129436492919922,29.970623016357422,19.26165008544922,26.67219352722168,27.184677124023438,25.735815048217773,27.0911865234375,26.395009994506836,27.95615577697754,28.659494400024414,27.226552963256836,27.007083892822266,27.049238204956055,26.87611198425293,27.806913375854492,29.579849243164062,19.535070419311523,19.382564544677734,26.38751792907715
28.951309204101562,18.691131591796875,19.844093322753906,28.366365432739258,19.087970733642578,19.512149810791016,18.750558853149414,20.0570125579834,28.58618927001953,18.868322372436523,19.083309173583984,19.056278228759766,28.771621704101562,22.85087013244629,19.34581184387207,30.182373046875,21.185779571533203,28.492826461791992,0.0,20.271446228027344,18.971792221069336,20.91626739501953,18.354516983032227,18.548866271972656,19.847097396850586,19.258892059326172,28.855770111083984,18.287202835083008,19.648401260375977,19.970979690551758,19.524181365966797,19.64845085144043,30.037336349487305,19.528593063354492,20.911285400390625,19.71462059020996,22.658002853393555,20.295433044433594,21.60980224609375,20.09910011291504,22.1968936920166,21.058815002441406,19.313322067260742,21.035400390625,25.782075881958008,21.65150260925293,20.279924392700195,18.361291885375977,30.94538116455078,29.218774795532227,21.29428482055664,21.622617721557617,19.679489135742188,18.877178192138672,21.297239303588867,29.06298065185547,21.50690460205078,29.443239212036133,20.50151824951172,19.711299896240234,28.13575553894043,20.505163192749023,28.95438575744629,25.88213348388672,19.84769058227539,18.714893341064453,21.397594451904297,18.858301162719727,18.78278923034668,20.016643524169922,19.881572723388672,19.30019187927246,28.81304168701172,19.48888397216797,19.188161849975586,21.446216583251953,20.570743560791016,29.591405868530273,21.475187301635742,18.73190689086914,23.77915382385254,21.414888381958008,23.358293533325195,27.09810447692871,19.688501358032227,19.590150833129883,17.785411834716797,19.880056381225586,19.04631233215332,21.36980628967285,22.087980270385742,20.170486450195312,19.60628318786621,19.908607482910156,19.19352149963379,19.915178298950195,22.759613037109375,30.803050994873047,31.249547958374023,19.673871994018555
27.834243774414062,16.37974739074707,17.9505615234375,27.366552352905273,16.833221435546875,17.376895904541016,16.89076042175293,17.883804321289062,27.541439056396484,16.739858627319336,16.942678451538086,17.01154899597168,27.576366424560547,20.886621475219727,17.35211181640625,29.119007110595703,19.149044036865234,27.482942581176758,20.271446228027344,0.0,16.640249252319336,18.8111515045166,15.93700122833252,16.219600677490234,17.770383834838867,16.821069717407227,27.63789176940918,16.058000564575195,17.702999114990234,18.032743453979492,17.90311050415039,17.70020294189453,28.516002655029297,17.777141571044922,18.800018310546875,17.684743881225586,21.348125457763672,18.059677124023438,20.13838768005371,18.17864990234375,20.144886016845703,19.42948341369629,17.142786026000977,19.09785270690918,24.305084228515625,19.777902603149414,18.092636108398438,16.237224578857422,29.813232421875,28.09891128540039,19.28337860107422,20.160125732421875,17.8104248046875,16.575321197509766,19.828533172607422,27.767976760864258,19.58072280883789,28.46941375732422,18.708450317382812,17.302997589111328,26.961763381958008,18.352535247802734,27.653371810913086,24.386308670043945,17.92836570739746,16.495290756225586,19.602638244628906,16.87881088256836,16.453441619873047,18.095399856567383,17.91640853881836,17.042072296142578,27.764751434326172,17.60712242126465,17.34498405456543,19.77886390686035,18.846920013427734,28.20184898376465,19.654226303100586,16.53285789489746,22.263328552246094,20.0196590423584,21.55958366394043,26.059011459350586,17.453426361083984,17.546327590942383,15.566436767578125,17.770288467407227,17.287214279174805,19.535884857177734,19.896778106689453,18.12078285217285,17.467695236206055,18.119321823120117,17.318532943725586,17.996456146240234,21.17061996459961,29.810470581054688,30.2928466796875,17.390823364257812
26.73628044128418,14.159214973449707,16.15224838256836,26.44576072692871,14.81541633605957,15.721171379089355,14.650870323181152,16.05301856994629,26.491443634033203,14.57240104675293,14.85209846496582,14.998344421386719,26.604366302490234,19.351715087890625,15.369369506835938,27.959157943725586,17.511354446411133,26.388858795166016,18.971792221069336,16.640249252319336,0.0,17.11158561706543,13.693363189697266,13.894733428955078,15.757564544677734,14.982531547546387,26.70261573791504,13.850870132446289,16.02342414855957,16.207992553710938,15.909743309020996,15.795888900756836,28.014148712158203,15.611992835998535,16.906600952148438,15.727774620056152,19.392797470092773,16.075244903564453,18.195903778076172,16.277482986450195,18.7209415435791,17.356046676635742,14.910085678100586,17.308595657348633,22.88604164123535,17.91056251525879,16.283761978149414,13.975407600402832,28.710710525512695,27.036170959472656,17.51807975769043,18.248247146606445,15.646551132202148,14.671287536621094,17.80059814453125,26.77347183227539,17.73769187927246,27.477319717407227,16.857280731201172,15.333601951599121,26.0019588470459,16.437131881713867,26.857086181640625,23.259313583374023,15.990890502929688,14.295205116271973,17.911396026611328,14.75023365020752,14.247843742370605,16.188129425048828,16.20056915283203,14.921756744384766,26.65268898010254,15.639220237731934,15.035846710205078,17.86212921142578,16.97503089904785,27.11667251586914,17.731706619262695,14.365325927734375,21.088041305541992,18.049108505249023,19.917869567871094,24.894100189208984,15.517024993896484,15.427986145019531,12.96834945678711,15.890711784362793,15.190366744995117,17.69029998779297,18.363496780395508,16.41999053955078,15.423249244689941,16.1527042388916,15.155811309814453,15.833606719970703,19.558265686035156,28.878753662109375,29.496458053588867,15.536572456359863
