0.6135424375534058,20.86042022705078,21.200332641601562,2.101508140563965,20.355886459350586,20.605886459350586,20.46610450744629,21.276399612426758,1.266854166984558,20.716039657592773,20.84562873840332,20.52265167236328,1.599083423614502,20.718894958496094,20.519012451171875,3.125981330871582,20.455318450927734,1.3024635314941406,20.602188110351562,20.57612419128418,20.75199317932129,20.40077781677246,20.536663055419922,21.364608764648438,20.53245735168457,20.550823211669922,2.598311185836792,20.854846954345703,20.542097091674805,21.067367553710938,21.466236114501953,21.135831832885742,1.0720930099487305,20.12883949279785,21.03415870666504,20.84377098083496,20.73150062561035,20.314144134521484,20.99948501586914,20.753660202026367,20.689735412597656,21.327070236206055,21.04651641845703,21.038799285888672,21.093040466308594,21.760332107543945,21.211872100830078,21.649372100830078,1.44025719165802,1.2014623880386353,20.347314834594727,21.12331199645996,20.41565704345703,20.849637985229492,20.83111000061035,1.445365309715271,21.293516159057617,2.2826006412506104,25.918066024780273,21.176319122314453,3.7878823280334473,20.048616409301758,1.9278678894042969,0.7907624244689941,20.42084503173828,20.48573112487793,20.72933006286621,20.426023483276367,20.518735885620117,20.7976016998291,21.095996856689453,20.709856033325195,1.2491695880889893,20.80392074584961,20.989761352539062,20.68802833557129,20.566267013549805,2.249315023422241,20.671056747436523,20.523622512817383,20.870790481567383,20.864286422729492,28.263349533081055,1.1721093654632568,20.422443389892578,26.26354217529297,20.624053955078125,20.95022201538086,21.232898712158203,20.555858612060547,21.255001068115234,25.4096736907959,20.50954818725586,20.276248931884766,20.785091400146484,21.297882080078125,21.05449104309082,2.706509828567505,1.964707851409912,20.625041961669922
20.86042022705078,0.0,0.9078891277313232,19.208086013793945,0.5863426327705383,0.6630104184150696,0.6303361058235168,3.231827735900879,21.984874725341797,1.7594057321548462,0.6328215599060059,1.8591790199279785,21.327125549316406,1.4573218822479248,0.7523309588432312,20.431396484375,1.4585940837860107,21.239578247070312,0.5130513906478882,0.6288395524024963,0.7431942224502563,0.7187207937240601,0.8695048689842224,0.8420109748840332,0.9982685446739197,0.6224695444107056,22.709890365600586,0.6556218862533569,0.8714308738708496,0.9095902442932129,1.1679940223693848,2.7927982807159424,21.536914825439453,0.946150004863739,0.8998852372169495,0.7932044267654419,1.0743670463562012,1.126841425895691,0.439657062292099,1.231400728225708,0.6705621480941772,0.515504777431488,0.719382643699646,1.725507140159607,2.0945510864257812,3.9612064361572266,2.5780577659606934,0.9486941695213318,19.887008666992188,21.328632354736328,1.2700644731521606,1.2764825820922852,0.5438269376754761,1.1557739973068237,1.2803735733032227,20.195058822631836,0.6689004302024841,22.21000099182129,14.83216381072998,2.747436046600342,23.820758819580078,1.1187779903411865,19.217565536499023,20.440887451171875,0.7736039161682129,0.5174675583839417,1.8286298513412476,0.8741603493690491,0.8935050368309021,2.0180487632751465,0.8211526274681091,0.8236052989959717,20.89531707763672,4.371566295623779,0.8486300110816956,1.1560561656951904,1.3030418157577515,20.683713912963867,0.8784872889518738,0.7147343158721924,0.8968130350112915,2.9516539573669434,18.96099853515625,21.428451538085938,2.718815326690674,17.0036678314209,1.363757610321045,0.6012088656425476,1.2354129552841187,1.3459433317184448,1.1053988933563232,15.611321449279785,0.9221315383911133,1.2001456022262573,0.9656914472579956,0.8840118646621704,1.3564224243164062,23.16166877746582,22.59994888305664,1.01494300365448
21.200332641601562,0.9078891277313232,0.0,19.56675910949707,0.9929734468460083,0.7848756313323975,1.135791301727295,2.9057564735412598,22.348941802978516,1.7185757160186768,0.6658236980438232,1.7239080667495728,21.62297248840332,0.920042097568512,0.7731612324714661,20.806934356689453,0.9945923686027527,21.573165893554688,0.7917748093605042,0.9013307094573975,0.5521906018257141,1.4643117189407349,0.856444776058197,0.9020615220069885,1.0960851907730103,0.7919843792915344,23.11342430114746,1.3167937994003296,0.722190260887146,0.39316555857658386,1.3933154344558716,2.9124045372009277,21.87954330444336,1.1293259859085083,1.5948625802993774,0.7984089851379395,1.514967918395996,1.6076995134353638,0.8765343427658081,1.823419213294983,1.3666398525238037,0.8445690274238586,0.3820144832134247,1.0407764911651611,2.520047903060913,4.62484884262085,2.726745843887329,0.9786452651023865,20.22170639038086,21.670330047607422,1.2976292371749878,1.019793152809143,1.0739576816558838,1.0114142894744873,0.8040757179260254,20.581317901611328,0.9613889455795288,22.582408905029297,15.26991081237793,3.0078203678131104,24.075040817260742,1.2431306838989258,19.547340393066406,20.76227569580078,0.9583039283752441,1.0343166589736938,2.024777412414551,1.1123788356781006,0.9785994291305542,1.3516944646835327,0.8121395707130432,0.8308280110359192,21.228700637817383,3.7948384284973145,0.6023752093315125,0.7897064089775085,0.9733266830444336,20.94024085998535,0.6996864080429077,0.8189744353294373,0.8980935215950012,2.3771047592163086,18.771770477294922,21.785505294799805,2.7418744564056396,16.8210506439209,1.302376389503479,0.48375046253204346,0.3759220242500305,0.9459468722343445,0.5470772385597229,14.955523490905762,0.7819991707801819,1.6539838314056396,0.4169384241104126,0.3204970359802246,1.0061702728271484,23.496240615844727,22.948654174804688,0.8212280869483948
2.101508140563965,19.208086013793945,19.56675910949707,0.0,18.71672821044922,18.968494415283203,18.821189880371094,19.713863372802734,2.933305025100708,19.040565490722656,19.209449768066406,18.834951400756836,3.012301445007324,19.08485221862793,18.890451431274414,3.3180758953094482,18.845327377319336,2.7357168197631836,18.973621368408203,18.90886878967285,19.123779296875,18.7408504486084,18.884769439697266,19.69758415222168,18.860767364501953,18.89936637878418,3.7214367389678955,19.194364547729492,18.89102554321289,19.447975158691406,19.8444881439209,19.433822631835938,2.483579397201538,18.484132766723633,19.33151626586914,19.2095890045166,19.03763198852539,18.64866065979004,19.361873626708984,19.05675506591797,19.06031608581543,19.671388626098633,19.40084457397461,19.449071884155273,19.36471939086914,20.053543090820312,19.545068740844727,19.974750518798828,2.039440393447876,2.8645200729370117,18.67555046081543,19.44762420654297,18.753801345825195,19.178573608398438,19.231529235839844,1.7440651655197144,19.641345977783203,3.5189220905303955,24.136613845825195,19.43119239807129,5.546024799346924,18.39299774169922,2.097616195678711,1.7936537265777588,18.78888511657715,18.821388244628906,19.013595581054688,18.771881103515625,18.86740493774414,19.206005096435547,19.422204971313477,19.041542053222656,2.7795047760009766,19.41417694091797,19.351238250732422,19.065568923950195,18.98076057434082,3.4216675758361816,19.01864242553711,18.87076187133789,19.25982666015625,19.291494369506836,26.63129425048828,2.3720202445983887,18.726593017578125,24.58129119873047,18.952375411987305,19.30387306213379,19.597396850585938,18.90216636657715,19.59084129333496,24.28998374938965,18.888816833496094,18.59463882446289,19.151575088500977,19.653945922851562,19.461362838745117,4.267584800720215,3.763715982437134,18.99433708190918
20.355886459350586,0.5863426327705383,0.9929734468460083,18.71672821044922,0.0,0.5301052331924438,0.5861278772354126,3.120048761367798,21.489906311035156,1.7790286540985107,0.6564795970916748,1.7731075286865234,20.809579849243164,1.2707349061965942,0.3751080632209778,19.938047409057617,1.1103459596633911,20.731422424316406,0.31311890482902527,0.5698533058166504,0.5601043701171875,0.7869682312011719,0.6962876915931702,1.2524588108062744,0.9225326776504517,0.45453712344169617,22.233684539794922,1.0177524089813232,0.6107576489448547,0.9018680453300476,1.4792540073394775,2.9204025268554688,21.035717010498047,0.4523477256298065,1.353057622909546,0.8477282524108887,1.2920457124710083,1.077693223953247,0.7905018329620361,1.5140234231948853,0.8549167513847351,1.0552632808685303,0.8436912298202515,1.5802066326141357,2.397578001022339,4.305660247802734,2.6837077140808105,1.4344350099563599,19.377872467041016,20.820341110229492,1.0962260961532593,1.4121397733688354,0.4226778745651245,1.1890264749526978,1.1094145774841309,19.70768165588379,1.1267805099487305,21.71912384033203,15.084437370300293,2.9696474075317383,23.286340713500977,0.7004377245903015,18.705612182617188,19.929960250854492,0.4937322735786438,0.4729588031768799,1.9197412729263306,0.7408215999603271,0.7714701294898987,1.7887133359909058,1.0774791240692139,0.8178441524505615,20.384632110595703,4.0432868003845215,0.9210076928138733,0.9779872298240662,0.9890389442443848,20.146425247192383,0.7475278377532959,0.5268072485923767,0.8496138453483582,2.712310791015625,18.90676498413086,20.931285858154297,2.637869358062744,16.991979598999023,1.3055698871612549,0.7325455546379089,1.2564128637313843,1.1200844049453735,1.2399967908859253,15.387713432312012,0.6078385710716248,1.1954485177993774,0.790971040725708,1.0894122123718262,1.314834713935852,22.661605834960938,22.09946632385254,0.8478227257728577
20.605886459350586,0.6630104184150696,0.7848756313323975,18.968494415283203,0.5301052331924438,0.048808589577674866,0.44823262095451355,3.0874955654144287,21.745689392089844,1.4107167720794678,0.7204887270927429,1.4405932426452637,21.04108238220215,0.8959203958511353,0.6548243165016174,20.23678970336914,0.9723993539810181,20.981786727905273,0.38705891370773315,0.6492106318473816,0.7089507579803467,1.0051262378692627,0.37826642394065857,0.9041903614997864,0.6807109713554382,0.3390345871448517,22.497953414916992,0.8275489807128906,0.6277269124984741,0.819556474685669,1.5430312156677246,2.6884124279022217,21.2844181060791,0.5913317799568176,1.3827959299087524,0.5120708346366882,1.111573576927185,1.0866665840148926,0.6205008029937744,1.3284567594528198,0.927456796169281,0.9055520296096802,0.6574594378471375,1.290790319442749,2.167316198348999,4.340606689453125,2.700993299484253,1.2863556146621704,19.625835418701172,21.085195541381836,1.0132451057434082,1.028679609298706,0.5264170169830322,0.8370844125747681,0.9113604426383972,19.96977996826172,0.855635941028595,21.992822647094727,15.015356063842773,2.8525521755218506,23.523151397705078,0.70443195104599,18.9534969329834,20.17780303955078,0.3973541557788849,0.5602575540542603,1.7716200351715088,0.43756103515625,0.4114817678928375,1.4276288747787476,0.7610310912132263,0.562859296798706,20.634414672851562,3.9631221294403076,0.5216251611709595,0.5649580955505371,0.8725322484970093,20.387609481811523,0.4864261746406555,0.3262127935886383,1.052905559539795,2.7185816764831543,19.17007064819336,21.194849014282227,2.5416290760040283,16.716665267944336,1.003677248954773,0.4147597849369049,0.9433492422103882,0.8741254806518555,0.9817867875099182,15.102837562561035,0.3623533844947815,1.011893630027771,0.6209985613822937,0.7686198353767395,1.0104831457138062,22.890138626098633,22.347009658813477,0.37496694922447205
20.46610450744629,0.6303361058235168,1.135791301727295,18.821189880371094,0.5861278772354126,0.44823262095451355,0.0,3.464060068130493,21.59541893005371,1.3610773086547852,0.8137561082839966,1.6219576597213745,20.907625198364258,1.246252179145813,0.8987718224525452,20.113616943359375,1.236997127532959,20.856975555419922,0.544032096862793,0.6934398412704468,0.9853675365447998,0.6434672474861145,0.6935958862304688,0.985683023929596,0.881354570388794,0.4944358170032501,22.329818725585938,0.6302604675292969,0.866777777671814,1.186654806137085,1.6958625316619873,2.8398513793945312,21.147600173950195,0.750281572341919,1.2108405828475952,0.5525497198104858,0.8817899823188782,1.1376203298568726,0.7319868206977844,1.0887161493301392,0.8537178635597229,0.9240449070930481,0.8703445792198181,1.5761663913726807,1.9218556880950928,4.22348690032959,2.9126954078674316,1.3479208946228027,19.496959686279297,20.95396614074707,0.9816692471504211,1.1920377016067505,0.4285028874874115,1.105686068534851,1.1431530714035034,19.815141677856445,0.9609712362289429,21.82827377319336,14.66531753540039,2.609964370727539,23.413002014160156,0.7935193777084351,18.816579818725586,20.04562759399414,0.4006858766078949,0.45826178789138794,1.8913744688034058,0.5601835250854492,0.500673770904541,1.7785725593566895,0.9383968114852905,0.8093753457069397,20.506168365478516,4.283659934997559,0.9034169316291809,0.8794518709182739,1.1882506608963013,20.284385681152344,0.8580734133720398,0.5699587464332581,1.1567192077636719,2.8838815689086914,19.284500122070312,21.053197860717773,2.7659738063812256,16.88700294494629,1.2579072713851929,0.7043500542640686,1.3198847770690918,1.1902453899383545,1.2769449949264526,15.243450164794922,0.7337864637374878,0.7663166522979736,0.9866645336151123,1.0797946453094482,1.3743715286254883,22.741249084472656,22.19416046142578,0.7195748090744019
21.276399612426758,3.231827735900879,2.9057564735412598,19.713863372802734,3.120048761367798,3.0874955654144287,3.464060068130493,0.0,22.43878746032715,4.17087984085083,3.3430685997009277,3.3322882652282715,21.78617286682129,3.0738141536712646,2.8872368335723877,20.60709571838379,3.2529735565185547,21.497745513916016,3.0690410137176514,3.3611433506011963,2.89638614654541,3.8380773067474365,3.023273229598999,3.4039175510406494,3.047581911087036,3.2426679134368896,23.257761001586914,3.4564807415008545,3.1647861003875732,2.6116509437561035,2.5629665851593018,2.994396686553955,21.919124603271484,3.0349152088165283,3.7797963619232178,3.4796714782714844,3.976883888244629,2.834021806716919,2.9795663356781006,3.906890630722046,3.0538814067840576,3.3858938217163086,3.2706615924835205,3.306385040283203,4.8153252601623535,4.818075656890869,1.9842621088027954,3.559107780456543,20.18892478942871,21.634906768798828,3.843423843383789,3.5094051361083984,3.337023973464966,3.004307508468628,3.2923760414123535,20.64959716796875,3.059603214263916,22.816553115844727,17.86345672607422,5.713227272033691,24.121124267578125,3.291151285171509,19.62166976928711,20.839576721191406,3.3678886890411377,3.397834062576294,3.0654263496398926,3.13677716255188,3.3781893253326416,3.0352346897125244,3.2113916873931885,3.0806846618652344,21.173831939697266,3.3648290634155273,2.7921159267425537,3.1581034660339355,2.761108875274658,20.922161102294922,2.8909242153167725,3.1329147815704346,3.2325658798217773,4.46345329284668,19.24794578552246,21.836856842041016,2.503049612045288,16.15037727355957,2.866665840148926,3.0875132083892822,2.9490532875061035,3.100607395172119,3.122346878051758,16.216245651245117,2.9220635890960693,3.8174400329589844,2.9860942363739014,3.006319999694824,2.382411479949951,23.661563873291016,23.103469848632812,3.0812220573425293
1.266854166984558,21.984874725341797,22.348941802978516,2.933305025100708,21.489906311035156,21.745689392089844,21.59541893005371,22.43878746032715,0.0,21.85407829284668,21.98343276977539,21.666906356811523,2.0657010078430176,21.87905502319336,21.661235809326172,3.334587812423706,21.617687225341797,1.5465494394302368,21.739381790161133,21.708139419555664,21.895889282226562,21.516082763671875,21.67861557006836,22.494892120361328,21.668794631958008,21.688186645507812,1.2270972728729248,21.97258949279785,21.686037063598633,22.21575355529785,22.590797424316406,22.250722885131836,0.7936131358146667,21.269140243530273,22.137210845947266,21.983640670776367,21.848377227783203,21.435773849487305,22.1291561126709,21.860057830810547,21.80974769592285,22.453115463256836,22.18817901611328,22.207849502563477,22.187997817993164,22.7835693359375,22.325889587402344,22.775503158569336,2.4283180236816406,1.2970397472381592,21.485992431640625,22.26467514038086,21.543743133544922,21.99057388305664,21.988506317138672,1.8676369190216064,22.420639038085938,1.486398696899414,26.64202880859375,22.269861221313477,3.4911036491394043,21.190013885498047,3.0435128211975098,1.8229008913040161,21.560388565063477,21.6135311126709,21.84833526611328,21.561660766601562,21.6581974029541,21.97464370727539,22.229679107666016,21.84747886657715,1.797936201095581,22.02115249633789,22.13365936279297,21.841724395751953,21.724653244018555,3.1121022701263428,21.815168380737305,21.662561416625977,22.0103816986084,22.044570922851562,29.122690200805664,0.7569663524627686,21.552480697631836,27.198659896850586,21.76490592956543,22.089876174926758,22.388731002807617,21.709959030151367,22.400653839111328,26.60934829711914,21.6580867767334,21.397249221801758,21.936410903930664,22.442378997802734,22.208919525146484,1.8862375020980835,0.9649307131767273,21.773540496826172
20.716039657592773,1.7594057321548462,1.7185757160186768,19.040565490722656,1.7790286540985107,1.4107167720794678,1.3610773086547852,4.17087984085083,21.85407829284668,0.15472891926765442,1.6949355602264404,1.2308112382888794,21.091947555541992,1.2659655809402466,1.9364374876022339,20.519758224487305,1.608130693435669,21.139118194580078,1.7234067916870117,1.4527043104171753,1.9302414655685425,1.7108299732208252,1.3214813470840454,1.2977666854858398,1.326002836227417,1.3637100458145142,22.59306526184082,1.531111717224121,1.509485125541687,2.02175235748291,2.7724156379699707,2.969604015350342,21.3857421875,1.6620551347732544,1.8400801420211792,1.2156277894973755,0.9913374781608582,2.0308525562286377,1.7923425436019897,1.3891326189041138,2.1354758739471436,1.6703438758850098,1.4522794485092163,1.7423714399337769,1.4829730987548828,4.937297344207764,3.642786979675293,1.7344250679016113,19.785154342651367,21.265106201171875,1.0143471956253052,0.8798356652259827,1.4778311252593994,1.2714588642120361,1.6671497821807861,20.112443923950195,1.7186928987503052,22.08994483947754,14.016249656677246,1.9534379243850708,23.611122131347656,1.4028805494308472,19.095979690551758,20.280282974243164,1.4139275550842285,1.441556453704834,2.080348491668701,1.3056235313415527,1.0473904609680176,1.7450567483901978,1.2640944719314575,1.2958428859710693,20.804832458496094,4.761569499969482,1.540236234664917,1.2693952322006226,2.012688398361206,20.530563354492188,1.4406040906906128,1.355238676071167,2.178900718688965,2.904184579849243,19.27326202392578,21.319101333618164,3.0315346717834473,16.15643310546875,1.460494875907898,1.4200165271759033,1.5669267177581787,1.2960150241851807,1.4520823955535889,14.288810729980469,1.589351773262024,1.0483452081680298,1.5634878873825073,1.5412836074829102,2.095698118209839,22.917577743530273,22.429380416870117,1.259970784187317
20.84562873840332,0.6328215599060059,0.6658236980438232,19.209449768066406,0.6564795970916748,0.7204887270927429,0.8137561082839966,3.3430685997009277,21.98343276977539,1.6949355602264404,0.16737152636051178,1.9541066884994507,21.273874282836914,1.229998230934143,0.6036009788513184,20.461669921875,1.0101414918899536,21.23900604248047,0.5321288704872131,0.6329812407493591,0.47245243191719055,0.9175167083740234,0.925316572189331,1.0486780405044556,1.194452166557312,0.5900797843933105,22.73055076599121,1.161544680595398,0.6210446357727051,0.7738566398620605,1.5013713836669922,3.2278223037719727,21.532976150512695,0.9731640219688416,1.3786011934280396,0.6163076758384705,1.3012577295303345,1.593712329864502,0.8708704113960266,1.674906849861145,1.17428457736969,0.7767202854156494,0.41126152873039246,1.2759348154067993,2.377453327178955,4.593438148498535,3.0075626373291016,1.045569658279419,19.881498336791992,21.31906509399414,1.0530422925949097,1.2395267486572266,0.7723603248596191,1.2914329767227173,0.8087670803070068,20.21224594116211,1.0999033451080322,22.18696403503418,14.925029754638672,2.7424826622009277,23.744491577148438,1.076509952545166,19.19153594970703,20.41468620300293,0.6289290189743042,0.7077484726905823,2.2190473079681396,1.0806598663330078,0.8807055950164795,1.7091327905654907,1.005864143371582,0.9457805156707764,20.887290954589844,4.048157215118408,0.9459962248802185,0.9254432916641235,1.0603841543197632,20.616302490234375,0.8942305445671082,0.7454134225845337,0.5308225750923157,2.327213764190674,18.757274627685547,21.427520751953125,3.0368592739105225,17.21578598022461,1.5580430030822754,0.6077467799186707,0.9719922542572021,1.1569714546203613,0.9745134711265564,15.111825942993164,0.8007895946502686,1.448083758354187,0.6341869235038757,0.8108127117156982,1.3792651891708374,23.140079498291016,22.577611923217773,0.9315361976623535
20.52265167236328,1.8591790199279785,1.7239080667495728,18.834951400756836,1.7731075286865234,1.4405932426452637,1.6219576597213745,3.3322882652282715,21.666906356811523,1.2308112382888794,1.9541066884994507,0.0,20.94149398803711,1.1338458061218262,1.8553193807601929,20.211084365844727,1.749495029449463,20.888561248779297,1.7946702241897583,1.5199692249298096,1.9012099504470825,2.078096628189087,1.119140625,1.5066463947296143,0.884202778339386,1.4387189149856567,22.41778564453125,1.6906110048294067,1.4871633052825928,1.8991094827651978,2.596750497817993,2.0183329582214355,21.16477394104004,1.4585545063018799,1.962321162223816,1.658315896987915,1.4494885206222534,1.5165700912475586,1.7966101169586182,1.567577838897705,2.1177453994750977,1.915879249572754,1.6710408926010132,2.0235698223114014,2.0408029556274414,4.582838535308838,2.771803379058838,1.98721182346344,19.55784034729004,21.041994094848633,1.416390061378479,1.0467592477798462,1.5205357074737549,0.7878408432006836,1.9839664697647095,19.913890838623047,1.7092204093933105,21.964710235595703,14.840566635131836,2.8351480960845947,23.42959976196289,1.2747480869293213,18.922151565551758,20.081012725830078,1.6616284847259521,1.542966604232788,1.1846519708633423,1.1429603099822998,1.2227089405059814,1.6704660654067993,1.1985759735107422,1.0546423196792603,20.58085060119629,4.557930946350098,1.3653922080993652,1.4051800966262817,1.9841519594192505,20.32411003112793,1.1610864400863647,1.2947547435760498,2.3912999629974365,3.3239071369171143,19.02550506591797,21.10176658630371,1.8644877672195435,15.332151412963867,0.6484963297843933,1.4759758710861206,1.5293362140655518,1.0251758098602295,1.3826594352722168,14.706762313842773,1.5406405925750732,1.2660175561904907,1.5472307205200195,1.569511890411377,1.8732118606567383,22.761842727661133,22.284048080444336,1.2768934965133667
1.599083423614502,21.327125549316406,21.62297248840332,3.012301445007324,20.809579849243164,21.04108238220215,20.907625198364258,21.78617286682129,2.0657010078430176,21.091947555541992,21.273874282836914,20.94149398803711,0.0,21.106340408325195,20.964468002319336,4.5112738609313965,20.832408905029297,2.329690933227539,21.04701805114746,21.018611907958984,21.19093132019043,20.859167098999023,20.971134185791016,21.803775787353516,20.98085594177246,20.985010147094727,3.344794750213623,21.324186325073242,20.96674919128418,21.506587982177734,21.974201202392578,21.66754722595215,1.944064974784851,20.57414436340332,21.526229858398438,21.255125045776367,21.171985626220703,20.817522048950195,21.46479034423828,21.2269229888916,21.180782318115234,21.779598236083984,21.466522216796875,21.394302368164062,21.53744125366211,22.45761489868164,21.794687271118164,22.094993591308594,2.462573766708374,2.263489007949829,20.74629783630371,21.53021240234375,20.869731903076172,21.28668212890625,21.214282989501953,2.8327395915985107,21.760168075561523,2.565035343170166,26.176801681518555,21.561994552612305,2.836620807647705,20.477588653564453,2.5068721771240234,1.4757665395736694,20.84370231628418,20.936391830444336,21.23115348815918,20.870838165283203,20.938920974731445,21.150615692138672,21.538068771362305,21.151260375976562,2.1852807998657227,21.116775512695312,21.427879333496094,21.084991455078125,20.97798728942871,1.8306106328964233,21.106700897216797,20.96004867553711,21.305444717407227,21.148351669311523,28.628931045532227,2.295971393585205,20.94678497314453,26.65796661376953,21.071857452392578,21.38402557373047,21.635711669921875,20.959001541137695,21.674274444580078,24.867942810058594,20.934019088745117,20.719802856445312,21.198537826538086,21.723983764648438,21.48866081237793,2.2631654739379883,1.8417460918426514,21.038705825805664
20.718894958496094,1.4573218822479248,0.920042097568512,19.08485221862793,1.2707349061965942,0.8959203958511353,1.246252179145813,3.0738141536712646,21.87905502319336,1.2659655809402466,1.229998230934143,1.1338458061218262,21.106340408325195,0.12041455507278442,1.1798880100250244,20.41390037536621,0.7325533628463745,21.094987869262695,1.1697205305099487,1.1490111351013184,1.1470589637756348,1.7614041566848755,0.7401210069656372,1.2546674013137817,0.9428436756134033,0.9411630630493164,22.66254425048828,1.5758638381958008,0.8674085140228271,1.1187809705734253,2.150602102279663,2.7848408222198486,21.392759323120117,1.0747251510620117,2.0100693702697754,0.97901451587677,1.5384043455123901,1.6763346195220947,1.3767786026000977,1.870841383934021,1.7894542217254639,1.4869914054870605,0.9586422443389893,0.9219536185264587,2.4687819480895996,5.0047807693481445,3.012471914291382,1.6289372444152832,19.74466323852539,21.21546745300293,1.0828083753585815,0.8731254935264587,1.2441352605819702,0.8336206674575806,0.9370889663696289,20.131162643432617,1.443220615386963,22.138830184936523,15.2222900390625,2.98725962638855,23.558982849121094,0.9833237528800964,19.071456909179688,20.27200698852539,1.0324478149414062,1.2431905269622803,1.9355242252349854,0.9813816547393799,0.8108668327331543,0.7357606291770935,1.032151222229004,0.851157009601593,20.755653381347656,3.681934356689453,0.8425601124763489,0.49568796157836914,1.0600953102111816,20.43865966796875,0.7089991569519043,0.8618218302726746,1.5660189390182495,2.3636815547943115,18.995880126953125,21.322227478027344,2.5375070571899414,16.27800750732422,0.9993656277656555,0.8981243371963501,0.668851912021637,0.44227609038352966,0.8785502910614014,14.360331535339355,0.795842707157135,1.4610321521759033,0.6759519577026367,0.9281013011932373,1.1889230012893677,22.980228424072266,22.46623992919922,0.5847481489181519
20.519012451171875,0.7523309588432312,0.7731612324714661,18.890451431274414,0.3751080632209778,0.6548243165016174,0.8987718224525452,2.8872368335723877,21.661235809326172,1.9364374876022339,0.6036009788513184,1.8553193807601929,20.964468002319336,1.1798880100250244,0.0,20.086132049560547,0.9599594473838806,20.886917114257812,0.4116045832633972,0.7065320014953613,0.190842404961586,1.112809181213379,0.7778049111366272,1.3283770084381104,1.0459891557693481,0.6006994843482971,22.41960906982422,1.2819911241531372,0.5402747392654419,0.6104070544242859,1.3894126415252686,3.007293462753296,21.200260162353516,0.606509804725647,1.5736031532287598,0.9385848045349121,1.555731177330017,1.281775712966919,0.8827239274978638,1.814828872680664,1.0570322275161743,1.1171013116836548,0.7664939761161804,1.3961114883422852,2.670759439468384,4.502464294433594,2.646930456161499,1.4324977397918701,19.535301208496094,20.973918914794922,1.226111888885498,1.4482543468475342,0.7365469932556152,1.2270312309265137,0.9597160220146179,19.884143829345703,1.206225037574768,21.890485763549805,15.365791320800781,3.176924228668213,23.418127059936523,0.8669609427452087,18.863534927368164,20.086688995361328,0.6749474406242371,0.7535494565963745,2.0359199047088623,0.9503528475761414,0.9392586946487427,1.63047456741333,1.1366314888000488,0.8888628482818604,20.539737701416016,3.7743148803710938,0.8773608207702637,0.9429073929786682,0.8016597032546997,20.27421760559082,0.7218084931373596,0.6495990753173828,0.6742836833000183,2.492791175842285,18.748340606689453,21.09600067138672,2.6575703620910645,17.03054428100586,1.367616057395935,0.72841876745224,1.0580593347549438,1.0519790649414062,1.122656226158142,15.27591323852539,0.5683803558349609,1.5123217105865479,0.587580680847168,0.9786978363990784,1.175851821899414,22.83441925048828,22.26914405822754,0.8793520927429199
3.125981330871582,20.431396484375,20.806934356689453,3.3180758953094482,19.938047409057617,20.23678970336914,20.113616943359375,20.60709571838379,3.334587812423706,20.519758224487305,20.461669921875,20.211084365844727,4.5112738609313965,20.41390037536621,20.086132049560547,0.0,20.149253845214844,2.623522996902466,20.200300216674805,20.18549919128418,20.323362350463867,20.01911163330078,20.1657657623291,21.005104064941406,20.14702033996582,20.179031372070312,3.90590238571167,20.468828201293945,20.161346435546875,20.63178825378418,20.912744522094727,20.63263511657715,3.131643295288086,19.728979110717773,20.596647262573242,20.527057647705078,20.413896560668945,19.83802604675293,20.575082778930664,20.400569915771484,20.23021125793457,20.927196502685547,20.681045532226562,20.766876220703125,20.840967178344727,21.018436431884766,20.5111083984375,21.251619338989258,2.7516584396362305,2.423166275024414,20.056455612182617,20.81721305847168,20.02202796936035,20.47895050048828,20.520231246948242,2.5467612743377686,20.876605987548828,4.05709171295166,26.480390548706055,21.013355255126953,5.790156364440918,19.692087173461914,3.4826819896698,3.2014095783233643,20.077035903930664,20.09699821472168,20.262948989868164,20.05928611755371,20.19424057006836,20.534927368164062,20.718759536743164,20.325977325439453,2.8018569946289062,20.448888778686523,20.600418090820312,20.378334045410156,20.192974090576172,4.039281845092773,20.28194236755371,20.147872924804688,20.449270248413086,20.64394187927246,27.255477905273438,2.6798412799835205,19.87063217163086,26.077667236328125,20.238224029541016,20.571514129638672,20.876567840576172,20.21942901611328,20.88150405883789,26.579429626464844,20.14015769958496,19.962793350219727,20.4138126373291,20.91873550415039,20.651073455810547,5.2031426429748535,4.379458427429199,20.294036865234375
20.455318450927734,1.4585940837860107,0.9945923686027527,18.845327377319336,1.1103459596633911,0.9723993539810181,1.236997127532959,3.2529735565185547,21.617687225341797,1.608130693435669,1.0101414918899536,1.749495029449463,20.832408905029297,0.7325533628463745,0.9599594473838806,20.149253845214844,0.1264110952615738,20.84430694580078,1.0354068279266357,1.153559684753418,0.9393576979637146,1.613255500793457,0.9999375343322754,1.583293080329895,1.3269932270050049,0.9546071887016296,22.409093856811523,1.758962869644165,0.7950916290283203,1.0906659364700317,2.1803948879241943,3.372385263442993,21.146411895751953,1.027131199836731,2.173478126525879,0.9609960317611694,1.7628406286239624,1.9110172986984253,1.4858506917953491,2.1705119609832764,1.7877085208892822,1.590042233467102,0.968926191329956,0.7273575067520142,2.8040499687194824,5.290150165557861,3.3442189693450928,1.799218773841858,19.484825134277344,20.93968963623047,1.0702683925628662,1.3564646244049072,1.2603639364242554,1.373160719871521,0.5451038479804993,19.87267303466797,1.705583095550537,21.843725204467773,15.319668769836426,3.1159839630126953,23.27126693725586,0.9898201823234558,18.78866958618164,20.008052825927734,0.8582873344421387,1.2524610757827759,2.4436750411987305,1.227104663848877,0.9791114330291748,0.9322504997253418,1.4176034927368164,1.184989333152771,20.488998413085938,3.417881727218628,1.1574082374572754,0.6205314993858337,0.7802557349205017,20.148488998413086,0.9930147528648376,0.9769306182861328,1.1898162364959717,1.8656219244003296,18.886465072631836,21.06486701965332,3.0186550617218018,16.9178409576416,1.541700839996338,1.0547561645507812,0.9403764605522156,0.8222244381904602,1.2136460542678833,14.324958801269531,0.740539014339447,1.6849826574325562,0.6356634497642517,1.1749382019042969,1.3491026163101196,22.730030059814453,22.19025421142578,0.8061060309410095
1.3024635314941406,21.239578247070312,21.573165893554688,2.7357168197631836,20.731422424316406,20.981786727905273,20.856975555419922,21.497745513916016,1.5465494394302368,21.139118194580078,21.23900604248047,20.888561248779297,2.329690933227539,21.094987869262695,20.886917114257812,2.623522996902466,20.84430694580078,0.5627440810203552,20.977636337280273,20.966028213500977,21.12286376953125,20.807945251464844,20.90801429748535,21.751312255859375,20.898818969726562,20.935997009277344,2.8016228675842285,21.235836029052734,20.925796508789062,21.42458724975586,21.799251556396484,21.4206600189209,1.183264970779419,20.49797248840332,21.426143646240234,21.242462158203125,21.142946243286133,20.65314483642578,21.364521026611328,21.14686393737793,21.048002243041992,21.714431762695312,21.437166213989258,21.42872428894043,21.524778366088867,22.039052963256836,21.4656982421875,22.04395866394043,1.5018401145935059,0.8582378625869751,20.763389587402344,21.517417907714844,20.800195693969727,21.21468162536621,21.22320556640625,1.831302285194397,21.659101486206055,2.9232637882232666,26.735326766967773,21.670419692993164,3.7888972759246826,20.43062400817871,2.4567859172821045,1.518290638923645,20.812278747558594,20.874649047851562,21.06308364868164,20.7976131439209,20.9085750579834,21.16571044921875,21.474531173706055,21.083227157592773,0.9016924500465393,21.087963104248047,21.35103988647461,21.070329666137695,20.926790237426758,2.382268190383911,21.037752151489258,20.901884078979492,21.255826950073242,21.302265167236328,28.633453369140625,1.3611810207366943,20.69664764404297,26.300195693969727,20.975385665893555,21.32855987548828,21.607057571411133,20.932790756225586,21.634719848632812,25.994823455810547,20.87892723083496,20.674707412719727,21.162338256835938,21.67263412475586,21.392757415771484,3.001098394393921,2.3766119480133057,21.001197814941406
20.602188110351562,0.5130513906478882,0.7917748093605042,18.973621368408203,0.31311890482902527,0.38705891370773315,0.544032096862793,3.0690410137176514,21.739381790161133,1.7234067916870117,0.5321288704872131,1.7946702241897583,21.04701805114746,1.1697205305099487,0.4116045832633972,20.200300216674805,1.0354068279266357,20.977636337280273,0.0,0.6740163564682007,0.4795130789279938,0.8842265009880066,0.6841989755630493,1.084092617034912,0.9696168899536133,0.46331483125686646,22.489580154418945,0.9320080280303955,0.6662604212760925,0.70761638879776,1.344858169555664,2.9234349727630615,21.28645896911621,0.6495880484580994,1.3929704427719116,0.6375479698181152,1.3053539991378784,1.1843665838241577,0.5863117575645447,1.5210756063461304,0.7779765129089355,0.8774086833000183,0.6792720556259155,1.370567798614502,2.383838176727295,4.329880714416504,2.717125177383423,1.2982920408248901,19.619815826416016,21.06739616394043,1.1712168455123901,1.3179882764816284,0.5685439109802246,1.148766279220581,0.898597776889801,19.95823097229004,0.9394997954368591,21.97181510925293,15.121304512023926,2.9876208305358887,23.522071838378906,0.8684298396110535,18.942873001098633,20.17660140991211,0.4267946779727936,0.5919225811958313,1.9960049390792847,0.7488731741905212,0.7259164452552795,1.6329549551010132,0.9894694089889526,0.8209667801856995,20.624683380126953,3.910338878631592,0.733791708946228,0.8085890412330627,0.8142271041870117,20.380373001098633,0.7192261815071106,0.5449568629264832,0.7207983732223511,2.6565494537353516,19.075170516967773,21.186716079711914,2.7304952144622803,17.04328727722168,1.3140794038772583,0.5548542737960815,1.0788774490356445,1.1191747188568115,1.1337532997131348,15.289265632629395,0.47388342022895813,1.258616328239441,0.6792622208595276,0.8807532787322998,1.0766777992248535,22.90287971496582,22.34174156188965,0.7015159130096436
20.57612419128418,0.6288395524024963,0.9013307094573975,18.90886878967285,0.5698533058166504,0.6492106318473816,0.6934398412704468,3.3611433506011963,21.708139419555664,1.4527043104171753,0.6329812407493591,1.5199692249298096,21.018611907958984,1.1490111351013184,0.7065320014953613,20.18549919128418,1.153559684753418,20.966028213500977,0.6740163564682007,0.10034387558698654,0.7272762060165405,0.8065200448036194,0.6280352473258972,0.9752715826034546,0.7428451180458069,0.33215761184692383,22.44095802307129,1.0069036483764648,0.416640967130661,1.0344964265823364,1.6934945583343506,2.849341630935669,21.247238159179688,0.686363697052002,1.0826303958892822,0.7858191728591919,0.9308571815490723,1.2334873676300049,0.9373921751976013,1.3153893947601318,1.2068898677825928,0.9006776213645935,0.6160398721694946,1.5898593664169312,2.056109666824341,4.376354217529297,2.7820422649383545,1.1015616655349731,19.61910057067871,21.061038970947266,0.7297823429107666,1.0083810091018677,0.37335991859436035,0.9450733661651611,1.1961101293563843,19.935794830322266,1.088191270828247,21.926454544067383,14.729680061340332,2.5178163051605225,23.503931045532227,0.6913427710533142,18.94708251953125,20.14468765258789,0.6584718227386475,0.28750768303871155,1.7285939455032349,0.7566469311714172,0.6423539519309998,1.806541919708252,0.73768550157547,0.5360945463180542,20.632400512695312,4.372537136077881,0.9172016978263855,0.9870365858078003,1.325116515159607,20.382734298706055,0.6341403126716614,0.43552717566490173,1.0662649869918823,2.6273560523986816,18.60818862915039,21.143535614013672,2.6106836795806885,16.738595962524414,1.1644679307937622,0.6079931259155273,1.0861245393753052,0.9060858488082886,0.8843785524368286,15.212688446044922,0.8459793329238892,1.0317635536193848,0.7275108695030212,0.9212996363639832,1.5573278665542603,22.863927841186523,22.318634033203125,0.8816125988960266
20.75199317932129,0.7431942224502563,0.5521906018257141,19.123779296875,0.5601043701171875,0.7089507579803467,0.9853675365447998,2.89638614654541,21.895889282226562,1.9302414655685425,0.47245243191719055,1.9012099504470825,21.19093132019043,1.1470589637756348,0.190842404961586,20.323362350463867,0.9393576979637146,21.12286376953125,0.4795130789279938,0.7272762060165405,0.0,1.1881663799285889,0.8405656218528748,1.2307074069976807,1.115867018699646,0.6455144882202148,22.655866622924805,1.3179636001586914,0.5364608764648438,0.42705604434013367,1.3236979246139526,3.0643556118011475,21.434452056884766,0.8041267395019531,1.568423867225647,0.886840283870697,1.5729600191116333,1.4342076778411865,0.8675920963287354,1.866956114768982,1.1445820331573486,0.9994620084762573,0.5973162651062012,1.2765827178955078,2.676555633544922,4.567342281341553,2.6933484077453613,1.2663308382034302,19.77106475830078,21.208147048950195,1.2487519979476929,1.370755672454834,0.8431428074836731,1.2243640422821045,0.8572661280632019,20.1217098236084,1.148514747619629,22.11924934387207,15.355981826782227,3.1353743076324463,23.64051628112793,1.0182671546936035,19.095979690551758,20.31764793395996,0.7505707144737244,0.8288030028343201,2.099179267883301,1.0556799173355103,0.9856675267219543,1.585668683052063,1.0732017755508423,0.9018014073371887,20.775287628173828,3.759726047515869,0.8296138644218445,0.9225306510925293,0.8206170201301575,20.49913215637207,0.7370284795761108,0.714008092880249,0.5412288904190063,2.3759121894836426,18.679357528686523,21.32989501953125,2.7533302307128906,17.07266616821289,1.4223417043685913,0.645576536655426,0.8872112035751343,1.0495189428329468,0.9692273139953613,15.204476356506348,0.6382222771644592,1.6116992235183716,0.4717716872692108,0.8139119744300842,1.1452759504318237,23.065698623657227,22.500713348388672,0.9020435214042664
