0.0,21.20583152770996,20.66635513305664,1.6371009349822998,20.84998893737793,20.9389591217041,21.368654251098633,20.48093605041504,0.9949212074279785,21.02417755126953,21.454328536987305,21.333316802978516,0.17222975194454193,27.056049346923828,20.976531982421875,0.7240169048309326,20.78235626220703,2.4430556297302246,20.578062057495117,20.814002990722656,20.268146514892578,22.772319793701172,20.94005584716797,20.85557746887207,20.485252380371094,20.418231964111328,0.5056142210960388,21.004070281982422,21.316898345947266,21.020544052124023,20.761917114257812,21.052824020385742,1.2390635013580322,20.436168670654297,24.745441436767578,20.800033569335938,21.556184768676758,23.024534225463867,20.94660758972168,20.468042373657227,20.76393699645996,20.862003326416016,21.19951057434082,20.942378997802734,21.105276107788086,20.57142448425293,20.843570709228516,20.4821720123291,0.6196548938751221,2.706738233566284,20.970060348510742,21.34528350830078,21.03976821899414,20.621826171875,20.897235870361328,0.9474247097969055,20.748289108276367,0.8679085969924927,20.88290786743164,23.635616302490234,0.7296222448348999,20.69586181640625,0.0,1.520585298538208,20.975950241088867,20.995927810668945,20.81683349609375,20.561185836791992,21.1123104095459,21.76148796081543,20.788436889648438,20.918256759643555,0.6778441071510315,21.791549682617188,20.5845890045166,20.631187438964844,20.57907485961914,0.7708289623260498,20.792369842529297,20.798255920410156,24.467422485351562,20.723159790039062,20.887765884399414,1.0120278596878052,23.22913360595703,20.823633193969727,20.89118003845215,20.87186050415039,20.977514266967773,20.17721176147461,20.51228141784668,21.27197265625,23.94634246826172,21.045413970947266,20.04330062866211,20.893938064575195,20.752098083496094,1.231801152229309,2.34041428565979,20.615440368652344
21.20583152770996,0.0,2.0435965061187744,19.678342819213867,1.6301089525222778,1.390636682510376,6.154431343078613,2.4272663593292236,20.913631439208984,1.5506441593170166,3.0095160007476807,5.624345779418945,21.102949142456055,18.17670249938965,4.934212684631348,21.205883026123047,2.1910624504089355,18.834463119506836,2.36286997795105,2.8504347801208496,3.697108268737793,10.930929183959961,1.9335863590240479,1.9354941844940186,2.8431191444396973,2.5981643199920654,21.254629135131836,3.447465419769287,3.775733709335327,1.1893231868743896,2.3339035511016846,2.7282252311706543,20.8673038482666,4.850506782531738,14.621341705322266,2.5439019203186035,2.0445823669433594,8.835137367248535,3.0296390056610107,1.3916971683502197,1.994584321975708,3.4467954635620117,2.212533712387085,1.9009466171264648,7.324703693389893,2.2193169593811035,2.3330771923065186,3.681452512741089,20.716262817382812,18.601564407348633,3.6742677688598633,3.8141841888427734,1.66505765914917,2.100207567214966,1.57640540599823,21.366857528686523,1.4619828462600708,21.5947265625,3.5125482082366943,13.753507614135742,21.31867027282715,1.7519721984863281,21.108381271362305,19.726099014282227,3.672151803970337,1.7432918548583984,2.3057994842529297,2.11519193649292,1.3541566133499146,7.482054233551025,3.178605794906616,1.6953845024108887,21.56802749633789,8.058676719665527,2.0978763103485107,6.150416374206543,1.2610480785369873,21.318843841552734,3.0055935382843018,2.188044548034668,12.096299171447754,1.7929277420043945,2.5677385330200195,22.259002685546875,12.435203552246094,3.1000478267669678,0.8128544092178345,2.0556962490081787,2.3527517318725586,1.4063456058502197,3.8881685733795166,1.1340880393981934,12.496149063110352,1.6627042293548584,3.1430931091308594,4.216957092285156,2.1717095375061035,20.329553604125977,23.467334747314453,1.652258276939392
20.66635513305664,2.0435965061187744,0.0,19.13690185546875,0.6644358038902283,1.5400177240371704,5.892260551452637,1.21687912940979,20.34006118774414,0.9242162108421326,4.104193687438965,5.130397319793701,20.561147689819336,17.550010681152344,3.794384002685547,20.6385498046875,1.1485371589660645,18.302515029907227,1.2442188262939453,1.2386770248413086,2.6301043033599854,10.353782653808594,1.280848741531372,0.40985387563705444,1.3657822608947754,1.541521430015564,20.686315536499023,1.9153445959091187,5.321226119995117,1.1971843242645264,1.443752408027649,1.237566351890564,20.254337310791016,3.055359363555908,13.469680786132812,1.3501414060592651,1.2075226306915283,9.769622802734375,2.5826852321624756,0.8980659246444702,1.7693846225738525,1.8868536949157715,2.391706943511963,2.5599770545959473,5.499513626098633,1.125402569770813,3.0864148139953613,1.8073307275772095,20.18242835998535,18.01757049560547,2.1948537826538086,2.247361183166504,0.8572360873222351,1.098547339439392,2.6989142894744873,20.877426147460938,1.0034549236297607,21.079336166381836,3.1572768688201904,12.099955558776855,20.765605926513672,0.5658099055290222,20.566715240478516,19.200475692749023,3.268052101135254,2.9594287872314453,2.439950704574585,0.6001260876655579,1.65845787525177,6.186548233032227,2.1704559326171875,0.43541985750198364,21.065092086791992,7.7919392585754395,1.9801446199417114,4.510608673095703,0.9587566256523132,20.791170120239258,1.6112908124923706,1.2805836200714111,12.35746955871582,1.3096085786819458,0.8750348687171936,21.698421478271484,10.784907341003418,1.7862852811813354,1.489695429801941,0.5979848504066467,0.8700442910194397,1.2861090898513794,2.06632661819458,2.837339162826538,12.163334846496582,0.7335368990898132,1.6396803855895996,2.7035715579986572,1.2854374647140503,19.756216049194336,22.930191040039062,0.8645319938659668
1.6371009349822998,19.678342819213867,19.13690185546875,0.0,19.31230926513672,19.425151824951172,19.899986267089844,18.962207794189453,1.3681079149246216,19.485614776611328,19.988576889038086,19.882755279541016,1.5563746690750122,26.320636749267578,19.57303810119629,1.6947318315505981,19.25425910949707,0.8712426424026489,19.029226303100586,19.30622673034668,18.657577514648438,21.117900848388672,19.368417739868164,19.3376407623291,19.007427215576172,18.870512008666992,1.5804293155670166,19.53493309020996,19.836301803588867,19.486562728881836,19.247220993041992,19.50227165222168,1.4044476747512817,18.954998016357422,23.591066360473633,19.316219329833984,20.035165786743164,21.599647521972656,19.40088653564453,18.932029724121094,19.238178253173828,19.294004440307617,19.616111755371094,19.456735610961914,19.54582977294922,19.028425216674805,19.345399856567383,18.933534622192383,1.1312286853790283,1.2339731454849243,19.474782943725586,19.850767135620117,19.52712059020996,19.092792510986328,19.382495880126953,1.8595759868621826,19.24085235595703,2.0498993396759033,19.30439567565918,22.1339111328125,1.6803051233291626,19.149887084960938,1.4723713397979736,0.3742668628692627,19.43498420715332,19.477651596069336,19.323884963989258,19.05503273010254,19.582426071166992,20.333322525024414,19.229429244995117,19.384523391723633,1.993037462234497,20.28605079650879,19.02161979675293,19.10738754272461,19.04694175720215,1.9580367803573608,19.28055763244629,19.27977180480957,22.9791202545166,19.175342559814453,19.370445251464844,2.606947183609009,21.8454647064209,19.359411239624023,19.372665405273438,19.325925827026367,19.458030700683594,18.65887451171875,18.983434677124023,19.78335952758789,22.6343994140625,19.503000259399414,18.50295639038086,19.42845916748047,19.253528594970703,1.1427099704742432,3.862125873565674,19.082246780395508
20.84998893737793,1.6301089525222778,0.6644358038902283,19.31230926513672,0.0,1.4942810535430908,6.327707767486572,1.7497601509094238,20.52750587463379,0.3009651005268097,3.688650369644165,5.49036979675293,20.742856979370117,18.05531120300293,4.397392272949219,20.816696166992188,1.1112474203109741,18.469905853271484,1.0522477626800537,1.5499237775802612,2.560717821121216,10.480029106140137,1.1346824169158936,0.7162498235702515,1.864609956741333,1.8826521635055542,20.869043350219727,2.3357152938842773,4.949021816253662,0.9600746631622314,1.1566911935806274,1.573176383972168,20.445486068725586,3.3846614360809326,13.4544677734375,1.4864429235458374,1.0689082145690918,9.87374496459961,2.9241943359375,0.8696857690811157,1.8891832828521729,2.2743380069732666,2.2186551094055176,2.1572039127349854,5.775865077972412,1.2453534603118896,3.1331582069396973,2.2094993591308594,20.354276657104492,18.197681427001953,2.2472968101501465,2.380084991455078,0.9967426657676697,0.7276065945625305,2.4882566928863525,21.04116439819336,1.0706074237823486,21.250869750976562,3.1898767948150635,12.48063850402832,20.94236183166504,0.6809141039848328,20.74295425415039,19.37607192993164,2.9996395111083984,2.6934237480163574,2.4489493370056152,1.0876065492630005,1.2129724025726318,6.514377593994141,2.5773215293884277,0.4294854700565338,21.22719383239746,8.157089233398438,1.9919301271438599,4.915572166442871,0.7018760442733765,20.972705841064453,1.691388726234436,1.1259795427322388,12.123136520385742,0.7251856327056885,1.3248594999313354,21.88382911682129,11.337899208068848,2.075641632080078,1.343671202659607,0.7548859715461731,1.2414157390594482,1.313543677330017,2.2640585899353027,2.524190902709961,12.277424812316895,0.8173192143440247,1.9673703908920288,2.84643292427063,1.5172443389892578,19.95973014831543,23.09872817993164,0.493170827627182
20.9389591217041,1.390636682510376,1.5400177240371704,19.425151824951172,1.4942810535430908,0.19126668572425842,5.7117462158203125,1.4794409275054932,20.657386779785156,1.6779497861862183,4.097930908203125,5.76655387878418,20.849472045898438,17.253314971923828,3.9967894554138184,20.954883575439453,1.333892822265625,18.599407196044922,1.8550965785980225,2.6106977462768555,3.5485403537750244,11.009698867797852,1.9559170007705688,1.3015215396881104,1.9125632047653198,2.5076816082000732,20.981033325195312,2.4383151531219482,5.0423502922058105,1.6030837297439575,1.9671334028244019,2.516662359237671,20.587610244750977,3.8994061946868896,14.609313011169434,2.196516752243042,2.1005234718322754,9.057979583740234,2.5197386741638184,1.280121088027954,2.310598134994507,3.0574848651885986,2.0411717891693115,2.6477248668670654,6.7224507331848145,2.3301756381988525,2.840865135192871,2.883481740951538,20.45195198059082,18.332603454589844,3.3771004676818848,3.4415154457092285,1.4831807613372803,1.8669315576553345,2.584134578704834,21.157686233520508,0.7780610918998718,21.367876052856445,4.019197463989258,13.175213813781738,21.05824851989746,1.4324164390563965,20.86012840270996,19.479001998901367,3.0877933502197266,2.870474100112915,2.8693361282348633,1.4560799598693848,2.1097729206085205,6.186398029327393,2.800152540206909,1.4466750621795654,21.351219177246094,7.912332534790039,2.475311756134033,5.026095390319824,1.4031996726989746,21.027420043945312,2.1754252910614014,1.4692375659942627,11.649539947509766,1.7793048620224,1.6215243339538574,22.002378463745117,11.875919342041016,2.667297124862671,0.857306182384491,1.479081153869629,2.1341919898986816,1.259863257408142,3.3093254566192627,1.7890982627868652,11.404143333435059,1.428045630455017,3.040320634841919,3.7014944553375244,0.9738653898239136,20.05855941772461,23.21428871154785,1.269019603729248
21.368654251098633,6.154431343078613,5.892260551452637,19.899986267089844,6.327707767486572,5.7117462158203125,0.23043563961982727,4.85581111907959,20.997554779052734,6.457119464874268,8.190230369567871,4.602892875671387,21.259437561035156,15.69416332244873,4.639906406402588,21.4375057220459,6.453776836395264,19.175216674804688,6.747086048126221,6.355183124542236,6.960211753845215,9.397436141967773,5.811993598937988,6.010020732879639,5.915318965911865,4.97312068939209,21.409828186035156,6.426414489746094,7.833888053894043,5.850804805755615,7.2426300048828125,5.5421857833862305,20.9797420501709,7.686094284057617,18.26895523071289,6.699877738952637,6.443967819213867,5.644935607910156,3.564196825027466,5.653405666351318,5.1469407081604,5.356534957885742,5.679684162139893,7.393420696258545,8.799891471862793,5.829415798187256,4.655978202819824,6.2312397956848145,20.976871490478516,18.92723274230957,7.745381832122803,7.5719313621521,5.746082782745361,6.947925567626953,5.8244099617004395,21.569068908691406,5.793217182159424,21.766572952270508,5.5646467208862305,12.18830680847168,21.500961303710938,5.688022613525391,21.321521759033203,19.941518783569336,8.189266204833984,6.076102256774902,5.79694128036499,5.785938739776611,6.561659336090088,8.587583541870117,4.181447505950928,5.952903747558594,21.846166610717773,3.0551156997680664,5.126171588897705,7.023270130157471,5.997792720794678,21.470178604125977,7.044515132904053,6.7870774269104,14.579914093017578,6.8838934898376465,5.939938068389893,22.360546112060547,9.513387680053711,6.657642841339111,5.617027282714844,5.9125542640686035,5.778805255889893,5.606003284454346,7.359774589538574,6.3880157470703125,13.053857803344727,5.565728664398193,5.930788516998291,8.044440269470215,5.914416790008545,20.280508041381836,23.70738410949707,6.42448616027832
20.48093605041504,2.4272663593292236,1.21687912940979,18.962207794189453,1.7497601509094238,1.4794409275054932,4.85581111907959,0.0,20.16007423400879,2.0087194442749023,4.842425346374512,4.898654460906982,20.382850646972656,16.790403366088867,3.0629842281341553,20.48366355895996,1.690635323524475,18.149049758911133,2.0427634716033936,2.1241848468780518,3.1957573890686035,10.209290504455566,1.8472486734390259,1.2829110622406006,1.431772232055664,1.6414610147476196,20.507041931152344,2.074625253677368,5.717235565185547,1.8601908683776855,2.4289510250091553,1.758121132850647,20.080217361450195,3.399571657180786,14.415520668029785,2.1926817893981934,2.2077176570892334,8.977311134338379,1.7155259847640991,1.3587936162948608,1.9851406812667847,2.0420477390289307,2.3654255867004395,3.378296136856079,5.840557098388672,1.893441081047058,2.8679380416870117,2.0624728202819824,20.00963020324707,17.860797882080078,3.2111876010894775,3.175863265991211,1.4830284118652344,2.1928606033325195,2.985140323638916,20.712955474853516,1.292580008506775,20.91078758239746,3.479172945022583,11.992696762084961,20.59264373779297,1.2396221160888672,20.400232315063477,19.02252769470215,3.735295295715332,3.3151803016662598,2.818014144897461,1.122607707977295,2.55767822265625,5.842965126037598,1.7086455821990967,1.4449687004089355,20.914066314697266,6.988737106323242,2.150892734527588,4.217036724090576,1.6905289888381958,20.586223602294922,2.255753517150879,1.9856748580932617,12.2822904586792,2.2894020080566406,1.2140576839447021,21.521596908569336,10.476049423217773,2.4100499153137207,1.651472568511963,1.305713415145874,1.624385952949524,1.4659614562988281,2.853433847427368,3.003540277481079,11.617593765258789,1.2968993186950684,2.2218120098114014,3.5200765132904053,1.2722821235656738,19.544219970703125,22.772781372070312,1.7274656295776367
0.9949212074279785,20.913631439208984,20.34006118774414,1.3681079149246216,20.52750587463379,20.657386779785156,20.997554779052734,20.16007423400879,0.583249032497406,20.700002670288086,21.204792022705078,20.950937271118164,0.8918747901916504,27.151443481445312,20.70934295654297,0.9658000469207764,20.479692459106445,2.1789138317108154,20.25102424621582,20.48430824279785,19.846019744873047,22.056488037109375,20.57282257080078,20.547382354736328,20.204835891723633,20.04387092590332,0.7687277793884277,20.72829818725586,21.04418182373047,20.69602394104004,20.472562789916992,20.676340103149414,0.7724701762199402,20.130386352539062,24.49042510986328,20.5165958404541,21.23491096496582,22.689287185668945,20.581417083740234,20.145484924316406,20.42327308654785,20.454029083251953,20.841102600097656,20.681514739990234,20.622783660888672,20.214324951171875,20.536121368408203,20.113101959228516,1.0359445810317993,2.4442827701568604,20.6577205657959,21.026447296142578,20.73046112060547,20.313138961791992,20.59064292907715,1.1495928764343262,20.461149215698242,1.1895925998687744,20.450510025024414,22.944316864013672,0.9083858132362366,20.357067108154297,0.7733388543128967,1.4023057222366333,20.68626594543457,20.685672760009766,20.5067081451416,20.25838851928711,20.795074462890625,21.494972229003906,20.393505096435547,20.592084884643555,1.2120459079742432,21.305212020874023,20.21031379699707,20.253528594970703,20.262737274169922,1.5542261600494385,20.49645233154297,20.508642196655273,24.198760986328125,20.402667999267578,20.573923110961914,1.4759423732757568,22.65102767944336,20.544496536254883,20.597694396972656,20.534664154052734,20.64255142211914,19.876930236816406,20.164749145507812,21.02976417541504,23.794445037841797,20.707721710205078,19.666976928710938,20.609146118164062,20.475107192993164,0.9952431917190552,2.841387987136841,20.30715560913086
21.02417755126953,1.5506441593170166,0.9242162108421326,19.485614776611328,0.3009651005268097,1.6779497861862183,6.457119464874268,2.0087194442749023,20.700002670288086,0.0,3.4387707710266113,5.4426164627075195,20.914335250854492,18.2197265625,4.5752034187316895,20.986469268798828,1.401553988456726,18.6386775970459,1.3026385307312012,1.5676805973052979,2.6662392616271973,10.508223533630371,1.192007303237915,0.9633480906486511,2.090498447418213,1.9496020078659058,21.04553985595703,2.546186685562134,4.7357330322265625,0.8457414507865906,1.2755439281463623,1.6240078210830688,20.622304916381836,3.6117327213287354,13.369308471679688,1.5342844724655151,0.9069347977638245,9.896620750427246,3.0805656909942627,1.0113661289215088,1.833114743232727,2.396719217300415,2.3369293212890625,1.9650684595108032,5.9098896980285645,1.2177926301956177,3.085498571395874,2.460134506225586,20.529497146606445,18.372089385986328,2.2599716186523438,2.3973302841186523,1.023727297782898,0.8624578714370728,2.3421196937561035,21.20511817932129,1.2483218908309937,21.417619705200195,3.0835537910461426,12.607434272766113,21.116456985473633,0.8985181450843811,20.91331672668457,19.547752380371094,3.172775983810425,2.516007423400879,2.3115577697753906,1.3032115697860718,0.9366512298583984,6.794919013977051,2.7077505588531494,0.5950527787208557,21.39149284362793,8.233797073364258,1.9685227870941162,5.198234558105469,0.7416733503341675,21.15424919128418,1.9267773628234863,1.3644587993621826,12.279352188110352,0.8044623136520386,1.6008799076080322,22.055362701416016,11.436041831970215,2.1297285556793213,1.3992992639541626,1.0352004766464233,1.2686121463775635,1.442959189414978,2.423414945602417,2.4793615341186523,12.545844078063965,0.9298998117446899,2.0172643661499023,2.9204280376434326,1.7825820446014404,20.13504409790039,23.269987106323242,0.7756710052490234
21.454328536987305,3.0095160007476807,4.104193687438965,19.988576889038086,3.688650369644165,4.097930908203125,8.190230369567871,4.842425346374512,21.204792022705078,3.4387707710266113,0.07215997576713562,6.022011756896973,21.346538543701172,18.977527618408203,6.49907922744751,21.434186935424805,4.5190253257751465,19.106815338134766,4.521238803863525,3.993140459060669,5.633777618408203,12.639002799987793,4.2620110511779785,4.0211358070373535,4.591796875,4.417802333831787,21.560449600219727,5.15679931640625,2.4129695892333984,3.21651291847229,3.908754587173462,4.563982963562012,21.197507858276367,6.451709270477295,13.436605453491211,3.6406939029693604,3.4525504112243652,10.236004829406738,5.6069159507751465,3.700216293334961,3.49741530418396,5.47117805480957,5.070400238037109,1.6882187128067017,8.933478355407715,3.7502317428588867,3.5799241065979004,5.80046272277832,21.00687026977539,18.909542083740234,4.441160678863525,4.709474086761475,3.528531312942505,3.787036895751953,2.5031816959381104,21.575210571289062,3.7399492263793945,21.81290626525879,4.575315952301025,15.55420970916748,21.609752655029297,4.088175296783447,21.344514846801758,20.007139205932617,5.767712593078613,2.3246355056762695,2.6901628971099854,4.034873962402344,2.5996885299682617,9.815655708312988,5.442165851593018,3.8042714595794678,21.753568649291992,9.855605125427246,3.996717691421509,8.55819320678711,3.3519327640533447,21.647031784057617,4.896873950958252,4.273251056671143,14.375930786132812,3.7704410552978516,4.7600417137146,22.49410057067871,13.73076343536377,3.986273765563965,3.4457249641418457,4.427051544189453,3.9209768772125244,3.5590157508850098,5.379588603973389,2.9200687408447266,15.102144241333008,4.00542688369751,4.408037185668945,4.990966796875,4.4794206619262695,20.63530158996582,23.682231903076172,3.85168194770813
21.333316802978516,5.624345779418945,5.130397319793701,19.882755279541016,5.49036979675293,5.76655387878418,4.602892875671387,4.898654460906982,20.950937271118164,5.4426164627075195,6.022011756896973,0.0,21.197124481201172,16.636859893798828,4.603091239929199,21.315868377685547,6.226569652557373,19.07760238647461,6.319450378417969,4.694997310638428,6.506173133850098,10.055379867553711,5.285349369049072,5.319925785064697,5.269549369812012,3.9601259231567383,21.411666870117188,5.867705821990967,6.093514442443848,4.828163146972656,6.368697166442871,4.469212532043457,20.949918746948242,7.145015716552734,14.961173057556152,5.302407741546631,5.055230617523193,8.253206253051758,4.562983989715576,5.0273895263671875,3.774341583251953,4.7384352684021,6.252145767211914,5.7257208824157715,8.163566589355469,4.428248882293701,3.7803778648376465,5.948517799377441,20.980304718017578,18.834869384765625,6.065884113311768,5.933197498321533,4.7197651863098145,6.021148204803467,4.512334823608398,21.48743438720703,5.300212383270264,21.687664031982422,3.781141519546509,12.431835174560547,21.490306854248047,5.125641345977783,21.241226196289062,19.90584945678711,8.379477500915527,4.641513824462891,3.7060370445251465,5.006332874298096,5.1294379234313965,9.942727088928223,4.180067539215088,5.127349853515625,21.727558135986328,5.501248359680176,4.278136730194092,7.9905476570129395,5.122146129608154,21.577468872070312,6.56541109085083,6.352725028991699,16.842222213745117,6.154260158538818,5.577926158905029,22.290821075439453,8.895283699035645,5.070503234863281,5.20545768737793,5.504333019256592,4.435691833496094,5.009662628173828,6.352720737457275,5.9990234375,16.03016471862793,4.953371047973633,4.301645755767822,6.525050163269043,5.8059186935424805,20.265005111694336,23.65449333190918,5.840577125549316
0.17222975194454193,21.102949142456055,20.561147689819336,1.5563746690750122,20.742856979370117,20.849472045898438,21.259437561035156,20.382850646972656,0.8918747901916504,20.914335250854492,21.346538543701172,21.197124481201172,0.5056746006011963,27.13750457763672,20.904380798339844,0.7900867462158203,20.689088821411133,2.3413333892822266,20.474809646606445,20.704633712768555,20.133018493652344,22.543811798095703,20.818708419799805,20.756839752197266,20.40013313293457,20.293771743774414,0.6859890818595886,20.924760818481445,21.193708419799805,20.908418655395508,20.667802810668945,20.930248260498047,1.1689155101776123,20.353984832763672,24.64740562438965,20.706098556518555,21.44732093811035,22.907161712646484,20.83392333984375,20.36017417907715,20.644943237304688,20.733884811401367,21.085552215576172,20.842498779296875,20.96939468383789,20.4495906829834,20.731767654418945,20.373533248901367,0.8147130608558655,2.6319401264190674,20.868101119995117,21.243213653564453,20.936351776123047,20.519874572753906,20.78180503845215,0.9108684659004211,20.654794692993164,0.9146966338157654,20.729299545288086,23.451568603515625,0.8229867219924927,20.585365295410156,0.3160926401615143,1.470162272453308,20.891592025756836,20.876842498779297,20.701818466186523,20.4641056060791,20.99825096130371,21.718955993652344,20.66396141052246,20.810768127441406,0.775702953338623,21.63953971862793,20.455299377441406,20.541316986083984,20.471153259277344,1.172603964805603,20.703861236572266,20.7076358795166,24.417011260986328,20.61615562438965,20.792680740356445,1.1829683780670166,23.069210052490234,20.732412338256836,20.79204750061035,20.765045166015625,20.866588592529297,20.075851440429688,20.406156539916992,21.184532165527344,23.96409034729004,20.934724807739258,19.917142868041992,20.805316925048828,20.668109893798828,1.1828522682189941,2.51558256149292,20.514719009399414
27.056049346923828,18.17670249938965,17.550010681152344,26.320636749267578,18.05531120300293,17.253314971923828,15.69416332244873,16.790403366088867,27.151443481445312,18.2197265625,18.977527618408203,16.636859893798828,27.13750457763672,0.4827973246574402,13.938621520996094,27.374670028686523,17.672639846801758,25.807918548583984,18.301015853881836,17.406654357910156,19.708280563354492,24.19476890563965,18.552392959594727,17.345256805419922,16.313579559326172,17.7791748046875,27.359010696411133,16.15775489807129,19.805784225463867,17.989971160888672,17.979829788208008,17.888019561767578,27.115692138671875,17.006099700927734,23.212099075317383,17.091812133789062,17.802507400512695,18.64196014404297,17.17156410217285,17.80731773376465,17.65952491760254,18.04924201965332,18.760337829589844,18.215974807739258,19.54642105102539,18.079389572143555,17.338794708251953,17.741540908813477,27.00404930114746,25.42434310913086,17.835962295532227,17.60559844970703,17.30654525756836,18.15740394592285,18.178712844848633,27.761579513549805,17.168115615844727,27.78192710876465,19.212547302246094,22.4940185546875,27.531442642211914,17.884578704833984,27.267169952392578,26.254648208618164,18.942758560180664,18.49276351928711,17.552671432495117,17.0196590423584,18.407033920288086,16.04161834716797,17.585630416870117,17.765859603881836,27.867843627929688,17.90706443786621,18.416149139404297,17.307743072509766,17.947996139526367,27.13348388671875,17.516845703125,17.699411392211914,24.585664749145508,18.582063674926758,17.084461212158203,28.037479400634766,18.021875381469727,16.60919761657715,17.536094665527344,17.84235191345215,17.392776489257812,17.5017147064209,18.04829978942871,17.662324905395508,18.754823684692383,17.784393310546875,17.986217498779297,17.285419464111328,16.794031143188477,26.301603317260742,29.201358795166016,17.96965980529785
20.976531982421875,4.934212684631348,3.794384002685547,19.57303810119629,4.397392272949219,3.9967894554138184,4.639906406402588,3.0629842281341553,20.70934295654297,4.5752034187316895,6.49907922744751,4.603091239929199,20.904380798339844,13.938621520996094,0.0,21.027584075927734,4.2552714347839355,18.79216957092285,4.749950885772705,3.73305082321167,5.909444808959961,11.812817573547363,4.727903366088867,3.7118570804595947,2.81421160697937,3.9036853313446045,21.058788299560547,2.95063853263855,7.520134449005127,4.355369567871094,4.678133964538574,3.9702742099761963,20.633752822875977,4.339946746826172,14.479693412780762,3.7330405712127686,4.2191948890686035,9.559812545776367,3.7274396419525146,4.140730857849121,4.013055801391602,4.160928249359131,5.292115688323975,5.264760971069336,6.9529852867126465,4.239521026611328,4.388836860656738,4.1225762367248535,20.593290328979492,18.460500717163086,4.628181457519531,4.399029731750488,3.668856382369995,4.654970645904541,5.012672424316406,21.316619873046875,3.7116143703460693,21.476818084716797,5.502369403839111,12.32805061340332,21.168474197387695,4.106359004974365,20.94803237915039,19.60853385925293,6.15726900100708,5.362706661224365,4.2950358390808105,3.3587758541107178,4.892913341522217,6.009489059448242,3.8032166957855225,4.044045925140381,21.504066467285156,7.222723484039307,4.672268867492676,5.1521806716918945,4.328732490539551,21.108346939086914,4.275750160217285,4.38315486907959,14.410080909729004,5.026111125946045,3.468341588973999,22.020580291748047,9.482975006103516,3.335491180419922,4.155699729919434,4.107560634613037,3.5940511226654053,4.010140419006348,4.635406494140625,5.015279293060303,12.219589233398438,4.018548011779785,4.160222053527832,4.488476276397705,3.4687960147857666,20.015113830566406,23.31537628173828,4.431318759918213
0.7240169048309326,21.205883026123047,20.6385498046875,1.6947318315505981,20.816696166992188,20.954883575439453,21.4375057220459,20.48366355895996,0.9658000469207764,20.986469268798828,21.434186935424805,21.315868377685547,0.7900867462158203,27.374670028686523,21.027584075927734,0.6885645389556885,20.764978408813477,2.4343459606170654,20.537527084350586,20.76751136779785,20.171058654785156,22.581268310546875,20.89472198486328,20.83760643005371,20.48710060119629,20.380043029785156,0.730270266532898,21.00056266784668,21.31534194946289,20.996761322021484,20.729040145874023,21.00013542175293,1.0710821151733398,20.389598846435547,24.4912052154541,20.777250289916992,21.51776695251465,23.15862464904785,20.953529357910156,20.4512882232666,20.743194580078125,20.7988338470459,21.17953872680664,20.9245662689209,20.94558334350586,20.523134231567383,20.86581802368164,20.42751693725586,0.9766250252723694,2.6856398582458496,20.902956008911133,21.27994728088379,21.025062561035156,20.582460403442383,20.893068313598633,1.089206576347351,20.751537322998047,1.040310025215149,20.80463409423828,23.400657653808594,0.8443827033042908,20.667551040649414,0.5247476696968079,1.673557996749878,20.94538116455078,20.985851287841797,20.801469802856445,20.5500431060791,21.076705932617188,21.78174591064453,20.75921630859375,20.889928817749023,0.8311963677406311,21.808385848999023,20.549156188964844,20.58975601196289,20.557458877563477,1.4354711771011353,20.76355743408203,20.780067443847656,24.481088638305664,20.68201446533203,20.870357513427734,1.184605360031128,23.095169067382812,20.803600311279297,20.897705078125,20.841049194335938,20.94272232055664,20.176856994628906,20.438318252563477,21.305435180664062,24.085412979125977,21.020061492919922,19.97943115234375,20.83921241760254,20.76263999938965,1.4820808172225952,2.424330949783325,20.59160041809082
20.78235626220703,2.1910624504089355,1.1485371589660645,19.25425910949707,1.1112474203109741,1.333892822265625,6.453776836395264,1.690635323524475,20.479692459106445,1.401553988456726,4.5190253257751465,6.226569652557373,20.689088821411133,17.672639846801758,4.2552714347839355,20.764978408813477,0.09519355744123459,18.426258087158203,0.7435944676399231,2.162721872329712,2.7369375228881836,10.830988883972168,1.780625581741333,0.9671676754951477,1.6760797500610352,2.580331563949585,20.794618606567383,1.8798317909240723,5.808236598968506,1.9292649030685425,1.0731333494186401,2.2097182273864746,20.378503799438477,2.7833001613616943,13.677331924438477,1.8375849723815918,1.88233482837677,10.182201385498047,3.060119390487671,1.5504878759384155,2.772505044937134,2.6147022247314453,2.221973419189453,2.8893518447875977,5.6138105392456055,2.1997692584991455,3.8236165046691895,1.9054733514785767,20.2766170501709,18.134557723999023,2.4625420570373535,2.5524957180023193,1.7015087604522705,1.056159496307373,3.3624255657196045,21.013038635253906,1.2790008783340454,21.213088989257812,4.122507095336914,12.419554710388184,20.87510108947754,1.3004798889160156,20.689449310302734,19.32392692565918,2.2018871307373047,3.6057519912719727,3.378556251525879,1.3445254564285278,2.2581706047058105,5.504805088043213,2.923567771911621,1.2612780332565308,21.190183639526367,8.486247062683105,2.817365884780884,4.178322792053223,1.5851116180419922,20.87153434753418,0.9640912413597107,0.4348917007446289,11.359116554260254,1.1584444046020508,0.9457522630691528,21.830101013183594,11.499113082885742,2.348531484603882,1.7966961860656738,0.9157199263572693,1.9645054340362549,1.8111478090286255,2.1192219257354736,2.8326096534729004,11.214559555053711,1.4848625659942627,2.6766703128814697,2.764474391937256,0.9799929857254028,19.913297653198242,23.026487350463867,0.7727763056755066
2.4430556297302246,18.834463119506836,18.302515029907227,0.8712426424026489,18.469905853271484,18.599407196044922,19.175216674804688,18.149049758911133,2.1789138317108154,18.6386775970459,19.106815338134766,19.07760238647461,2.3413333892822266,25.807918548583984,18.79216957092285,2.4343459606170654,18.426258087158203,0.0,18.196422576904297,18.462108612060547,17.83655548095703,20.46057891845703,18.536781311035156,18.50288200378418,18.181995391845703,18.04290008544922,2.4518837928771973,18.715579986572266,18.969697952270508,18.641889572143555,18.40131378173828,18.673036575317383,2.1977057456970215,18.14803123474121,22.794452667236328,18.468610763549805,19.18688201904297,20.914466857910156,18.608570098876953,18.095121383666992,18.398698806762695,18.480998992919922,18.804622650146484,18.58740234375,18.780086517333984,18.185354232788086,18.51434898376465,18.124113082885742,1.948298692703247,0.607117235660553,18.625011444091797,19.0067081451416,18.6868896484375,18.246294021606445,18.53162384033203,2.607956647872925,18.406307220458984,2.824507713317871,18.470399856567383,21.546066284179688,2.5240964889526367,18.317415237426758,2.2726352214813232,0.9827227592468262,18.618701934814453,18.623132705688477,18.470558166503906,18.221290588378906,18.72523307800293,19.61897087097168,18.425954818725586,18.54610824584961,2.742443561553955,19.59547996520996,18.188833236694336,18.365156173706055,18.202909469604492,2.7611136436462402,18.452224731445312,18.44521713256836,22.354867935180664,18.330333709716797,18.547855377197266,3.435077667236328,21.210430145263672,18.515413284301758,18.536592483520508,18.49757957458496,18.61915397644043,17.821195602416992,18.15378761291504,18.940637588500977,22.072021484375,18.67041778564453,17.66421127319336,18.586050033569336,18.43041229248047,1.8326973915100098,4.6682024002075195,18.242891311645508
20.578062057495117,2.36286997795105,1.2442188262939453,19.029226303100586,1.0522477626800537,1.8550965785980225,6.747086048126221,2.0427634716033936,20.25102424621582,1.3026385307312012,4.521238803863525,6.319450378417969,20.474809646606445,18.301015853881836,4.749950885772705,20.537527084350586,0.7435944676399231,18.196422576904297,0.11435376107692719,2.152438163757324,2.094952344894409,10.435174942016602,1.5350767374038696,1.2869033813476562,2.1260061264038086,2.498429298400879,20.572513580322266,2.350275754928589,5.784578800201416,1.9730231761932373,1.0835285186767578,2.088390827178955,20.14487075805664,2.830629587173462,13.434737205505371,2.0473549365997314,1.9444788694381714,10.4212646484375,3.2623908519744873,1.616310954093933,2.820629596710205,2.4157705307006836,2.176809787750244,2.9423375129699707,5.2419633865356445,2.029019594192505,4.022355079650879,1.7380107641220093,20.05924415588379,17.908979415893555,2.3359439373016357,2.4984283447265625,1.9418021440505981,0.8622831106185913,3.4291648864746094,20.784170150756836,1.714213490486145,20.9880428314209,3.840740442276001,12.121257781982422,20.648771286010742,1.2908360958099365,20.468807220458984,19.10636329650879,2.1198160648345947,3.626204490661621,3.4598934650421143,1.6590603590011597,2.188537836074829,5.804685592651367,2.9306178092956543,1.332817792892456,20.961997985839844,8.562480926513672,2.687858819961548,4.2004714012146,1.608722448348999,20.674352645874023,1.170785665512085,0.8614133596420288,11.323019027709961,0.8107692003250122,1.348314881324768,21.610584259033203,11.428943634033203,2.591620445251465,2.100161075592041,0.9436635971069336,2.0323755741119385,1.9910200834274292,1.8267308473587036,3.1768381595611572,11.527015686035156,1.5710945129394531,2.4315202236175537,2.782879590988159,1.649786114692688,19.705921173095703,22.802486419677734,0.8255933523178101
20.814002990722656,2.8504347801208496,1.2386770248413086,19.30622673034668,1.5499237775802612,2.6106977462768555,6.355183124542236,2.1241848468780518,20.48430824279785,1.5676805973052979,3.993140459060669,4.694997310638428,20.704633712768555,17.406654357910156,3.73305082321167,20.76751136779785,2.162721872329712,18.462108612060547,2.152438163757324,0.0696721076965332,3.183884859085083,10.662524223327637,2.164430856704712,1.3679225444793701,1.6262027025222778,1.8725404739379883,20.844438552856445,2.0046818256378174,5.504965305328369,1.8033421039581299,1.9032334089279175,1.4127143621444702,20.398056030273438,3.026289463043213,12.466407775878906,1.0350843667984009,1.1639093160629272,10.432331085205078,3.4023377895355225,1.877297043800354,1.9982033967971802,2.1709368228912354,3.5342884063720703,2.5947182178497314,5.335722923278809,1.2765625715255737,3.468679428100586,2.247145414352417,20.353269577026367,18.16649627685547,1.5178320407867432,1.5149345397949219,1.333598256111145,1.6699515581130981,3.046891927719116,21.032995223999023,1.9081162214279175,21.226533889770508,3.178459405899048,11.987951278686523,20.925926208496094,1.693821668624878,20.70993423461914,19.364667892456055,4.110272407531738,3.265207052230835,2.2735657691955566,1.2726539373397827,1.9190672636032104,6.66192626953125,2.725097894668579,1.3851457834243774,21.209510803222656,8.147578239440918,2.5353047847747803,4.970747470855713,1.762751817703247,20.977691650390625,2.126892566680908,2.1147263050079346,13.423620223999023,2.1130032539367676,1.6604831218719482,21.83102798461914,10.322077751159668,1.119724988937378,2.388702630996704,1.7474777698516846,0.7367333769798279,2.1207327842712402,1.9663856029510498,3.5378761291503906,13.094121932983398,1.694778561592102,1.351563572883606,2.116381883621216,2.192302942276001,19.898117065429688,23.075725555419922,1.87797212600708
20.268146514892578,3.697108268737793,2.6301043033599854,18.657577514648438,2.560717821121216,3.5485403537750244,6.960211753845215,3.1957573890686035,19.846019744873047,2.6662392616271973,5.633777618408203,6.506173133850098,20.133018493652344,19.708280563354492,5.909444808959961,20.171058654785156,2.7369375228881836,17.83655548095703,2.094952344894409,3.183884859085083,0.06517411768436432,8.627654075622559,1.994531273841858,2.956324577331543,3.742741823196411,2.7711691856384277,20.19900894165039,3.989377737045288,6.468632698059082,3.0901143550872803,2.996675968170166,2.4508330821990967,19.726213455200195,3.7965009212493896,13.687163352966309,3.6622986793518066,3.2245705127716064,10.603120803833008,3.6467607021331787,2.8121516704559326,3.5317652225494385,2.140953779220581,2.5956902503967285,4.360048294067383,4.2491350173950195,2.6097052097320557,4.84702205657959,2.107006311416626,19.720373153686523,17.55830192565918,3.4498517513275146,3.569704294204712,3.3385698795318604,2.6180005073547363,4.313457489013672,20.405963897705078,3.4152615070343018,20.616485595703125,3.311386823654175,10.687137603759766,20.267845153808594,2.4150993824005127,20.118274688720703,18.76011085510254,3.3083279132843018,4.4236626625061035,4.3684306144714355,3.197878837585449,3.2894444465637207,6.607849597930908,2.94281268119812,2.697206497192383,20.603515625,8.070018768310547,2.8788177967071533,4.212109088897705,2.8977932929992676,20.3732967376709,2.979226589202881,2.950676679611206,11.379414558410645,2.363579034805298,2.9230306148529053,21.243803024291992,10.65373420715332,4.0814738273620605,3.543527603149414,2.2972817420959473,3.0671234130859375,3.2991256713867188,2.4972686767578125,4.744751453399658,12.216621398925781,2.6772665977478027,2.60381817817688,4.061164379119873,3.5097765922546387,19.34259033203125,22.44721031188965,2.6365323066711426
