0.0,29.128875732421875,27.63245964050293,16.992849349975586,27.210773468017578,28.080739974975586,30.331777572631836,27.893177032470703,17.274993896484375,27.94774055480957,29.37441062927246,30.12240982055664,17.621667861938477,31.41220474243164,29.126567840576172,16.68050193786621,28.7662410736084,17.84244155883789,27.812124252319336,29.290246963500977,29.202789306640625,30.42392921447754,29.23482322692871,27.532135009765625,27.63880157470703,28.88955307006836,17.201753616333008,28.967687606811523,29.918590545654297,27.865232467651367,28.866958618164062,29.280210494995117,17.955678939819336,29.351896286010742,30.962800979614258,28.9910945892334,29.11236572265625,30.876018524169922,29.754383087158203,26.726831436157227,28.930110931396484,29.148815155029297,29.657302856445312,29.839500427246094,29.642545700073242,27.836469650268555,28.523847579956055,28.31656265258789,17.437480926513672,16.790597915649414,28.683759689331055,30.071678161621094,28.415292739868164,28.930885314941406,29.02593994140625,16.766874313354492,28.387712478637695,16.919031143188477,29.76487159729004,30.479875564575195,16.9603214263916,27.75002670288086,17.492612838745117,17.106550216674805,30.343585968017578,29.40576934814453,29.949087142944336,27.487001419067383,29.24797248840332,30.817920684814453,29.35097885131836,28.238271713256836,17.362525939941406,30.435222625732422,28.45322608947754,29.4920711517334,28.572669982910156,16.390012741088867,29.160594940185547,28.559574127197266,31.061710357666016,28.559900283813477,28.816837310791016,17.77593421936035,30.752185821533203,29.488401412963867,27.45506477355957,28.805830001831055,27.99907875061035,28.04669952392578,29.393827438354492,29.320571899414062,30.825300216674805,27.594762802124023,29.223129272460938,30.091026306152344,28.781856536865234,18.522193908691406,17.31800079345703,28.702407836914062
29.128875732421875,0.3819745182991028,21.601293563842773,28.135740280151367,21.047903060913086,22.214824676513672,25.44290542602539,22.659469604492188,28.777366638183594,21.87405014038086,24.02891731262207,24.770280838012695,29.53218650817871,26.422422409057617,23.798786163330078,28.987573623657227,23.0716609954834,28.034610748291016,22.201555252075195,23.908138275146484,24.523380279541016,25.62254524230957,23.569835662841797,21.46404457092285,22.430896759033203,23.878456115722656,29.46478271484375,22.931503295898438,24.466873168945312,21.47309684753418,23.295034408569336,23.704837799072266,29.363243103027344,24.607494354248047,26.179061889648438,23.331594467163086,22.867507934570312,25.237476348876953,24.505369186401367,20.69815444946289,23.489675521850586,23.71062660217285,23.95009422302246,24.30173683166504,24.929901123046875,22.17477035522461,23.112796783447266,22.88691520690918,29.217191696166992,26.90361976623535,23.001514434814453,24.43483543395996,22.09375762939453,23.687421798706055,23.37783432006836,29.387226104736328,22.8606014251709,29.477140426635742,24.433979034423828,25.958906173706055,29.173114776611328,21.85417938232422,29.23338508605957,27.993480682373047,25.0157470703125,23.993032455444336,25.077425003051758,21.765857696533203,22.912256240844727,25.508758544921875,23.676897048950195,22.460004806518555,29.699539184570312,25.638824462890625,22.725793838500977,24.98421287536621,23.118112564086914,28.9792537689209,23.83708381652832,22.588699340820312,25.700529098510742,23.20177459716797,23.510873794555664,30.351734161376953,25.760032653808594,24.257583618164062,21.008085250854492,23.021760940551758,22.17533302307129,22.85897445678711,24.464832305908203,23.813220977783203,25.81377410888672,20.86784553527832,24.32439613342285,25.061012268066406,23.244203567504883,29.570087432861328,31.176067352294922,23.072145462036133
27.63245964050293,21.601293563842773,0.15541771054267883,26.615550994873047,19.415109634399414,20.634336471557617,23.905166625976562,20.906307220458984,27.39238929748535,20.058015823364258,22.215259552001953,23.537134170532227,28.00446891784668,25.138246536254883,21.972457885742188,27.49964141845703,21.458534240722656,26.671478271484375,20.745445251464844,22.16509437561035,23.16791534423828,24.263687133789062,21.993289947509766,20.075759887695312,20.742706298828125,22.426401138305664,28.05614471435547,21.70918846130371,23.553667068481445,20.052297592163086,21.43918800354004,21.971534729003906,27.894515991210938,23.045303344726562,25.05153465270996,22.031198501586914,21.13385009765625,24.868576049804688,22.94878578186035,19.297767639160156,22.193260192871094,22.53489875793457,22.438934326171875,23.14687156677246,23.324155807495117,20.80168914794922,21.24077033996582,21.578882217407227,27.820301055908203,25.591045379638672,21.346040725708008,23.1036319732666,20.802753448486328,22.306793212890625,22.44948959350586,28.000564575195312,21.348735809326172,27.948312759399414,23.47365379333496,24.254074096679688,27.556621551513672,20.089275360107422,27.69710922241211,26.603084564208984,23.6436767578125,22.346294403076172,23.624910354614258,20.10012435913086,21.961545944213867,23.951515197753906,22.50632095336914,20.88135528564453,28.387521743774414,24.228607177734375,21.470420837402344,23.335418701171875,21.59800148010254,27.90868377685547,22.109649658203125,21.51229476928711,24.480688095092773,21.815088272094727,21.986759185791016,29.01062774658203,24.28502655029297,22.635862350463867,19.824596405029297,21.54652214050293,20.769437789916992,21.381696701049805,23.34095001220703,22.277494430541992,24.78080940246582,19.59394645690918,23.040456771850586,23.43019676208496,21.829748153686523,28.280595779418945,29.675479888916016,21.882240295410156
16.992849349975586,28.135740280151367,26.615550994873047,0.20529192686080933,26.10538101196289,27.136558532714844,29.405820846557617,26.941911697387695,16.630123138427734,26.735061645507812,28.50769805908203,28.990840911865234,17.7148380279541,30.700607299804688,28.184219360351562,16.789501190185547,27.63355255126953,18.38922882080078,26.787189483642578,28.242103576660156,28.357948303222656,29.324066162109375,28.064027786254883,26.39564323425293,26.723905563354492,28.024599075317383,17.074886322021484,28.04027557373047,28.86297607421875,26.808931350708008,27.648418426513672,28.096450805664062,17.54652214050293,28.35001564025879,30.14043617248535,28.036958694458008,27.88217544555664,29.9616641998291,28.856836318969727,25.42169189453125,27.93338394165039,28.290990829467773,28.490751266479492,28.7996883392334,28.837913513183594,26.81285858154297,27.535083770751953,27.142114639282227,17.854358673095703,16.386980056762695,27.689895629882812,29.181339263916016,27.337295532226562,28.119871139526367,27.83296775817871,17.010501861572266,27.490428924560547,17.282583236694336,28.88084602355957,29.312271118164062,16.30353355407715,26.498065948486328,17.317094802856445,16.519548416137695,29.259765625,28.525243759155273,28.865581512451172,26.47437286376953,28.22220230102539,29.51374053955078,28.38972282409668,27.268369674682617,17.586822509765625,29.609241485595703,27.337623596191406,28.75001335144043,27.578805923461914,16.961658477783203,28.07609748840332,27.53861427307129,30.034759521484375,27.62873649597168,27.924448013305664,18.364137649536133,29.799251556396484,28.17835235595703,26.256376266479492,27.538949966430664,27.04212188720703,27.11157989501953,28.649080276489258,28.439849853515625,29.95256805419922,26.513214111328125,28.158971786499023,29.37535858154297,27.757999420166016,18.808055877685547,18.542634963989258,27.584495544433594
27.210773468017578,21.047903060913086,19.415109634399414,26.10538101196289,0.0,19.661317825317383,23.545141220092773,20.1872615814209,26.71523094177246,19.25234603881836,21.399070739746094,22.834569931030273,27.59054946899414,24.587251663208008,21.329021453857422,27.035478591918945,20.551799774169922,26.060544967651367,19.60898780822754,21.523059844970703,22.24363136291504,23.554798126220703,21.244274139404297,18.794296264648438,19.597990036010742,21.765798568725586,27.533910751342773,21.04224967956543,22.59299659729004,19.204391479492188,20.994409561157227,21.194528579711914,27.281452178955078,22.595905303955078,24.052488327026367,21.269149780273438,20.606258392333984,23.688695907592773,22.026676177978516,17.884380340576172,21.115699768066406,21.447998046875,21.655458450317383,22.423274993896484,22.464214324951172,19.81766128540039,20.72107696533203,20.482282638549805,27.19167709350586,24.9442195892334,20.45158576965332,22.249053955078125,19.958253860473633,21.428165435791016,21.347578048706055,27.5114688873291,20.178285598754883,27.592161178588867,22.35545539855957,23.778961181640625,27.19679069519043,19.50443458557129,27.35771942138672,25.974315643310547,22.976247787475586,21.64944076538086,22.806808471679688,19.26815414428711,21.216867446899414,23.351808547973633,21.776147842407227,20.00537872314453,27.930845260620117,23.850337982177734,20.70964813232422,22.44560432434082,21.126811981201172,27.330036163330078,21.39505958557129,20.734037399291992,23.76234245300293,20.744033813476562,21.13295555114746,28.634916305541992,23.75731658935547,21.996580123901367,18.467700958251953,20.65196418762207,19.82035255432129,20.787019729614258,22.37769317626953,21.516733169555664,23.91487693786621,18.860877990722656,22.560710906982422,22.974403381347656,20.93476104736328,27.57949447631836,29.26317024230957,21.18358039855957
28.080739974975586,22.214824676513672,20.634336471557617,27.136558532714844,19.661317825317383,0.3900581896305084,24.222537994384766,21.45142936706543,27.823287963867188,20.53981590270996,22.621660232543945,23.95171356201172,28.407560348510742,25.319534301757812,22.544492721557617,28.04107093811035,21.578115463256836,27.050479888916016,21.014549255371094,22.653789520263672,23.559688568115234,24.865915298461914,22.521286010742188,19.989002227783203,20.961681365966797,22.9984073638916,28.513797760009766,22.058807373046875,24.037120819091797,20.722867965698242,21.900606155395508,22.523632049560547,28.340776443481445,23.37479019165039,25.246713638305664,22.29248809814453,21.789426803588867,24.653648376464844,23.40365982055664,19.474632263183594,22.51702117919922,22.6641788482666,22.687292098999023,23.671571731567383,23.979455947875977,21.18868637084961,21.8516902923584,21.92974853515625,28.298450469970703,26.118459701538086,22.055095672607422,23.544240951538086,21.321115493774414,23.017194747924805,22.355104446411133,28.454391479492188,21.719472885131836,28.39375877380371,23.70775604248047,24.87242317199707,28.093690872192383,20.681198120117188,28.324867248535156,26.96562385559082,24.360679626464844,22.874887466430664,23.97879409790039,20.757991790771484,22.573570251464844,24.19631004333496,22.81304359436035,21.496959686279297,28.837081909179688,24.586471557617188,21.678823471069336,23.367944717407227,22.078777313232422,28.17145347595215,22.815227508544922,22.049402236938477,24.67698860168457,22.136491775512695,22.28952407836914,29.688724517822266,25.109004974365234,23.140182495117188,20.14413833618164,21.386533737182617,20.947553634643555,21.676559448242188,23.582290649414062,22.521728515625,24.966873168945312,20.071590423583984,23.610408782958984,24.435869216918945,22.116350173950195,28.65945816040039,30.34247589111328,22.214941024780273
30.331777572631836,25.44290542602539,23.905166625976562,29.405820846557617,23.545141220092773,24.222537994384766,0.0,24.20787239074707,30.10088539123535,24.344444274902344,26.122882843017578,26.284320831298828,30.552093505859375,27.883750915527344,25.432222366333008,30.24778175354004,25.34922981262207,29.65254020690918,24.293292999267578,25.979928970336914,26.25710678100586,27.224245071411133,25.407438278198242,23.508621215820312,24.352237701416016,25.32168197631836,30.612916946411133,25.208723068237305,26.685659408569336,23.79958152770996,25.336036682128906,25.339683532714844,30.591800689697266,26.40165138244629,28.301647186279297,25.36532211303711,25.031288146972656,27.243810653686523,25.998371124267578,22.77710723876953,25.604663848876953,25.37535858154297,26.016477584838867,26.006107330322266,26.74604606628418,24.393054962158203,24.385250091552734,25.044458389282227,30.584421157836914,28.552940368652344,24.912118911743164,26.26542091369629,24.537147521972656,25.676742553710938,25.31671905517578,30.59193229675293,24.671085357666016,30.833099365234375,26.295595169067383,27.358470916748047,30.43499183654785,24.03037452697754,30.599803924560547,29.208585739135742,27.013471603393555,25.88814353942871,26.66350555419922,23.85847282409668,25.41212272644043,27.2335147857666,25.878698348999023,24.649211883544922,30.913902282714844,27.00469398498535,25.177873611450195,26.781579971313477,25.073137283325195,30.43487548828125,25.62425994873047,25.06985092163086,27.547813415527344,25.215042114257812,25.64701271057129,31.618793487548828,27.43985939025879,25.941802978515625,23.240867614746094,24.817378997802734,23.97083854675293,24.892784118652344,26.439130783081055,25.85334587097168,27.615938186645508,23.460941314697266,26.471702575683594,27.203989028930664,25.338783264160156,30.92055892944336,32.419677734375,25.33091926574707
27.893177032470703,22.659469604492188,20.906307220458984,26.941911697387695,20.1872615814209,21.45142936706543,24.20787239074707,0.27833229303359985,27.639053344726562,21.055988311767578,22.989229202270508,23.870901107788086,28.474775314331055,25.522981643676758,22.690279006958008,28.004690170288086,22.542509078979492,27.045259475708008,21.640153884887695,22.903783798217773,23.50495719909668,24.825714111328125,22.61380386352539,20.174455642700195,21.140254974365234,23.385215759277344,28.345855712890625,22.573835372924805,23.878480911254883,20.88802146911621,22.549001693725586,22.82477378845215,28.118215560913086,23.875581741333008,25.507654190063477,22.891185760498047,22.272537231445312,25.08037567138672,23.347774505615234,19.88189697265625,22.63574981689453,22.819477081298828,23.290077209472656,23.93501853942871,23.68213653564453,21.27618408203125,21.795364379882812,22.1837100982666,28.128662109375,25.979806900024414,22.109905242919922,23.7297306060791,21.562618255615234,23.033044815063477,22.670936584472656,28.37238121032715,21.823984146118164,28.487865447998047,24.040063858032227,24.88176918029785,27.995059967041016,20.968246459960938,28.163768768310547,26.945648193359375,24.073911666870117,23.217716217041016,24.026424407958984,20.97704315185547,22.975568771362305,24.736553192138672,23.147296905517578,21.678539276123047,28.789731979370117,24.723039627075195,21.972640991210938,23.851905822753906,22.507244110107422,28.233287811279297,22.750720977783203,22.370569229125977,25.061630249023438,22.32968521118164,22.717906951904297,29.246681213378906,25.00092887878418,23.07013702392578,20.333345413208008,22.063745498657227,21.254249572753906,22.314361572265625,23.65802574157715,22.896072387695312,24.849523544311523,20.15602684020996,23.714643478393555,24.121366500854492,22.343822479248047,28.58603286743164,30.157350540161133,22.55008316040039
17.274993896484375,28.777366638183594,27.39238929748535,16.630123138427734,26.71523094177246,27.823287963867188,30.10088539123535,27.639053344726562,0.7142137885093689,27.593502044677734,29.14454460144043,29.738847732543945,17.636924743652344,31.329084396362305,28.741966247558594,16.221399307250977,28.279996871948242,17.779767990112305,27.438095092773438,28.9462833404541,28.992435455322266,29.840312957763672,28.71351432800293,27.14199447631836,27.45974349975586,28.762165069580078,17.26351547241211,28.713993072509766,29.549991607666016,27.431995391845703,28.433460235595703,29.090801239013672,17.616968154907227,29.24970817565918,30.602020263671875,28.68647003173828,28.735857009887695,30.640289306640625,29.48687171936035,26.43640899658203,28.713430404663086,28.84208869934082,29.27688217163086,29.477697372436523,29.39341926574707,27.550451278686523,28.202592849731445,27.9670352935791,17.348430633544922,16.709320068359375,28.299684524536133,29.82806396484375,28.16165542602539,28.752513885498047,28.567811965942383,17.466419219970703,28.13418960571289,16.777990341186523,29.354747772216797,30.028289794921875,16.00142478942871,27.296428680419922,16.540372848510742,16.432533264160156,30.000959396362305,29.16958999633789,29.99945640563965,27.20758819580078,28.95562744140625,30.322296142578125,28.96944808959961,27.92917251586914,17.633974075317383,30.136436462402344,27.947437286376953,29.25697135925293,28.414915084838867,16.921091079711914,28.89574432373047,28.304636001586914,30.829090118408203,28.629058837890625,28.768680572509766,17.806394577026367,30.267271041870117,28.9829044342041,27.072935104370117,28.200565338134766,27.78315544128418,27.870695114135742,29.464975357055664,29.108882904052734,30.560836791992188,27.3116455078125,29.012483596801758,30.00908851623535,28.61467170715332,18.695556640625,17.543418884277344,28.610509872436523
27.94774055480957,21.87405014038086,20.058015823364258,26.735061645507812,19.25234603881836,20.53981590270996,24.344444274902344,21.055988311767578,27.593502044677734,0.0,22.152721405029297,23.53797149658203,28.17173194885254,25.116426467895508,22.390316009521484,27.796072006225586,21.321849822998047,26.819503784179688,20.584909439086914,22.286006927490234,23.099119186401367,24.196136474609375,21.934850692749023,19.815954208374023,20.559118270874023,22.45994758605957,27.95932388305664,21.674545288085938,23.446556091308594,19.857641220092773,21.61105728149414,22.442596435546875,27.9528751373291,22.975759506225586,24.63400650024414,21.863483428955078,21.02145767211914,24.313589096069336,23.01246452331543,19.098358154296875,21.94382667541504,22.16079330444336,22.358440399169922,22.912960052490234,23.06867218017578,20.830732345581055,21.439706802368164,21.485309600830078,27.961658477783203,25.667116165161133,21.455137252807617,23.090877532958984,20.77898406982422,22.477800369262695,21.651479721069336,28.30010414123535,21.016233444213867,28.172422409057617,23.24912452697754,24.331546783447266,27.88190269470215,20.144451141357422,27.910858154296875,26.554317474365234,23.844825744628906,22.238779067993164,23.60873794555664,20.01275062561035,21.772031784057617,24.21131134033203,22.331933975219727,20.70436668395996,28.48549461364746,24.168272018432617,21.55525016784668,23.08339500427246,21.54233741760254,27.976285934448242,22.026077270507812,21.418750762939453,24.35089683532715,21.727161407470703,21.914419174194336,29.333023071289062,24.519018173217773,22.29064178466797,19.518749237060547,20.88450813293457,20.503263473510742,21.496862411499023,23.115062713623047,22.231714248657227,24.662899017333984,19.607656478881836,23.127456665039062,23.555936813354492,21.87746238708496,28.497159957885742,29.888734817504883,21.81241798400879
29.37441062927246,24.02891731262207,22.215259552001953,28.50769805908203,21.399070739746094,22.621660232543945,26.122882843017578,22.989229202270508,29.14454460144043,22.152721405029297,0.0,25.108722686767578,29.772916793823242,26.884050369262695,24.519880294799805,29.518583297729492,23.678789138793945,28.417537689208984,22.59343719482422,24.4871826171875,25.026626586914062,26.08005142211914,24.078439712524414,22.020301818847656,22.815298080444336,24.355792999267578,29.828983306884766,24.0748233795166,24.90707015991211,22.422456741333008,24.0059871673584,24.332914352416992,29.74949073791504,25.290361404418945,26.0444278717041,23.872459411621094,23.312881469726562,26.362550735473633,24.996919631958008,21.46628761291504,23.98891258239746,24.40734100341797,24.561450958251953,25.147165298461914,25.68813705444336,22.914382934570312,23.02294158935547,23.580732345581055,29.555622100830078,27.572908401489258,23.503162384033203,24.9572696685791,22.984214782714844,24.17125701904297,24.009307861328125,29.92379379272461,23.20577049255371,29.751081466674805,25.271818161010742,26.468305587768555,29.442861557006836,22.60234832763672,29.861961364746094,28.369461059570312,25.86405372619629,24.4760799407959,25.26570701599121,22.21796417236328,23.9340877532959,26.00272560119629,24.653467178344727,22.93448829650879,29.994033813476562,26.27385711669922,23.23448944091797,25.28338623046875,23.76496696472168,29.598934173583984,24.037761688232422,23.653675079345703,26.377243041992188,23.70338249206543,23.925485610961914,30.712112426757812,26.536558151245117,24.649765014648438,21.863754272460938,23.485280990600586,22.554597854614258,23.278650283813477,25.323925018310547,24.471345901489258,26.375513076782227,21.786754608154297,24.814250946044922,25.716632843017578,23.94597816467285,30.042747497558594,31.604543685913086,23.93379783630371
30.12240982055664,24.770280838012695,23.537134170532227,28.990840911865234,22.834569931030273,23.95171356201172,26.284320831298828,23.870901107788086,29.738847732543945,23.53797149658203,25.108722686767578,0.0,29.957250595092773,27.35702133178711,24.997041702270508,30.123746871948242,24.712303161621094,29.09840202331543,23.736289978027344,24.9716854095459,25.792478561401367,26.82451057434082,24.813661575317383,23.150543212890625,23.666675567626953,25.033130645751953,30.25838279724121,24.801454544067383,26.163705825805664,23.40793800354004,24.846481323242188,24.698793411254883,30.347862243652344,25.886686325073242,27.41850471496582,25.1938419342041,24.28329849243164,26.869382858276367,25.849637985229492,22.548795700073242,24.692420959472656,25.23674201965332,25.513172149658203,25.516944885253906,26.13401985168457,23.845569610595703,24.000736236572266,24.413230895996094,30.291105270385742,28.11686134338379,24.56456184387207,26.555452346801758,23.919057846069336,25.01090431213379,24.961244583129883,30.30856704711914,24.087757110595703,30.37824249267578,25.505346298217773,26.80101776123047,30.086938858032227,23.353769302368164,30.046316146850586,29.02275848388672,26.637508392333984,25.668806076049805,26.096033096313477,23.47705841064453,24.41425323486328,26.676025390625,25.2795352935791,24.061525344848633,30.661975860595703,26.801067352294922,24.41514015197754,26.331222534179688,24.50145149230957,30.211688995361328,24.90862274169922,24.413127899169922,27.477943420410156,24.687498092651367,24.76010513305664,31.1923828125,26.72420883178711,25.102523803710938,22.807104110717773,24.450084686279297,23.452980041503906,24.564897537231445,25.82705307006836,25.33395767211914,27.147756576538086,23.017419815063477,25.81989288330078,26.640838623046875,24.805160522460938,30.305578231811523,32.00027847290039,24.928821563720703
17.621667861938477,29.53218650817871,28.00446891784668,17.7148380279541,27.59054946899414,28.407560348510742,30.552093505859375,28.474775314331055,17.636924743652344,28.17173194885254,29.772916793823242,29.957250595092773,0.27315834164619446,31.808856964111328,29.445880889892578,17.710844039916992,28.907968521118164,19.01750946044922,28.08561134338379,29.54783821105957,29.602205276489258,30.760347366333008,29.351659774780273,27.792707443237305,28.012170791625977,29.459346771240234,17.959003448486328,29.110322952270508,30.282934188842773,28.251916885375977,29.109149932861328,29.468664169311523,18.191320419311523,29.7528076171875,31.206298828125,29.421113967895508,29.152427673339844,31.089826583862305,30.055646896362305,26.940101623535156,29.35792350769043,29.539979934692383,29.815149307250977,30.02342414855957,30.079166412353516,28.136980056762695,28.849706649780273,28.52166748046875,18.2025089263916,16.888254165649414,28.821273803710938,30.417692184448242,28.783660888671875,29.01943016052246,29.132259368896484,17.250093460083008,28.67586898803711,18.27416229248047,29.86759376525879,30.782629013061523,17.13228988647461,28.0301570892334,17.08842658996582,17.130733489990234,30.474876403808594,29.730167388916016,30.502483367919922,27.93816566467285,29.409927368164062,30.8687801361084,29.456758499145508,28.627517700195312,18.227336883544922,30.61693572998047,28.61114501953125,29.789613723754883,29.075624465942383,17.5299129486084,29.395910263061523,29.01820182800293,31.338003158569336,28.781600952148438,29.253707885742188,18.70892906188965,31.041528701782227,29.61679458618164,27.508502960205078,28.9356746673584,28.43897819519043,28.592445373535156,29.91281509399414,29.975109100341797,31.199321746826172,27.938243865966797,29.34939193725586,30.282684326171875,29.090599060058594,19.703031539916992,18.242578506469727,29.07676887512207
31.41220474243164,26.422422409057617,25.138246536254883,30.700607299804688,24.587251663208008,25.319534301757812,27.883750915527344,25.522981643676758,31.329084396362305,25.116426467895508,26.884050369262695,27.35702133178711,31.808856964111328,0.267628014087677,25.971282958984375,31.56549644470215,26.080524444580078,30.68548583984375,25.540021896362305,26.6215877532959,27.45629119873047,28.440876007080078,26.616430282592773,24.85712432861328,24.876047134399414,27.011411666870117,31.773902893066406,25.84318733215332,27.708948135375977,25.203556060791016,26.510732650756836,26.715429306030273,31.78499984741211,27.370027542114258,28.841815948486328,26.52376937866211,26.03154945373535,28.034976959228516,27.255617141723633,24.17268943786621,26.57186508178711,26.864112854003906,26.96929359436035,27.37421989440918,27.862079620361328,25.58194923400879,25.91020965576172,26.060562133789062,31.60538101196289,29.73456573486328,26.150041580200195,27.47251319885254,25.570518493652344,26.76081657409668,26.48304557800293,31.891435623168945,25.91078758239746,32.003990173339844,27.70790672302246,28.360780715942383,31.537460327148438,25.247312545776367,31.781885147094727,30.59972381591797,28.006507873535156,27.028749465942383,27.83820343017578,24.857946395874023,26.60209083557129,28.18775177001953,26.836811065673828,25.574058532714844,32.290409088134766,28.090234756469727,26.11127471923828,27.54147720336914,26.388484954833984,31.41867446899414,26.651958465576172,26.267837524414062,28.69170379638672,26.40203285217285,26.297706604003906,32.69953918457031,28.289749145507812,26.797527313232422,24.43732452392578,25.878862380981445,25.09934425354004,26.029632568359375,27.49135398864746,26.79253578186035,28.46613121032715,24.628677368164062,27.324453353881836,27.73957633972168,26.216989517211914,31.975046157836914,33.39527130126953,26.431106567382812
29.126567840576172,23.798786163330078,21.972457885742188,28.184219360351562,21.329021453857422,22.544492721557617,25.432222366333008,22.690279006958008,28.741966247558594,22.390316009521484,24.519880294799805,24.997041702270508,29.445880889892578,25.971282958984375,0.43805769085884094,28.920873641967773,23.16050148010254,27.97124481201172,22.497600555419922,24.276281356811523,24.89651107788086,25.850290298461914,23.95337677001953,21.693470001220703,22.39613914489746,24.12152099609375,29.329519271850586,23.318517684936523,25.283456802368164,21.959434509277344,23.545021057128906,23.74344253540039,29.28018569946289,24.675127029418945,26.31084632873535,23.843122482299805,23.1294002532959,25.806251525878906,24.510377883911133,21.1826229095459,23.809003829956055,24.23084831237793,24.423370361328125,24.71881866455078,24.99118995666504,22.6386775970459,23.185867309570312,23.283466339111328,29.28896141052246,27.2087345123291,23.20592498779297,24.779125213623047,22.755992889404297,24.153520584106445,24.033599853515625,29.515621185302734,22.68417739868164,29.301977157592773,24.76730728149414,25.89205551147461,29.231534957885742,22.074705123901367,29.234540939331055,28.12160301208496,25.474998474121094,24.382631301879883,25.178831100463867,22.33516502380371,23.9834041595459,25.736024856567383,24.09535789489746,22.76356315612793,29.7683048248291,25.756935119628906,23.11992073059082,24.88217544555664,23.735864639282227,29.129453659057617,24.067747116088867,23.314041137695312,26.217044830322266,23.423480987548828,23.433940887451172,30.39322853088379,25.66739845275879,23.943639755249023,21.608633041381836,23.257831573486328,22.45977020263672,23.3072509765625,24.89847183227539,24.18100357055664,25.99785041809082,21.73097801208496,24.743362426757812,25.339126586914062,23.446765899658203,29.396923065185547,31.217552185058594,23.955440521240234
16.68050193786621,28.987573623657227,27.49964141845703,16.789501190185547,27.035478591918945,28.04107093811035,30.24778175354004,28.004690170288086,16.221399307250977,27.796072006225586,29.518583297729492,30.123746871948242,17.710844039916992,31.56549644470215,28.920873641967773,0.7852048277854919,28.50356101989746,17.71694564819336,27.5989990234375,29.172693252563477,29.091365814208984,30.254369735717773,29.10982322692871,27.431766510009766,27.54788589477539,28.938552856445312,17.131805419921875,28.71944808959961,29.657987594604492,27.55222511291504,28.665771484375,29.15802574157715,18.16026496887207,29.256874084472656,30.786840438842773,28.831777572631836,28.904624938964844,30.84984016418457,29.73073959350586,26.536304473876953,28.886899948120117,29.126880645751953,29.468576431274414,29.514816284179688,29.53877067565918,27.541139602661133,28.58064842224121,28.001468658447266,17.780954360961914,16.626253128051758,28.584497451782227,29.972213745117188,28.128162384033203,29.05671501159668,28.906938552856445,16.668397903442383,28.116596221923828,16.813085556030273,29.533321380615234,30.256805419921875,16.569988250732422,27.355655670166016,16.104211807250977,16.406959533691406,29.93210792541504,29.277978897094727,30.01499366760254,27.481264114379883,28.867332458496094,30.47000503540039,29.16337776184082,28.158079147338867,17.37904167175293,30.44388771057129,28.186012268066406,29.577600479125977,28.655363082885742,16.78538703918457,29.04150390625,28.47987174987793,31.0490779876709,28.618328094482422,28.842294692993164,17.24635887145996,30.412797927856445,29.117923736572266,27.188541412353516,28.497081756591797,27.868392944335938,28.079545974731445,29.5107364654541,29.33935546875,30.83373260498047,27.441753387451172,29.2463436126709,30.138940811157227,28.72800064086914,18.7081298828125,17.37677001953125,28.60296630859375
28.7662410736084,23.0716609954834,21.458534240722656,27.63355255126953,20.551799774169922,21.578115463256836,25.34922981262207,22.542509078979492,28.279996871948242,21.321849822998047,23.678789138793945,24.712303161621094,28.907968521118164,26.080524444580078,23.16050148010254,28.50356101989746,0.16873915493488312,27.3759765625,21.74228858947754,23.49848747253418,24.028945922851562,25.364662170410156,23.161365509033203,20.994075775146484,21.815767288208008,23.632810592651367,28.84848976135254,22.43600082397461,24.72681427001953,21.23244285583496,22.62476921081543,23.36832618713379,28.708181381225586,24.083932876586914,25.910633087158203,23.379295349121094,22.118318557739258,25.51654624938965,24.43910026550293,20.331371307373047,22.952150344848633,23.480018615722656,23.834104537963867,24.246112823486328,24.376819610595703,22.01491928100586,22.676513671875,22.30008888244629,28.785045623779297,26.698265075683594,22.796489715576172,24.34801483154297,22.020389556884766,23.372833251953125,23.072248458862305,28.892868041992188,22.664581298828125,28.996063232421875,24.218202590942383,25.45354461669922,28.690731048583984,21.40665626525879,28.841552734375,27.462533950805664,24.842853546142578,23.79267692565918,24.850839614868164,21.323057174682617,23.10145378112793,24.813190460205078,23.625648498535156,22.10440444946289,29.228981018066406,25.25889778137207,22.212324142456055,24.340484619140625,22.872255325317383,28.79025650024414,23.22801971435547,22.629411697387695,25.403104782104492,22.91681480407715,22.61912727355957,29.782224655151367,25.459579467773438,23.626794815063477,20.76863670349121,22.7445068359375,21.957691192626953,22.71937370300293,24.08673858642578,23.03984260559082,25.506729125976562,21.107154846191406,24.186525344848633,24.95880699157715,23.09708595275879,29.141279220581055,30.647823333740234,23.226093292236328
17.84244155883789,28.034610748291016,26.671478271484375,18.38922882080078,26.060544967651367,27.050479888916016,29.65254020690918,27.045259475708008,17.779767990112305,26.819503784179688,28.417537689208984,29.09840202331543,19.01750946044922,30.68548583984375,27.97124481201172,17.71694564819336,27.3759765625,0.0,26.811264038085938,28.372718811035156,28.18326759338379,29.268888473510742,28.147706985473633,26.40631103515625,26.557859420776367,27.915390014648438,18.853036880493164,27.714006423950195,28.805908203125,26.563495635986328,27.606168746948242,28.153589248657227,18.6849308013916,28.27437973022461,29.96952247619629,27.956804275512695,28.09259033203125,29.805370330810547,28.56521224975586,25.53707504272461,27.901357650756836,28.208444595336914,28.50577735900879,28.786209106445312,28.340160369873047,26.5468807220459,27.375829696655273,27.382728576660156,18.50887680053711,17.445106506347656,27.384883880615234,29.035322189331055,27.203022003173828,27.94160270690918,27.995473861694336,18.315753936767578,27.233627319335938,17.662023544311523,28.75826072692871,29.658864974975586,18.083768844604492,26.58111000061035,18.595165252685547,17.120712280273438,29.223100662231445,28.201976776123047,29.108585357666016,26.3919677734375,28.212228775024414,29.724342346191406,28.274030685424805,27.1728515625,17.87085723876953,29.43081283569336,27.00182342529297,28.56694984436035,27.513696670532227,17.77733612060547,28.055015563964844,27.51460838317871,29.911603927612305,27.687728881835938,27.879322052001953,18.77686309814453,29.61476707458496,28.319135665893555,26.187519073486328,27.523365020751953,27.058345794677734,27.01002311706543,28.4895076751709,28.509559631347656,29.93475341796875,26.333110809326172,28.430761337280273,29.290102005004883,27.887676239013672,19.56188201904297,19.0449275970459,27.707813262939453
27.812124252319336,22.201555252075195,20.745445251464844,26.787189483642578,19.60898780822754,21.014549255371094,24.293292999267578,21.640153884887695,27.438095092773438,20.584909439086914,22.59343719482422,23.736289978027344,28.08561134338379,25.540021896362305,22.497600555419922,27.5989990234375,21.74228858947754,26.811264038085938,0.3896276354789734,22.336421966552734,23.419755935668945,24.212886810302734,22.32308006286621,20.25393295288086,20.70537567138672,22.837589263916016,27.99201202392578,21.99541664123535,23.73729705810547,20.461978912353516,22.278871536254883,22.317535400390625,28.004005432128906,23.467636108398438,24.842288970947266,22.258466720581055,21.60504913330078,24.965620040893555,23.147321701049805,19.401708602905273,22.37998390197754,22.525436401367188,22.890050888061523,23.402729034423828,23.700603485107422,20.83074951171875,21.9522762298584,21.658781051635742,27.887304306030273,25.706741333007812,21.717178344726562,23.41074562072754,21.32908058166504,22.218984603881836,22.369491577148438,28.059497833251953,21.534074783325195,28.19199562072754,23.367984771728516,24.605667114257812,27.869659423828125,20.643177032470703,27.957714080810547,26.765905380249023,23.931455612182617,22.722225189208984,23.74323081970215,20.585411071777344,22.27787208557129,24.159116744995117,22.725543975830078,21.08021354675293,28.498218536376953,24.65791130065918,21.608196258544922,23.441537857055664,22.140390396118164,27.84656524658203,22.387998580932617,22.05356216430664,24.602313995361328,21.74764060974121,21.940120697021484,28.989168167114258,25.014352798461914,23.037755966186523,19.81587791442871,21.735464096069336,20.755319595336914,21.77216911315918,23.256444931030273,22.694948196411133,24.452892303466797,20.018741607666016,23.249034881591797,24.017160415649414,21.796241760253906,28.3511905670166,29.684728622436523,22.202674865722656
29.290246963500977,23.908138275146484,22.16509437561035,28.242103576660156,21.523059844970703,22.653789520263672,25.979928970336914,22.903783798217773,28.9462833404541,22.286006927490234,24.4871826171875,24.9716854095459,29.54783821105957,26.6215877532959,24.276281356811523,29.172693252563477,23.49848747253418,28.372718811035156,22.336421966552734,0.0,24.720928192138672,25.84502410888672,24.02488899230957,21.92247772216797,22.685043334960938,24.275999069213867,29.412595748901367,23.89433479309082,25.28365707397461,22.326688766479492,23.85116195678711,23.960723876953125,29.35896110534668,24.925399780273438,25.98172378540039,23.811826705932617,23.290945053100586,26.044525146484375,25.0380916595459,21.110349655151367,23.996370315551758,24.463239669799805,24.68954086303711,24.924701690673828,24.801654815673828,22.683841705322266,23.204864501953125,23.580907821655273,29.322509765625,27.37729835510254,23.438051223754883,24.894319534301758,22.99933624267578,24.238475799560547,23.93355369567871,29.60062026977539,23.06562042236328,29.58933448791504,24.91725730895996,26.261064529418945,29.185373306274414,22.235408782958984,29.273151397705078,28.294153213500977,25.537050247192383,24.40264320373535,25.130874633789062,22.462207794189453,23.967321395874023,25.633304595947266,24.387102127075195,22.877134323120117,29.908336639404297,25.85149383544922,23.26286506652832,25.207326889038086,23.79836082458496,29.17125701904297,24.462671279907227,23.674697875976562,26.221467971801758,23.713869094848633,23.730106353759766,30.541072845458984,26.06743049621582,24.37943458557129,21.65213966369629,23.57369613647461,22.650270462036133,23.541812896728516,24.666486740112305,24.11153221130371,26.33681297302246,21.822647094726562,24.59027862548828,25.348127365112305,23.465944290161133,29.68499183654785,31.22217559814453,23.749601364135742
29.202789306640625,24.523380279541016,23.16791534423828,28.357948303222656,22.24363136291504,23.559688568115234,26.25710678100586,23.50495719909668,28.992435455322266,23.099119186401367,25.026626586914062,25.792478561401367,29.602205276489258,27.45629119873047,24.89651107788086,29.091365814208984,24.028945922851562,28.18326759338379,23.419755935668945,24.720928192138672,0.0,25.82525634765625,25.174501419067383,22.652925491333008,23.1715145111084,24.83541488647461,29.509843826293945,24.41167640686035,25.688478469848633,22.96010398864746,24.326932907104492,24.649154663085938,29.415821075439453,25.432861328125,26.907346725463867,24.771141052246094,24.117862701416016,26.654861450195312,25.466554641723633,21.937530517578125,24.518922805786133,24.79417610168457,25.019285202026367,25.499120712280273,25.40756607055664,23.262231826782227,23.9173526763916,24.16129493713379,29.299362182617188,27.37107276916504,24.03548812866211,25.365680694580078,23.897321701049805,24.543298721313477,24.56915283203125,29.458404541015625,23.68199348449707,29.613557815551758,25.69899559020996,26.646228790283203,29.375646591186523,23.194557189941406,29.41208267211914,28.236722946166992,25.97908592224121,25.199806213378906,25.812759399414062,23.026838302612305,24.691944122314453,26.281049728393555,24.79686737060547,23.388092041015625,29.97417640686035,26.46574592590332,23.67863655090332,25.71454620361328,24.38167381286621,29.42514419555664,24.512292861938477,24.282623291015625,26.41411590576172,24.11178970336914,24.63465690612793,30.457178115844727,26.7150936126709,25.313674926757812,22.350704193115234,24.08545684814453,23.34002113342285,24.189729690551758,25.30647850036621,25.30677604675293,26.483530044555664,22.4465274810791,25.641794204711914,25.99286651611328,24.315900802612305,29.85919189453125,31.090404510498047,24.50401496887207
