0.6784741282463074,20.964181900024414,21.33294677734375,7.911828517913818,20.50421142578125,20.844314575195312,20.641576766967773,22.81092643737793,3.9184653759002686,21.093103408813477,21.022109985351562,20.7724552154541,4.64347505569458,21.003297805786133,20.6939697265625,6.331759929656982,20.6398868560791,6.37135124206543,20.775590896606445,20.652700424194336,21.025590896606445,20.57175064086914,20.71367073059082,21.508325576782227,20.727880477905273,20.660415649414062,6.366291046142578,21.033071517944336,20.766233444213867,21.281349182128906,22.138017654418945,21.815885543823242,4.981827259063721,20.293601989746094,21.256460189819336,21.093461990356445,20.981672286987305,20.9139347076416,21.11675262451172,20.910646438598633,21.334104537963867,21.551233291625977,21.275989532470703,21.46480941772461,22.079605102539062,24.717187881469727,21.434173583984375,21.771093368530273,6.7738542556762695,4.409355163574219,20.517004013061523,21.259090423583984,20.537168502807617,21.063642501831055,21.015249252319336,4.366995334625244,21.485313415527344,4.38564920425415,25.784265518188477,21.493759155273438,12.856121063232422,20.207229614257812,5.642104625701904,3.441922664642334,20.681819915771484,20.6860294342041,22.234487533569336,20.59514617919922,20.68765640258789,21.085041046142578,21.159805297851562,20.84876251220703,6.255951881408691,24.35403823852539,21.16948699951172,20.888790130615234,20.970212936401367,4.30887508392334,20.85472869873047,20.679370880126953,21.246768951416016,22.826679229736328,28.340545654296875,5.114699840545654,20.68965721130371,26.63774871826172,20.748470306396484,21.094173431396484,21.432973861694336,20.741268157958984,21.3515625,26.056476593017578,20.652345657348633,20.431106567382812,20.935453414916992,21.4572696685791,21.24603843688965,5.984685897827148,7.773200035095215,20.816072463989258
20.964181900024414,0.0,2.5196897983551025,20.846017837524414,1.4063469171524048,1.9516171216964722,1.9097777605056763,10.941668510437012,22.294763565063477,3.471129894256592,1.941920518875122,2.4374701976776123,21.520193099975586,2.517055034637451,1.655502438545227,20.98971939086914,1.588375210762024,21.87234878540039,2.744468927383423,1.7915326356887817,2.364137887954712,1.8694554567337036,1.4504625797271729,1.8724169731140137,1.9296084642410278,1.6042969226837158,23.296815872192383,1.6034977436065674,1.8571590185165405,2.623595714569092,4.6742401123046875,5.260788917541504,21.902603149414062,1.6765010356903076,1.900771975517273,1.7718757390975952,2.4106409549713135,5.503422260284424,2.141578197479248,3.086973190307617,5.622710227966309,2.669950485229492,1.9593815803527832,3.784221887588501,6.42555046081543,12.678632736206055,4.810833930969238,2.2467751502990723,20.60682487487793,21.481651306152344,1.5540904998779297,1.2669874429702759,0.9777160882949829,1.8302000761032104,1.7701714038848877,20.649625778198242,2.1521518230438232,22.406606674194336,14.707723617553711,3.441580057144165,26.75423812866211,1.7895193099975586,19.722476959228516,20.62824249267578,1.984667181968689,1.3075555562973022,6.610175132751465,1.2851169109344482,1.4564800262451172,3.5379631519317627,1.6714956760406494,2.1993093490600586,21.8106746673584,12.7603178024292,2.13023042678833,1.6761335134506226,3.5590224266052246,20.819814682006836,1.730082392692566,1.3941229581832886,2.2775514125823975,7.824642181396484,19.163801193237305,21.743974685668945,4.852036476135254,16.82347869873047,1.9645893573760986,1.2064076662063599,1.8121401071548462,2.2341978549957275,2.1544318199157715,15.851163864135742,1.9394280910491943,2.1673898696899414,2.137145757675171,1.751591682434082,2.5731277465820312,23.74380111694336,23.898832321166992,1.8475452661514282
21.33294677734375,2.5196897983551025,0.0,20.60428810119629,2.0456888675689697,2.5187315940856934,2.3043651580810547,9.594657897949219,22.734209060668945,3.9573614597320557,2.091224193572998,2.7483935356140137,21.860727310180664,2.7343523502349854,1.951603889465332,21.546825408935547,2.0605621337890625,22.207733154296875,2.0296802520751953,2.0931477546691895,2.141796350479126,2.936617374420166,2.0908126831054688,2.001870632171631,2.0926711559295654,1.6200580596923828,23.731128692626953,2.420741081237793,2.3738315105438232,1.2653446197509766,4.976067066192627,5.096617698669434,22.347213745117188,2.1660428047180176,3.535568952560425,2.507188320159912,3.3230931758880615,4.325666427612305,1.5585466623306274,3.0671606063842773,4.569384574890137,2.2985427379608154,2.645420789718628,2.7986464500427246,7.03721284866333,13.110340118408203,4.187473297119141,2.335547685623169,21.07069206237793,21.994022369384766,2.461257219314575,2.06290602684021,2.4202799797058105,2.3796730041503906,2.1636478900909424,21.110416412353516,2.3143863677978516,22.826629638671875,15.932778358459473,4.652913570404053,27.301586151123047,2.2649176120758057,19.940950393676758,20.893159866333008,2.674636125564575,2.472844123840332,8.445584297180176,2.4787631034851074,2.2619874477386475,3.460092067718506,2.238468647003174,1.8140983581542969,21.990314483642578,12.04362964630127,1.6519217491149902,1.8600770235061646,3.0201268196105957,21.032590866088867,1.9287463426589966,2.0845682621002197,3.4053962230682373,8.396434783935547,18.92366600036621,22.32551383972168,5.195486068725586,16.826885223388672,1.907312273979187,2.065438747406006,2.056060552597046,1.4280222654342651,1.5188802480697632,15.20238971710205,1.7090106010437012,2.5959548950195312,1.2722859382629395,1.615289330482483,2.137904644012451,24.02878189086914,23.99602699279785,1.8052666187286377
7.911828517913818,20.846017837524414,20.60428810119629,0.0,19.971616744995117,20.058055877685547,19.961790084838867,21.860387802124023,8.227931022644043,20.124143600463867,20.424169540405273,20.14308738708496,7.250401973724365,20.045516967773438,20.09850311279297,12.467142105102539,20.14459991455078,6.995553970336914,19.7452449798584,20.14141273498535,20.218406677246094,20.329139709472656,20.121383666992188,20.756839752197266,20.055240631103516,20.01329231262207,8.739154815673828,20.495906829833984,20.06321144104004,20.375843048095703,22.030672073364258,20.415260314941406,8.472129821777344,19.89016342163086,20.967477798461914,20.44701385498047,20.569250106811523,19.877527236938477,20.43736457824707,20.154281616210938,19.971006393432617,20.475128173828125,20.56787109375,20.258569717407227,21.389856338500977,24.79473304748535,21.167991638183594,21.397180557250977,9.831788063049316,8.978311538696289,19.974897384643555,21.03303337097168,20.20860481262207,20.33296012878418,20.63364601135254,8.727635383605957,20.686573028564453,7.841045379638672,25.724510192871094,20.877073287963867,15.557538986206055,19.611797332763672,6.540316581726074,6.471287727355957,20.270475387573242,20.2232608795166,22.205530166625977,20.140626907348633,20.117773056030273,20.154075622558594,20.96822738647461,20.061513900756836,8.404685974121094,20.495946884155273,20.281145095825195,20.32653045654297,19.734392166137695,6.702147006988525,20.152746200561523,20.10001564025879,20.851543426513672,22.36269760131836,27.30414390563965,10.32802963256836,19.96459197998047,24.855398178100586,20.051525115966797,20.58574867248535,20.689571380615234,19.984909057617188,20.63398551940918,25.277816772460938,19.936227798461914,19.68836784362793,20.145835876464844,20.745712280273438,20.397422790527344,8.439774513244629,10.473982810974121,20.092605590820312
20.50421142578125,1.4063469171524048,2.0456888675689697,19.971616744995117,0.0,1.2279642820358276,1.1305818557739258,10.81838321685791,21.82120132446289,3.2166271209716797,1.542698621749878,2.1461563110351562,20.918855667114258,1.95294189453125,0.9773615002632141,20.69314193725586,1.2397886514663696,21.228408813476562,1.7777546644210815,1.702481746673584,1.3593413829803467,1.8059624433517456,0.9893305897712708,1.4371602535247803,1.0331560373306274,0.9097663760185242,22.713010787963867,1.1371322870254517,1.2337478399276733,1.692487359046936,4.624223232269287,4.653470993041992,21.36042022705078,1.465197205543518,2.1436305046081543,1.1639772653579712,2.3403451442718506,4.715141296386719,1.7973271608352661,2.8307430744171143,4.749725341796875,1.7807477712631226,1.7501029968261719,2.9966042041778564,6.452113628387451,12.9076509475708,4.819887638092041,2.309732675552368,20.071977615356445,21.01346206665039,1.0487940311431885,1.755237340927124,1.1129997968673706,1.3293852806091309,1.8747985363006592,20.11667251586914,1.6420108079910278,21.824682235717773,14.871480941772461,3.3991289138793945,26.576539993286133,1.1599376201629639,19.060806274414062,20.044841766357422,1.6959388256072998,0.7614344954490662,7.01121187210083,1.105521321296692,1.09662663936615,3.4729185104370117,2.2431790828704834,1.5844717025756836,21.279937744140625,11.737680435180664,1.2819747924804688,1.1905854940414429,2.70998477935791,20.187416076660156,1.035009741783142,0.9245973825454712,2.2800724506378174,7.4886274337768555,18.92327880859375,21.29129409790039,5.012147426605225,16.649188995361328,1.5613173246383667,1.2446227073669434,1.355183720588684,1.3848227262496948,1.9370815753936768,15.78494930267334,1.4030777215957642,1.4856693744659424,1.4557583332061768,1.2636582851409912,2.128041982650757,23.148075103759766,23.29928207397461,1.12363600730896
20.844314575195312,1.9516171216964722,2.5187315940856934,20.058055877685547,1.2279642820358276,0.12786631286144257,1.166067123413086,11.141263008117676,22.05785369873047,2.3828861713409424,1.7465442419052124,2.3202192783355713,21.195018768310547,1.0311260223388672,1.1279537677764893,21.17075538635254,1.419907808303833,21.3297176361084,1.8508222103118896,1.9992579221725464,1.7729965448379517,2.423335552215576,0.9616220593452454,1.5509952306747437,1.6205165386199951,1.234505534172058,22.938589096069336,1.4862267971038818,1.0758944749832153,2.075545310974121,5.291729927062988,4.274696350097656,21.674068450927734,1.7349481582641602,2.4118008613586426,1.096772313117981,2.653653621673584,5.468274116516113,1.9809497594833374,2.78367018699646,5.13871955871582,1.4814352989196777,1.0729644298553467,2.7607200145721436,6.248195648193359,12.869848251342773,5.387763023376465,2.9606878757476807,20.360841751098633,21.243253707885742,1.2656269073486328,2.288033962249756,1.428659200668335,0.9995163679122925,1.9949305057525635,20.54277229309082,1.6281590461730957,22.09619903564453,14.869712829589844,3.2017822265625,26.561279296875,1.3668149709701538,19.239578247070312,20.298030853271484,2.148655414581299,1.2840158939361572,6.409877300262451,1.1814448833465576,0.9831777811050415,2.7183399200439453,2.816117763519287,1.804995059967041,21.442378997802734,10.94273567199707,1.1391500234603882,1.5227606296539307,2.0461959838867188,20.465045928955078,1.0524444580078125,0.9703366160392761,2.1608757972717285,7.713353157043457,19.11854362487793,21.6585750579834,4.531307220458984,16.523193359375,1.6744866371154785,1.1304090023040771,1.166223406791687,1.8325470685958862,2.048205614089966,15.844135284423828,1.30042564868927,1.5741220712661743,1.5403223037719727,1.4155501127243042,1.743878722190857,23.462175369262695,23.76515007019043,1.1784871816635132
20.641576766967773,1.9097777605056763,2.3043651580810547,19.961790084838867,1.1305818557739258,1.166067123413086,0.0,10.554855346679688,22.02617835998535,2.996534585952759,2.2303686141967773,2.8546180725097656,21.108314514160156,1.830446481704712,1.274004340171814,21.03252410888672,1.659755825996399,21.2115421295166,1.9692643880844116,2.052988052368164,2.1023905277252197,2.7086918354034424,1.4572491645812988,1.5279942750930786,1.249316930770874,1.2570949792861938,22.90976333618164,1.5123608112335205,1.7112451791763306,1.869500756263733,5.545724391937256,5.054660320281982,21.63876724243164,2.019171953201294,2.913728713989258,1.3880866765975952,2.4236562252044678,5.234309196472168,1.963718295097351,2.7646327018737793,5.167160987854004,1.444801688194275,1.8306350708007812,2.6444883346557617,7.056839466094971,13.162571907043457,5.109572410583496,2.577467203140259,20.065397262573242,21.11759376525879,1.413064956665039,2.1997320652008057,1.424466609954834,1.3754056692123413,1.9323819875717163,20.24822425842285,2.059056043624878,21.984268188476562,14.573711395263672,3.656472682952881,26.7533016204834,1.7092865705490112,19.078683853149414,20.207246780395508,2.6417386531829834,1.4548343420028687,6.796894550323486,1.3568452596664429,1.3420960903167725,3.2101693153381348,2.7860758304595947,2.158559799194336,21.191133499145508,11.505627632141113,1.4014873504638672,1.5214385986328125,2.381831645965576,20.262962341308594,1.3291234970092773,1.4518630504608154,2.4470531940460205,8.258554458618164,19.307458877563477,21.452266693115234,4.8337225914001465,16.787094116210938,1.8709938526153564,1.359917163848877,1.8384078741073608,1.6635288000106812,1.982932209968567,15.88205623626709,1.6609123945236206,1.7700048685073853,1.557662844657898,1.7662945985794067,1.7238223552703857,23.374425888061523,23.609668731689453,1.5923959016799927
22.81092643737793,10.941668510437012,9.594657897949219,21.860387802124023,10.81838321685791,11.141263008117676,10.554855346679688,0.0,24.663007736206055,11.659334182739258,11.027022361755371,11.315987586975098,24.628591537475586,11.097210884094238,10.78931713104248,24.057056427001953,11.123952865600586,24.836532592773438,10.131016731262207,10.031574249267578,11.249944686889648,11.290335655212402,10.928689002990723,10.42686939239502,10.65380573272705,10.255599975585938,26.20627212524414,10.881046295166016,11.301862716674805,10.219478607177734,13.00506591796875,12.744937896728516,25.060163497924805,10.801229476928711,11.847044944763184,11.53678035736084,11.497235298156738,10.27341365814209,10.117752075195312,9.969910621643066,10.22111701965332,10.489179611206055,11.332709312438965,11.258442878723145,13.542405128479004,16.143352508544922,9.279397964477539,10.384051322937012,23.941333770751953,24.598501205444336,11.104612350463867,10.894383430480957,10.77912712097168,11.000855445861816,11.071514129638672,22.84061050415039,10.692926406860352,25.343496322631836,18.906238555908203,12.36042594909668,29.110750198364258,10.798839569091797,22.666522979736328,23.110994338989258,11.672337532043457,11.256134986877441,15.828662872314453,10.994367599487305,10.944652557373047,10.686646461486816,10.188961029052734,10.224682807922363,23.33364486694336,17.621103286743164,10.499408721923828,11.041116714477539,11.012829780578613,23.47075080871582,10.73522663116455,10.861383438110352,12.180009841918945,17.279340744018555,21.766727447509766,24.76759910583496,9.407641410827637,19.315885543823242,10.105159759521484,10.762275695800781,11.130200386047363,10.434124946594238,9.923876762390137,20.158479690551758,10.425616264343262,10.617697715759277,10.200227737426758,10.699612617492676,10.233917236328125,26.098033905029297,25.86052894592285,10.82790470123291
3.9184653759002686,22.294763565063477,22.734209060668945,8.227931022644043,21.82120132446289,22.05785369873047,22.02617835998535,24.663007736206055,0.0,22.112184524536133,22.182111740112305,21.854642868041992,4.958636283874512,22.14675521850586,21.968162536621094,7.606408596038818,21.905244827270508,6.268795013427734,22.008331298828125,22.017864227294922,22.27690887451172,21.7237548828125,21.943635940551758,22.813276290893555,22.077791213989258,21.957195281982422,3.738658905029297,22.263723373413086,21.996448516845703,22.627857208251953,23.113161087036133,22.40131950378418,3.481720209121704,21.500648498535156,22.357040405273438,22.336484909057617,22.27128791809082,22.19569969177246,22.35929298400879,22.031557083129883,22.454044342041016,22.830142974853516,22.421125411987305,22.895784378051758,22.62160873413086,24.60344123840332,22.647897720336914,23.13884925842285,8.607434272766113,5.574835777282715,21.798683166503906,22.624191284179688,21.813709259033203,22.284318923950195,22.367929458618164,6.512254238128662,22.66274642944336,3.996717929840088,27.157161712646484,22.69717788696289,11.948760032653809,21.407323837280273,6.405630588531494,3.1538753509521484,21.809194564819336,21.927419662475586,23.05833625793457,21.827001571655273,21.9161319732666,22.24382972717285,22.52972984313965,22.04152488708496,7.464836597442627,24.748403549194336,22.408126831054688,22.196321487426758,22.076459884643555,6.069591045379639,22.09251594543457,21.91855239868164,22.560321807861328,23.5943660736084,29.290388107299805,6.162673473358154,21.708402633666992,26.999046325683594,22.00090789794922,22.36895751953125,22.643573760986328,22.08236312866211,22.695621490478516,27.071168899536133,21.903898239135742,21.619312286376953,22.24094581604004,22.682540893554688,22.488178253173828,4.580687522888184,8.80567741394043,22.054821014404297
21.093103408813477,3.471129894256592,3.9573614597320557,20.124143600463867,3.2166271209716797,2.3828861713409424,2.996534585952759,11.659334182739258,22.112184524536133,0.1641322374343872,2.7409842014312744,3.2644035816192627,21.461185455322266,2.256333589553833,2.967226266860962,21.829021453857422,2.820254325866699,21.384368896484375,3.032667875289917,3.3176562786102295,3.750199794769287,3.5851693153381348,2.653376579284668,3.2097628116607666,3.4722626209259033,2.7882895469665527,22.968582153320312,3.3853209018707275,2.575737953186035,3.901371717453003,6.506650924682617,3.9733426570892334,21.838441848754883,2.935145378112793,3.5701889991760254,2.6702659130096436,3.1607649326324463,6.553315162658691,2.883580446243286,2.6460912227630615,6.4291672706604,3.0111782550811768,1.7748619318008423,3.681628704071045,6.057968616485596,12.044981002807617,5.861741542816162,3.887247323989868,20.757259368896484,21.608564376831055,2.5183708667755127,3.351137638092041,2.8132219314575195,2.567199230194092,3.0270445346832275,21.063108444213867,3.4278061389923096,22.19943618774414,14.204237937927246,4.066394805908203,26.32670783996582,2.5328361988067627,19.375804901123047,20.440349578857422,3.4392030239105225,3.0980262756347656,6.071997165679932,2.6595466136932373,2.3392066955566406,2.20035719871521,3.8147342205047607,2.9565842151641846,21.516639709472656,10.642498970031738,2.677797794342041,3.0541563034057617,2.7817347049713135,20.767230987548828,2.74436092376709,2.5796356201171875,4.087967872619629,9.047712326049805,18.961833953857422,22.114763259887695,4.127185821533203,16.818212509155273,3.189096689224243,2.6183364391326904,2.7456581592559814,3.192305088043213,2.8207027912139893,14.89713191986084,2.625981092453003,2.663215398788452,2.8226635456085205,2.925334930419922,2.917283058166504,23.5008602142334,24.206451416015625,2.8704991340637207
21.022109985351562,1.941920518875122,2.091224193572998,20.424169540405273,1.542698621749878,1.7465442419052124,2.2303686141967773,11.027022361755371,22.182111740112305,2.7409842014312744,0.14763222634792328,2.019371271133423,21.42913055419922,2.232980489730835,1.542516827583313,21.22609519958496,1.4533880949020386,21.766685485839844,1.8572858572006226,2.076359748840332,1.8164693117141724,1.4347048997879028,1.4108681678771973,2.0700020790100098,2.216745615005493,1.3298099040985107,23.068721771240234,1.8864089250564575,1.52507483959198,2.1930389404296875,4.23311185836792,3.82915997505188,21.762514114379883,1.3409806489944458,2.150421619415283,1.5951042175292969,2.711902618408203,4.802674293518066,1.5535467863082886,2.5628528594970703,4.759746074676514,2.3019187450408936,1.4813201427459717,3.2649075984954834,5.6207709312438965,12.088210105895996,4.5474395751953125,2.3487167358398438,20.817731857299805,21.61128807067871,1.6107077598571777,1.6713353395462036,1.686255693435669,1.9113565683364868,1.9673185348510742,20.845548629760742,1.9853768348693848,22.263986587524414,15.211562156677246,3.715392589569092,26.752737045288086,1.3399593830108643,19.56093978881836,20.461999893188477,1.2857979536056519,1.6724766492843628,7.270697116851807,1.7205955982208252,1.4091955423355103,3.194246292114258,2.181116819381714,1.3218464851379395,21.813560485839844,11.436837196350098,1.395324945449829,1.6342860460281372,2.757401943206787,20.76950454711914,1.56488037109375,1.2355526685714722,3.0809035301208496,7.533536911010742,18.68513298034668,21.943649291992188,4.881776332855225,17.09575843811035,2.0524494647979736,1.570152759552002,1.2957935333251953,1.7465524673461914,1.8455920219421387,15.224281311035156,1.3629006147384644,1.8438146114349365,1.4960179328918457,1.091065526008606,2.331754684448242,23.499513626098633,23.698505401611328,1.3479915857315063
20.7724552154541,2.4374701976776123,2.7483935356140137,20.14308738708496,2.1461563110351562,2.3202192783355713,2.8546180725097656,11.315987586975098,21.854642868041992,3.2644035816192627,2.019371271133423,0.0,21.005521774291992,2.1764965057373047,2.3392539024353027,20.97920799255371,1.9779149293899536,21.493959426879883,2.2912232875823975,2.427908420562744,2.1320486068725586,2.406177043914795,1.625854253768921,2.119999647140503,2.1237809658050537,2.0378949642181396,22.782920837402344,2.2779388427734375,1.7576355934143066,2.6627907752990723,4.344634532928467,3.7257800102233887,21.323089599609375,2.047614097595215,2.3165409564971924,2.156834125518799,2.5548629760742188,4.504639148712158,2.0692338943481445,2.86189341545105,4.950902462005615,2.827267646789551,2.1400105953216553,3.7132561206817627,5.706836223602295,12.468088150024414,4.8197922706604,3.02473521232605,20.52102279663086,21.362796783447266,1.9915471076965332,2.484609603881836,2.220907211303711,1.8465291261672974,2.645345687866211,20.481292724609375,2.026857376098633,22.06989288330078,15.323869705200195,3.7821547985076904,26.379619598388672,1.5746591091156006,19.376617431640625,20.177570343017578,1.6499300003051758,1.8839958906173706,7.249680519104004,1.91513192653656,1.7938621044158936,3.3688900470733643,2.4347283840179443,1.6431910991668701,21.68458366394043,12.062152862548828,2.0822415351867676,1.898324966430664,3.250882625579834,20.495891571044922,1.7539007663726807,1.7483357191085815,3.2428438663482666,7.239946365356445,19.0147647857666,21.645830154418945,4.999480247497559,15.265800476074219,1.6729875802993774,2.1496007442474365,1.8231232166290283,2.1655728816986084,2.403211832046509,14.787208557128906,1.9754365682601929,1.7863367795944214,2.315282106399536,1.8281474113464355,2.883507013320923,23.124900817871094,23.516454696655273,1.6431777477264404
4.64347505569458,21.520193099975586,21.860727310180664,7.250401973724365,20.918855667114258,21.195018768310547,21.108314514160156,24.628591537475586,4.958636283874512,21.461185455322266,21.42913055419922,21.005521774291992,0.0,21.32474136352539,21.168048858642578,7.871732711791992,21.052831649780273,5.703031539916992,21.124773025512695,21.204891204833984,21.221256256103516,21.02182960510254,21.107820510864258,21.89202880859375,21.094221115112305,21.15423583984375,5.825183868408203,21.45453643798828,21.051618576049805,21.662389755249023,22.299699783325195,21.807506561279297,3.146488666534424,20.82121467590332,21.60034942626953,21.365116119384766,21.3265438079834,21.093860626220703,21.623973846435547,21.528480529785156,21.53594398498535,21.90028190612793,21.655029296875,21.60614013671875,22.165952682495117,25.896486282348633,22.38311195373535,22.353046417236328,6.745669841766357,4.9044270515441895,20.91083526611328,21.777894973754883,21.092512130737305,21.42450714111328,21.49372673034668,5.195112705230713,21.824092864990234,3.8455519676208496,26.186805725097656,21.642292022705078,13.286239624023438,20.632482528686523,5.341803550720215,3.9093503952026367,20.942411422729492,21.063129425048828,22.57729721069336,21.049631118774414,21.105878829956055,21.5919189453125,21.74772834777832,21.267669677734375,8.313730239868164,23.606016159057617,21.550506591796875,21.235246658325195,21.312095642089844,3.5821995735168457,21.259037017822266,21.094026565551758,21.53506088256836,22.07988739013672,28.952543258666992,6.19705867767334,21.671308517456055,26.144929885864258,21.216053009033203,21.587589263916016,21.743745803833008,21.15114974975586,21.887229919433594,25.571125030517578,21.09483528137207,20.80017852783203,21.420379638671875,21.845834732055664,21.769920349121094,4.6651716232299805,6.679788112640381,21.138357162475586
21.003297805786133,2.517055034637451,2.7343523502349854,20.045516967773438,1.95294189453125,1.0311260223388672,1.830446481704712,11.097210884094238,22.14675521850586,2.256333589553833,2.232980489730835,2.1764965057373047,21.32474136352539,0.11219848692417145,1.5979516506195068,21.382978439331055,1.7328429222106934,21.37885856628418,2.157560110092163,2.3185136318206787,2.2594659328460693,3.0957586765289307,1.2771391868591309,1.828594446182251,1.9412072896957397,1.685265064239502,23.052169799804688,2.0606024265289307,1.4280122518539429,2.3267626762390137,5.70144510269165,4.082469463348389,21.799190521240234,2.0271029472351074,2.9104549884796143,1.765291690826416,2.920149803161621,5.684317111968994,2.102391481399536,2.7616395950317383,5.4501872062683105,1.7864699363708496,1.2435210943222046,2.9062275886535645,6.426957607269287,12.836556434631348,5.411180019378662,3.3495402336120605,20.503454208374023,21.383750915527344,1.7479137182235718,2.7610626220703125,1.9149073362350464,1.0132888555526733,2.3005712032318115,20.760414123535156,1.8784737586975098,22.275136947631836,15.22727108001709,3.638890504837036,26.519067764282227,1.6295524835586548,19.345903396606445,20.389116287231445,2.6401734352111816,1.8256860971450806,6.3209309577941895,1.5618523359298706,1.3796356916427612,2.221724510192871,3.147411584854126,1.9944591522216797,21.483125686645508,10.89156723022461,1.4531158208847046,1.8719528913497925,1.8145992755889893,20.594486236572266,1.2118263244628906,1.4507966041564941,2.4842817783355713,7.9876389503479,19.044767379760742,21.825021743774414,4.211042404174805,15.773514747619629,1.558207631111145,1.4856863021850586,1.5011769533157349,2.0337977409362793,2.1386334896087646,15.599143981933594,1.5461738109588623,1.8931562900543213,1.7293860912322998,1.7590663433074951,1.7050272226333618,23.596628189086914,24.060129165649414,1.5474975109100342
20.6939697265625,1.655502438545227,1.951603889465332,20.09850311279297,0.9773615002632141,1.1279537677764893,1.274004340171814,10.78931713104248,21.968162536621094,2.967226266860962,1.542516827583313,2.3392539024353027,21.168048858642578,1.5979516506195068,0.0,20.835491180419922,0.8667892813682556,21.283594131469727,2.1275861263275146,2.008605480194092,1.7879064083099365,2.251067876815796,0.9567930698394775,1.8029327392578125,1.4388163089752197,1.032137393951416,22.85951042175293,1.4168330430984497,1.423059344291687,1.6236772537231445,4.904154300689697,4.554547309875488,21.60441017150879,1.057073712348938,2.627199649810791,1.4120546579360962,2.6673007011413574,5.225930690765381,1.6172187328338623,2.720905303955078,5.18928337097168,1.8790442943572998,1.4545044898986816,2.956531286239624,6.770015716552734,12.60971736907959,4.5951619148254395,2.4492807388305664,20.18808937072754,21.12397003173828,1.345057725906372,1.8440401554107666,1.0915186405181885,1.2274439334869385,1.5192255973815918,20.43035125732422,1.9063360691070557,22.0152587890625,15.455031394958496,3.987764835357666,26.638774871826172,1.2376768589019775,19.130788803100586,20.165245056152344,2.0535695552825928,1.0961878299713135,6.699405193328857,1.0919654369354248,1.0906270742416382,3.0197336673736572,2.5900075435638428,1.8230761289596558,21.23404312133789,11.561629295349121,1.2145336866378784,1.2120695114135742,2.0926268100738525,20.33953857421875,0.8119375705718994,1.0510281324386597,2.146453619003296,7.739491939544678,18.814809799194336,21.434837341308594,4.7381391525268555,16.727069854736328,1.5946993827819824,0.9672830700874329,1.4190524816513062,1.299500584602356,1.8651883602142334,15.716785430908203,1.2801754474639893,1.9677387475967407,1.0731333494186401,1.2853951454162598,1.5176780223846436,23.407798767089844,23.67491340637207,1.303910255432129
6.331759929656982,20.98971939086914,21.546825408935547,12.467142105102539,20.69314193725586,21.17075538635254,21.03252410888672,24.057056427001953,7.606408596038818,21.829021453857422,21.22609519958496,20.97920799255371,7.871732711791992,21.382978439331055,20.835491180419922,0.0,20.773584365844727,9.832517623901367,21.353445053100586,20.946178436279297,21.12521743774414,20.6529598236084,20.935901641845703,21.854246139526367,20.993236541748047,20.992156982421875,9.360027313232422,21.21287727355957,21.01896095275879,21.487323760986328,21.63513946533203,22.334863662719727,7.744946002960205,20.41535758972168,21.299123764038086,21.362560272216797,21.41291618347168,21.40392303466797,21.501188278198242,21.61629295349121,21.836986541748047,22.03409194946289,21.60483169555664,21.976953506469727,22.489368438720703,25.139331817626953,21.620742797851562,21.986740112304688,8.317036628723145,5.72187614440918,20.827072143554688,21.352266311645508,20.738046646118164,21.36489486694336,21.161479949951172,7.457054615020752,21.715778350830078,8.043267250061035,27.86713981628418,21.831398010253906,14.341207504272461,20.529327392578125,8.937080383300781,7.214815139770508,20.731843948364258,20.812801361083984,22.21160125732422,20.8409423828125,21.004497528076172,21.684297561645508,21.329072952270508,21.222803115844727,9.597725868225098,25.665634155273438,21.546056747436523,21.089643478393555,21.44913673400879,7.6169328689575195,21.109214782714844,20.931640625,21.031747817993164,21.704557418823242,27.75950813293457,5.315962791442871,21.47735595703125,27.148082733154297,21.043556213378906,21.30889320373535,21.631162643432617,21.028398513793945,21.767608642578125,27.092845916748047,20.995080947875977,20.963787078857422,21.259397506713867,21.677249908447266,21.628137588500977,10.039233207702637,9.854191780090332,21.09710693359375
20.6398868560791,1.588375210762024,2.0605621337890625,20.14459991455078,1.2397886514663696,1.419907808303833,1.659755825996399,11.123952865600586,21.905244827270508,2.820254325866699,1.4533880949020386,1.9779149293899536,21.052831649780273,1.7328429222106934,0.8667892813682556,20.773584365844727,0.03857112675905228,21.2518253326416,2.320148468017578,2.030229091644287,1.9407297372817993,2.259080171585083,0.8409926891326904,1.9784278869628906,1.6140391826629639,1.2189377546310425,22.825408935546875,1.8140562772750854,1.2049068212509155,1.9962881803512573,4.856398582458496,4.5669145584106445,21.492630004882812,0.908033549785614,2.637141466140747,1.298531413078308,2.30729603767395,5.261543273925781,1.5576585531234741,2.7875280380249023,5.550807476043701,2.3216240406036377,1.3363935947418213,2.8051645755767822,6.6862053871154785,12.709396362304688,4.691727638244629,2.4354255199432373,20.128629684448242,21.07836151123047,1.1212481260299683,1.4172589778900146,1.1336170434951782,1.3001813888549805,0.9626004099845886,20.437393188476562,2.242324113845825,21.953536987304688,15.395570755004883,3.9832496643066406,26.426719665527344,1.0828338861465454,19.085664749145508,20.109642028808594,1.7779183387756348,1.1858516931533813,6.663014888763428,1.0558605194091797,0.9004186987876892,2.826270341873169,2.317017078399658,1.886155605316162,21.225318908691406,11.85146713256836,1.4634101390838623,0.7716957330703735,2.442854166030884,20.26910400390625,0.9739564657211304,0.97597736120224,2.227778673171997,7.657415390014648,18.875381469726562,21.421478271484375,4.955118179321289,16.66495704650879,1.714787244796753,0.9589983224868774,1.3959474563598633,1.2303990125656128,1.755362868309021,14.977874755859375,1.2204492092132568,2.0137760639190674,1.2016687393188477,1.3798458576202393,1.8851815462112427,23.296247482299805,23.572633743286133,1.2012250423431396
6.37135124206543,21.87234878540039,22.207733154296875,6.995553970336914,21.228408813476562,21.3297176361084,21.2115421295166,24.836532592773438,6.268795013427734,21.384368896484375,21.766685485839844,21.493959426879883,5.703031539916992,21.37885856628418,21.283594131469727,9.832517623901367,21.2518253326416,0.6003691554069519,21.497814178466797,21.676279067993164,21.68768882751465,21.535579681396484,21.37184715270996,22.219181060791016,21.348115921020508,21.425867080688477,5.692480087280273,21.687618255615234,21.384817123413086,21.892072677612305,23.07906150817871,21.960500717163086,6.598859786987305,21.030731201171875,22.1185245513916,21.59595489501953,21.55436897277832,21.960424423217773,21.821943283081055,21.542470932006836,22.31342315673828,22.021400451660156,21.759624481201172,21.78831672668457,23.22968864440918,25.2241268157959,22.422027587890625,22.59678077697754,5.003520488739014,5.094316005706787,21.170576095581055,22.144363403320312,21.2763614654541,21.561330795288086,21.650590896606445,7.239038944244385,22.18917465209961,4.79082727432251,26.617982864379883,22.322877883911133,14.970926284790039,20.90178871154785,2.9924118518829346,4.4720916748046875,21.484621047973633,21.314544677734375,21.830169677734375,21.22124481201172,21.315919876098633,21.597349166870117,22.360708236694336,21.692049026489258,4.755120754241943,23.029359817504883,21.754432678222656,21.502872467041016,21.07375144958496,4.042019367218018,21.43206787109375,21.394039154052734,21.729806900024414,23.041362762451172,29.03017234802246,6.007446765899658,21.60904312133789,26.622949600219727,21.53091049194336,21.76061248779297,22.07424545288086,21.375871658325195,22.14484977722168,26.1080322265625,21.38357162475586,21.146556854248047,21.585670471191406,22.14626693725586,21.69045066833496,7.445919036865234,11.449051856994629,21.495737075805664
20.775590896606445,2.744468927383423,2.0296802520751953,19.7452449798584,1.7777546644210815,1.8508222103118896,1.9692643880844116,10.131016731262207,22.008331298828125,3.032667875289917,1.8572858572006226,2.2912232875823975,21.124773025512695,2.157560110092163,2.1275861263275146,21.353445053100586,2.320148468017578,21.497814178466797,0.0,2.0331571102142334,1.8079841136932373,2.4726195335388184,1.8473336696624756,1.5843082666397095,1.9171899557113647,1.3858485221862793,22.902894973754883,2.017523765563965,1.8973345756530762,1.856005311012268,5.070894718170166,3.981407403945923,21.569110870361328,2.3504109382629395,2.8874411582946777,2.018263339996338,2.956207036972046,4.006985664367676,1.7312973737716675,2.429504632949829,3.721646785736084,1.5323245525360107,2.2082152366638184,2.8683667182922363,5.869065761566162,12.787110328674316,4.916431427001953,2.8684279918670654,20.63233184814453,21.48788070678711,2.0395755767822266,2.7103633880615234,2.34159779548645,1.9997210502624512,2.828502655029297,20.445415496826172,1.6513645648956299,22.086326599121094,14.822996139526367,3.613746166229248,26.72589874267578,1.7416796684265137,19.31433868408203,20.24903678894043,2.298039674758911,2.1904430389404297,8.052178382873535,2.1797091960906982,1.859047770500183,3.296386957168579,2.6595771312713623,1.060377836227417,21.591272354125977,10.932520866394043,1.172834873199463,2.0727860927581787,2.612290382385254,20.480541229248047,1.7707133293151855,1.7248327732086182,3.6559126377105713,8.17286491394043,19.216602325439453,21.862701416015625,4.693178176879883,16.40591812133789,1.7427922487258911,2.1676924228668213,1.7900079488754272,1.83735191822052,1.9100754261016846,15.523871421813965,1.5040470361709595,1.2167036533355713,1.6784884929656982,1.5649516582489014,2.2734336853027344,23.197582244873047,23.370100021362305,1.3913538455963135
20.652700424194336,1.7915326356887817,2.0931477546691895,20.14141273498535,1.702481746673584,1.9992579221725464,2.052988052368164,10.031574249267578,22.017864227294922,3.3176562786102295,2.076359748840332,2.427908420562744,21.204891204833984,2.3185136318206787,2.008605480194092,20.946178436279297,2.030229091644287,21.676279067993164,2.0331571102142334,0.1618090718984604,2.2733511924743652,2.454242467880249,1.575768232345581,1.7586939334869385,2.120128631591797,1.2811568975448608,23.152297973632812,2.3568036556243896,1.630882740020752,2.5270490646362305,5.538492679595947,5.298700332641602,21.677934646606445,2.0461180210113525,2.571442127227783,2.3263063430786133,3.107043981552124,5.191995143890381,2.2204363346099854,3.133906126022339,5.1302266120910645,2.444828510284424,2.2065398693084717,3.3742847442626953,6.082234859466553,13.33735179901123,5.197389125823975,2.911708116531372,20.605148315429688,21.30060577392578,1.701406478881836,1.9980273246765137,1.7928516864776611,2.0637669563293457,2.3615148067474365,20.448375701904297,2.1017725467681885,22.18478775024414,14.751312255859375,3.1251461505889893,26.179195404052734,1.7203391790390015,19.532085418701172,20.34532928466797,2.4531219005584717,2.1073527336120605,7.598608016967773,1.9853496551513672,1.7471704483032227,2.8553812503814697,1.448736310005188,1.5058270692825317,21.59467124938965,12.16112995147705,1.9323010444641113,2.111107587814331,3.5498557090759277,20.54298973083496,1.8748148679733276,1.3601100444793701,2.9908359050750732,8.462756156921387,18.648759841918945,21.72994613647461,4.1510820388793945,16.486669540405273,1.4538002014160156,1.6599351167678833,1.717393398284912,2.072446823120117,1.5661401748657227,15.794097900390625,1.4232627153396606,1.9298053979873657,1.8097586631774902,1.839353322982788,2.739413022994995,23.442777633666992,23.426443099975586,1.6792877912521362
21.025590896606445,2.364137887954712,2.141796350479126,20.218406677246094,1.3593413829803467,1.7729965448379517,2.1023905277252197,11.249944686889648,22.27690887451172,3.750199794769287,1.8164693117141724,2.1320486068725586,21.221256256103516,2.2594659328460693,1.7879064083099365,21.12521743774414,1.9407297372817993,21.68768882751465,1.8079841136932373,2.2733511924743652,0.0,2.2478199005126953,1.6620898246765137,1.730525016784668,1.6479277610778809,1.7415529489517212,23.124183654785156,1.7641557455062866,1.5217338800430298,1.5549254417419434,4.218937873840332,4.306553363800049,21.70272445678711,2.250476837158203,2.416066884994507,1.6310324668884277,3.087888240814209,4.322060585021973,2.3430521488189697,3.5840396881103516,4.128259658813477,1.9313246011734009,2.29423451423645,2.819016695022583,6.146419525146484,13.40274715423584,5.37636137008667,2.9511806964874268,20.598804473876953,21.47288703918457,1.9752453565597534,2.452181339263916,2.3190183639526367,1.924285650253296,2.5868427753448486,20.589834213256836,1.4992775917053223,22.258434295654297,15.484247207641602,3.3661322593688965,26.968856811523438,1.9519025087356567,19.502138137817383,20.464508056640625,1.672078013420105,1.6505310535430908,7.679629325866699,2.1382389068603516,1.9717292785644531,3.919839382171631,2.766587495803833,1.7421371936798096,21.896081924438477,11.147807121276855,1.5463958978652954,1.7095283269882202,2.9261019229888916,20.58736228942871,1.678856611251831,1.6596380472183228,2.470440626144409,6.62514591217041,18.907268524169922,21.8100643157959,5.707455158233643,16.44078826904297,2.001582384109497,2.0991315841674805,1.3398473262786865,1.8137271404266357,2.468595027923584,15.765665054321289,1.8631466627120972,2.056166648864746,1.9520695209503174,1.4324511289596558,2.6756579875946045,23.501934051513672,23.486154556274414,1.2945101261138916
