0.0,27.842679977416992,28.019784927368164,18.454652786254883,27.413331985473633,27.760009765625,29.65748405456543,27.910816192626953,17.948820114135742,27.494539260864258,26.694772720336914,27.078227996826172,19.09084701538086,29.95464515686035,27.348526000976562,19.514554977416992,28.6310977935791,18.71364974975586,26.40459442138672,28.382793426513672,28.249160766601562,28.590164184570312,27.21186065673828,27.909669876098633,27.77362060546875,28.601722717285156,19.296932220458984,27.04839515686035,28.01243019104004,27.43515968322754,29.478151321411133,29.826631546020508,18.823450088500977,27.006898880004883,28.880300521850586,28.17525863647461,28.197805404663086,29.84534454345703,28.86835289001465,27.306716918945312,27.795852661132812,28.764686584472656,27.901857376098633,29.474018096923828,30.943883895874023,29.06615447998047,28.41094207763672,27.85015869140625,18.67818260192871,19.233657836914062,28.15074348449707,28.275033950805664,27.626829147338867,28.348779678344727,29.331825256347656,19.710588455200195,29.765621185302734,18.911195755004883,28.194921493530273,27.21297264099121,19.471647262573242,28.64731216430664,20.04598045349121,18.881027221679688,27.220731735229492,27.242294311523438,28.447174072265625,27.439876556396484,29.092533111572266,28.72831153869629,28.43242645263672,27.835813522338867,19.67747688293457,28.535152435302734,27.789579391479492,27.585811614990234,29.203413009643555,18.513153076171875,28.507579803466797,26.978389739990234,28.748836517333984,29.16438865661621,28.549640655517578,19.032352447509766,30.213943481445312,28.4202823638916,27.207490921020508,29.21605110168457,27.02406883239746,29.633865356445312,29.52178192138672,28.33696937561035,27.69934844970703,27.814598083496094,28.6200008392334,27.326976776123047,30.216625213623047,19.582059860229492,19.066686630249023,27.59926986694336
27.842679977416992,0.0,17.455537796020508,26.22234344482422,15.527461051940918,16.936389923095703,19.437335968017578,16.872539520263672,27.0899658203125,15.129664421081543,15.03110408782959,14.690574645996094,28.279359817504883,19.041278839111328,15.086841583251953,29.394865036010742,17.7034912109375,27.68283462524414,14.669620513916016,17.56983757019043,16.60497283935547,17.906017303466797,14.72253131866455,16.0263614654541,16.269819259643555,18.208789825439453,27.686918258666992,15.134536743164062,16.45951271057129,15.519755363464355,18.41517448425293,18.46979522705078,28.244789123535156,15.261378288269043,17.878141403198242,16.59010124206543,17.164615631103516,19.989389419555664,17.787317276000977,15.663702011108398,15.946061134338379,17.65127182006836,16.184844970703125,18.908729553222656,21.572994232177734,17.794658660888672,17.364654541015625,16.02747344970703,26.98542022705078,28.012744903564453,16.810598373413086,17.068164825439453,16.240848541259766,17.181917190551758,19.239559173583984,27.804553985595703,19.45170021057129,27.586990356445312,16.685626983642578,15.483484268188477,27.471078872680664,18.036787033081055,26.68026351928711,26.51669692993164,15.513681411743164,15.424019813537598,16.725290298461914,16.278446197509766,17.65062141418457,18.21373748779297,16.580400466918945,15.351560592651367,28.852069854736328,18.11780548095703,16.56285285949707,15.684371948242188,18.50701904296875,26.347309112548828,17.645267486572266,14.927166938781738,18.366613388061523,18.32393455505371,18.216712951660156,28.45583152770996,20.02444839477539,17.510181427001953,14.952790260314941,18.766281127929688,14.481669425964355,19.363744735717773,18.892518997192383,17.537181854248047,15.862045288085938,15.995863914489746,16.847518920898438,14.807076454162598,19.956336975097656,27.206989288330078,28.537094116210938,16.408124923706055
28.019784927368164,17.455537796020508,1.002194881439209,26.30144691467285,17.40807342529297,18.472991943359375,20.659818649291992,18.508100509643555,27.095417022705078,16.837299346923828,16.83983612060547,16.473819732666016,28.40560531616211,20.58890151977539,16.8377628326416,29.192710876464844,19.062986373901367,27.74662208557129,16.407291412353516,19.18975257873535,18.33622932434082,19.3433837890625,16.732894897460938,17.7226619720459,17.85698890686035,19.623294830322266,27.484024047851562,16.92915153503418,18.270830154418945,17.2580509185791,19.61921501159668,20.025617599487305,28.3590087890625,17.074771881103516,19.37686538696289,18.1673526763916,18.812850952148438,21.572166442871094,19.107196807861328,17.3491268157959,17.653539657592773,19.171398162841797,17.992294311523438,20.603124618530273,22.7845401763916,19.5106143951416,18.72197151184082,17.92061424255371,27.160654067993164,28.005205154418945,18.57682991027832,18.76753044128418,17.863277435302734,18.98423957824707,20.822538375854492,27.864891052246094,20.86026954650879,27.529706954956055,18.371957778930664,17.321086883544922,27.415067672729492,19.766742706298828,26.832942962646484,26.653831481933594,17.150827407836914,16.801809310913086,18.709278106689453,17.70900535583496,19.297779083251953,19.596515655517578,18.451332092285156,17.080333709716797,28.757658004760742,19.908151626586914,18.284414291381836,17.564363479614258,19.79532814025879,26.620708465576172,19.072921752929688,16.845502853393555,20.06421661376953,20.01355743408203,19.809925079345703,28.34996795654297,21.040197372436523,19.023422241210938,17.029644012451172,20.092315673828125,16.393491744995117,20.97601318359375,20.406143188476562,19.05790138244629,17.816173553466797,17.741443634033203,18.66088104248047,16.708728790283203,21.181472778320312,27.328201293945312,28.572250366210938,17.834991455078125
18.454652786254883,26.22234344482422,26.30144691467285,1.282963752746582,25.630353927612305,26.310699462890625,27.933025360107422,26.28680419921875,17.792587280273438,25.652177810668945,25.042375564575195,25.192869186401367,18.212343215942383,28.12282943725586,25.434926986694336,19.20778465270996,26.6379451751709,18.06995964050293,24.634754180908203,26.53416633605957,26.467689514160156,26.786190032958984,25.436031341552734,25.8698673248291,25.90450668334961,26.800559997558594,18.6612606048584,25.247438430786133,26.16220474243164,25.698408126831055,27.80284309387207,28.10271644592285,18.35657501220703,25.098770141601562,27.099336624145508,26.44432258605957,26.550769805908203,28.26639747619629,27.165382385253906,25.449552536010742,25.937292098999023,27.070167541503906,26.25600814819336,27.7750186920166,29.501953125,27.19431495666504,26.605783462524414,26.01409149169922,18.20427131652832,18.43466567993164,26.391387939453125,26.59468650817871,25.957399368286133,26.842002868652344,27.658456802368164,19.26861000061035,28.098642349243164,18.64520263671875,26.441728591918945,25.49965476989746,18.630727767944336,27.096651077270508,19.666841506958008,18.33975601196289,25.329729080200195,25.351560592651367,26.654693603515625,25.548465728759766,27.240205764770508,27.127601623535156,26.435606002807617,25.880773544311523,18.90813446044922,26.695045471191406,26.088350296020508,25.923725128173828,27.676166534423828,17.851301193237305,26.654197692871094,25.385032653808594,26.907611846923828,27.624107360839844,27.01955223083496,18.484315872192383,28.694808959960938,26.846996307373047,25.40332794189453,27.743709564208984,25.14097023010254,28.074512481689453,27.917882919311523,26.729000091552734,26.127140045166016,25.875396728515625,26.781286239624023,25.400253295898438,28.597591400146484,18.999048233032227,18.515262603759766,25.898794174194336
27.413331985473633,15.527461051940918,17.40807342529297,25.630353927612305,1.1723957061767578,16.373136520385742,19.151470184326172,16.459304809570312,26.570411682128906,14.780523300170898,14.528494834899902,14.314751625061035,27.90974998474121,18.714967727661133,14.338472366333008,28.90318489074707,17.008886337280273,27.478534698486328,14.304070472717285,17.29932403564453,16.14114761352539,17.428943634033203,14.634044647216797,15.60641098022461,15.888588905334473,18.298749923706055,27.210128784179688,14.767038345336914,16.297466278076172,14.964802742004395,17.912561416625977,18.14336395263672,27.782787322998047,14.720972061157227,17.467493057250977,16.125333786010742,16.904863357543945,19.81809425354004,17.559288024902344,15.178897857666016,15.578493118286133,17.429826736450195,15.754711151123047,18.63350486755371,21.201887130737305,17.527698516845703,16.815534591674805,15.743255615234375,26.550355911254883,27.63313865661621,16.30305290222168,16.806400299072266,15.787003517150879,16.99696922302246,18.731019973754883,27.30966567993164,19.266937255859375,27.34210777282715,16.274681091308594,15.08554744720459,27.289365768432617,17.614774703979492,26.394376754760742,26.12544822692871,15.038914680480957,14.716659545898438,16.569028854370117,15.61085319519043,17.119354248046875,17.968246459960938,16.282989501953125,14.84044361114502,28.340545654296875,17.838714599609375,16.22478485107422,15.259410858154297,17.990434646606445,26.072961807250977,17.1070556640625,14.512235641479492,18.08566665649414,18.199899673461914,17.808305740356445,27.99996566772461,19.41465187072754,17.4040470123291,14.564444541931152,18.316219329833984,14.110335350036621,19.377456665039062,18.712644577026367,17.248018264770508,15.427533149719238,15.556459426879883,16.772838592529297,14.479596138000488,19.58476448059082,26.71627426147461,28.242584228515625,16.1026668548584
27.760009765625,16.936389923095703,18.472991943359375,26.310699462890625,16.373136520385742,0.0,20.055952072143555,17.942440032958984,27.226533889770508,16.05809211730957,15.94743824005127,15.791178703308105,28.30259895324707,20.052349090576172,16.062484741210938,29.088001251220703,18.227109909057617,27.713438034057617,15.514704704284668,18.519521713256836,17.662071228027344,18.934341430664062,15.757438659667969,16.803813934326172,17.195453643798828,19.036405563354492,27.494298934936523,16.14739227294922,17.62045669555664,16.46317481994629,19.206436157226562,19.422748565673828,28.12952995300293,16.187755584716797,18.78453826904297,17.388330459594727,18.028596878051758,20.94711685180664,18.84910011291504,16.7841739654541,16.885587692260742,18.45659828186035,16.993852615356445,19.977073669433594,22.222793579101562,19.014219284057617,18.14569091796875,17.02398109436035,26.966142654418945,28.017459869384766,17.783035278320312,17.822364807128906,17.287309646606445,18.285842895507812,19.789270401000977,27.565431594848633,20.340221405029297,27.55758285522461,17.628185272216797,16.587142944335938,27.533519744873047,18.903047561645508,26.86652374267578,26.552047729492188,16.549522399902344,16.242170333862305,18.00249481201172,17.05408477783203,18.37893295288086,18.75468635559082,17.733266830444336,16.39518928527832,28.723960876464844,18.748802185058594,17.472454071044922,16.65880012512207,19.269914627075195,26.546722412109375,18.343338012695312,16.210468292236328,19.042959213256836,19.369417190551758,19.10240364074707,28.479021072387695,20.734004974365234,18.455751419067383,16.112428665161133,19.283111572265625,15.56849193572998,20.287870407104492,19.822120666503906,18.43441390991211,16.76889419555664,16.804279327392578,18.00135612487793,16.13735008239746,20.475929260253906,27.25175666809082,28.479408264160156,17.26247787475586
29.65748405456543,19.437335968017578,20.659818649291992,27.933025360107422,19.151470184326172,20.055952072143555,0.0,19.64833641052246,28.837764739990234,18.797374725341797,18.62869644165039,18.58131217956543,30.091794967651367,21.86803436279297,18.459863662719727,30.912458419799805,20.651958465576172,29.553373336791992,18.21136474609375,20.865114212036133,19.808839797973633,20.902828216552734,18.54283905029297,19.390493392944336,19.794240951538086,20.86598014831543,29.32686424255371,18.669292449951172,19.906471252441406,18.925790786743164,21.472070693969727,21.59310531616211,29.911767959594727,18.70194435119629,21.175594329833984,19.77115249633789,20.461627960205078,22.796140670776367,20.721471786499023,18.82992172241211,19.468900680541992,20.558818817138672,19.7899112701416,21.853225708007812,24.36330795288086,21.24553108215332,20.37976837158203,19.550241470336914,28.97464942932129,29.756786346435547,20.181549072265625,20.451173782348633,19.632078170776367,20.749094009399414,22.048452377319336,29.29084587097168,22.064767837524414,29.174104690551758,19.951711654663086,19.10208511352539,29.297536849975586,21.12590217590332,28.801015853881836,28.380033493041992,18.91937828063965,18.621158599853516,19.95444107055664,19.487775802612305,20.37448501586914,21.203937530517578,20.179214477539062,18.98809814453125,30.736515045166016,21.302509307861328,19.92864418029785,18.98004722595215,21.292076110839844,28.520740509033203,20.76337432861328,18.47752571105957,21.351606369018555,21.23709487915039,21.129680633544922,30.176393508911133,22.461719512939453,20.644262313842773,18.63581085205078,21.531396865844727,18.32921028137207,22.342044830322266,21.954832077026367,20.673227310180664,19.451072692871094,19.304079055786133,20.154300689697266,18.6309757232666,22.650419235229492,29.132123947143555,30.53852653503418,19.986494064331055
27.910816192626953,16.872539520263672,18.508100509643555,26.28680419921875,16.459304809570312,17.942440032958984,19.64833641052246,0.8921313881874084,27.128114700317383,16.319337844848633,16.021926879882812,15.714323043823242,28.407806396484375,19.460433959960938,15.660459518432617,29.312374114990234,18.30097770690918,27.86871910095215,15.6394624710083,18.620712280273438,17.60971450805664,18.5958251953125,15.792972564697266,16.603883743286133,16.94869613647461,18.828519821166992,27.510801315307617,16.096601486206055,17.481491088867188,16.199697494506836,19.064971923828125,19.102148056030273,28.2858943939209,16.121835708618164,18.68236541748047,17.35845375061035,18.10935401916504,20.768510818481445,18.698627471923828,16.347410202026367,16.93340492248535,18.424028396606445,17.153488159179688,19.818389892578125,22.178298950195312,18.617473602294922,17.889907836914062,16.86756134033203,27.069616317749023,28.080347061157227,17.70307731628418,17.902812957763672,17.034690856933594,17.978435516357422,19.769014358520508,27.60403823852539,20.015533447265625,27.65106773376465,17.513235092163086,16.420900344848633,27.64923095703125,18.632654190063477,26.79309844970703,26.566625595092773,16.21491050720215,16.105304718017578,17.83694839477539,16.963829040527344,18.3194580078125,19.08036994934082,17.65591812133789,16.357650756835938,28.967004776000977,18.87148094177246,17.34166717529297,16.42287826538086,19.2930850982666,26.587543487548828,17.975908279418945,16.069353103637695,19.062206268310547,19.205801010131836,18.91752052307129,28.50312614440918,20.461700439453125,18.206579208374023,15.9986572265625,19.362003326416016,15.50026798248291,20.20595932006836,19.45974349975586,18.360790252685547,16.72064781188965,16.95382308959961,18.004150390625,15.830384254455566,20.24842071533203,27.33402442932129,28.7601375579834,17.513750076293945
17.948820114135742,27.0899658203125,27.095417022705078,17.792587280273438,26.570411682128906,27.226533889770508,28.837764739990234,27.128114700317383,0.0,26.569944381713867,25.948604583740234,26.15806007385254,18.18880271911621,29.172849655151367,26.364259719848633,18.616989135742188,27.58745002746582,17.66936683654785,25.31563377380371,27.510988235473633,27.243370056152344,27.537961959838867,26.223787307739258,26.868667602539062,26.87505531311035,27.713199615478516,18.70383644104004,26.119524002075195,26.864604949951172,26.696115493774414,28.61533546447754,28.96230125427246,18.245651245117188,26.06810188293457,28.235538482666016,27.430673599243164,27.49370574951172,29.21259880065918,28.05112648010254,26.4792537689209,26.94941520690918,27.934860229492188,27.111919403076172,28.743885040283203,30.227691650390625,28.18094253540039,27.47490882873535,27.05158233642578,17.666852951049805,18.349924087524414,27.168249130249023,27.31805992126465,26.934417724609375,27.85272789001465,28.379310607910156,19.317960739135742,28.68321990966797,17.87519073486328,27.380983352661133,26.442901611328125,18.78825569152832,27.657079696655273,19.34184455871582,17.90642738342285,26.327564239501953,26.236064910888672,27.50066566467285,26.457014083862305,28.1832218170166,27.960203170776367,27.40519905090332,26.980985641479492,18.458608627319336,27.636505126953125,26.873737335205078,26.571578979492188,28.32107925415039,17.694564819335938,27.666471481323242,26.068307876586914,27.845415115356445,28.16553497314453,27.750009536743164,17.91724967956543,29.252628326416016,27.65829849243164,26.206716537475586,28.363950729370117,26.19959831237793,29.04373550415039,28.804441452026367,27.554447174072266,26.83833885192871,26.950611114501953,27.910308837890625,26.343915939331055,29.166046142578125,18.811643600463867,17.910572052001953,26.750492095947266
27.494539260864258,15.129664421081543,16.837299346923828,25.652177810668945,14.780523300170898,16.05809211730957,18.797374725341797,16.319337844848633,26.569944381713867,1.0378576517105103,14.009344100952148,13.707106590270996,27.911376953125,18.23164939880371,14.221084594726562,28.951400756835938,16.737213134765625,27.298328399658203,13.693563461303711,16.882217407226562,15.545516967773438,17.000085830688477,14.090995788574219,15.02590560913086,15.46444034576416,17.392513275146484,27.19731330871582,14.42300033569336,15.934880256652832,14.670186042785645,17.893442153930664,17.613027572631836,27.909408569335938,14.266814231872559,17.198562622070312,15.59154224395752,16.280229568481445,19.654747009277344,17.070453643798828,14.890419960021973,15.115021705627441,17.006547927856445,15.243114471435547,18.420291900634766,21.061677932739258,17.14678382873535,16.62320899963379,15.181164741516113,26.47808265686035,27.554216384887695,16.020967483520508,16.382810592651367,15.477522850036621,16.768020629882812,18.400028228759766,27.32017707824707,19.004934310913086,27.1815185546875,15.778944969177246,14.704876899719238,27.176227569580078,17.316293716430664,26.36427879333496,26.115793228149414,14.689661026000977,14.421409606933594,16.229915618896484,15.274170875549316,16.609661102294922,17.564931869506836,16.020891189575195,14.166404724121094,28.48585319519043,17.362348556518555,15.553006172180176,14.974099159240723,17.583576202392578,26.099205017089844,16.981651306152344,14.095602989196777,17.607275009155273,17.883520126342773,17.379411697387695,28.208642959594727,18.919288635253906,16.553550720214844,14.075462341308594,17.913270950317383,13.497286796569824,18.896148681640625,18.196128845214844,17.195240020751953,15.219680786132812,15.067977905273438,16.441776275634766,14.02042293548584,19.38075828552246,26.78289031982422,28.2000732421875,15.784761428833008
26.694772720336914,15.03110408782959,16.83983612060547,25.042375564575195,14.528494834899902,15.94743824005127,18.62869644165039,16.021926879882812,25.948604583740234,14.009344100952148,0.0,13.308483123779297,27.281017303466797,18.206912994384766,14.047196388244629,28.179668426513672,16.430072784423828,26.73644256591797,13.547928810119629,16.861452102661133,15.81035327911377,17.02950096130371,13.842391967773438,14.813011169433594,15.145598411560059,17.10321617126465,26.290973663330078,14.193194389343262,15.694470405578613,14.542250633239746,17.70511817932129,17.79458999633789,27.25337791442871,14.073155403137207,16.94036865234375,15.354677200317383,16.27651023864746,19.39726448059082,17.091522216796875,14.691588401794434,14.844440460205078,16.89992332458496,15.059873580932617,18.10707664489746,21.01789665222168,17.144420623779297,16.341121673583984,15.08604907989502,25.983694076538086,27.069103240966797,16.009321212768555,16.211538314819336,15.471559524536133,16.67896842956543,18.42814826965332,26.740652084350586,18.712358474731445,26.524099349975586,15.867247581481934,14.630157470703125,26.450693130493164,17.134193420410156,25.651691436767578,25.50933265686035,14.546195030212402,14.454568862915039,15.826513290405273,15.03016185760498,16.520776748657227,17.479536056518555,15.927095413208008,14.21419906616211,27.895523071289062,17.28568458557129,15.54066276550293,14.667988777160645,17.314868927001953,25.48529052734375,16.560407638549805,13.793096542358398,17.468372344970703,17.64399528503418,17.218608856201172,27.374170303344727,19.11133575439453,16.659547805786133,13.971878051757812,17.93767738342285,13.455329895019531,18.5509090423584,18.037328720092773,16.93623161315918,14.834915161132812,14.98415470123291,16.395814895629883,13.899331092834473,19.194623947143555,26.033445358276367,27.642864227294922,15.696943283081055
27.078227996826172,14.690574645996094,16.473819732666016,25.192869186401367,14.314751625061035,15.791178703308105,18.58131217956543,15.714323043823242,26.15806007385254,13.707106590270996,13.308483123779297,1.0068126916885376,27.420963287353516,17.95570182800293,13.674972534179688,28.505430221557617,16.31932258605957,26.930837631225586,13.335752487182617,16.59523582458496,15.119704246520996,16.690162658691406,13.645984649658203,14.60094165802002,14.866052627563477,16.75373077392578,26.5964298248291,13.863611221313477,15.550368309020996,14.169230461120605,17.343467712402344,17.18032455444336,27.373117446899414,13.865548133850098,16.87531852722168,15.250351905822754,15.958534240722656,19.11444091796875,16.68015480041504,14.312277793884277,14.698450088500977,16.73611831665039,14.962485313415527,17.97388458251953,20.538240432739258,16.928850173950195,15.938541412353516,14.685853958129883,26.15751075744629,27.09950828552246,15.694968223571777,15.89903450012207,15.15832805633545,16.230712890625,18.11916732788086,26.778488159179688,18.516422271728516,26.59356689453125,15.312580108642578,14.401385307312012,26.70547866821289,16.94904136657715,25.968280792236328,25.714069366455078,14.026846885681152,13.898874282836914,15.7810640335083,14.758405685424805,16.39200210571289,17.22106170654297,15.555344581604004,13.88106918334961,27.98664665222168,17.074657440185547,15.363133430480957,14.271690368652344,17.24110984802246,25.621217727661133,16.457820892333984,13.548613548278809,17.400062561035156,17.45764923095703,17.062700271606445,27.542314529418945,18.7752685546875,16.21019744873047,13.75633716583252,17.512649536132812,13.104466438293457,18.507850646972656,17.853530883789062,16.48204231262207,14.618906021118164,14.733786582946777,15.989620208740234,13.531051635742188,18.815887451171875,26.180301666259766,27.908620834350586,15.197720527648926
19.09084701538086,28.279359817504883,28.40560531616211,18.212343215942383,27.90974998474121,28.30259895324707,30.091794967651367,28.407806396484375,18.18880271911621,27.911376953125,27.281017303466797,27.420963287353516,0.0,30.24999237060547,27.50299072265625,20.002391815185547,28.701717376708984,17.88720703125,26.78148651123047,28.430484771728516,28.46058464050293,28.693729400634766,27.40874481201172,28.017711639404297,28.181177139282227,28.930370330810547,19.49983787536621,27.328325271606445,28.21805763244629,27.782470703125,29.696420669555664,30.181983947753906,18.147037506103516,27.52220344543457,29.067045211791992,28.705366134643555,28.59583282470703,30.10869026184082,29.2482967376709,27.670696258544922,27.90373992919922,29.11956787109375,28.367565155029297,29.804080963134766,31.35236358642578,29.348907470703125,28.682750701904297,28.218385696411133,18.55814552307129,18.378215789794922,28.445344924926758,28.590906143188477,28.04725456237793,28.98446273803711,29.73185920715332,19.514442443847656,30.06504249572754,18.503232955932617,28.692623138427734,27.717639923095703,19.4166259765625,29.040523529052734,20.178028106689453,18.766855239868164,27.446218490600586,27.486066818237305,28.73224639892578,27.635055541992188,29.375640869140625,29.281967163085938,28.368236541748047,28.00839614868164,18.86335563659668,28.940292358398438,28.26828956604004,27.999284744262695,29.48064422607422,17.881608963012695,28.744709014892578,27.48114585876465,29.093421936035156,29.225482940673828,28.856155395507812,18.24356460571289,30.658288955688477,28.93393898010254,27.562854766845703,29.546672821044922,27.35608673095703,30.146459579467773,30.051761627197266,28.632478713989258,28.135692596435547,28.078338623046875,29.06376075744629,27.64963722229004,30.391834259033203,19.309085845947266,18.150318145751953,27.979721069335938
29.95464515686035,19.041278839111328,20.58890151977539,28.12282943725586,18.714967727661133,20.052349090576172,21.86803436279297,19.460433959960938,29.172849655151367,18.23164939880371,18.206912994384766,17.95570182800293,30.24999237060547,0.0,17.855649948120117,31.25385856628418,20.166603088378906,29.86587905883789,17.814624786376953,20.50800132751465,19.450946807861328,20.749258041381836,18.26560401916504,19.061847686767578,19.009571075439453,20.75288200378418,29.54348373413086,18.217369079589844,19.692731857299805,18.572834014892578,21.42722511291504,20.98285675048828,30.286529541015625,18.33553695678711,20.702577590942383,19.495553970336914,20.060443878173828,22.198204040527344,20.634265899658203,18.46672821044922,19.033519744873047,20.388906478881836,19.157346725463867,21.71540069580078,23.95880699157715,20.78097915649414,19.95237159729004,18.94412612915039,28.967443466186523,29.91189956665039,19.811969757080078,19.989633560180664,19.263084411621094,20.171215057373047,21.540250778198242,29.75855827331543,22.211957931518555,29.7994441986084,19.584178924560547,18.696067810058594,29.81363868713379,20.817684173583984,29.045879364013672,28.52857208251953,18.507732391357422,18.30300521850586,19.9650821685791,19.301790237426758,20.261354446411133,21.029624938964844,19.649864196777344,18.469345092773438,30.806184768676758,20.47294807434082,19.50853729248047,18.63138198852539,21.011470794677734,28.564611434936523,20.568815231323242,18.07836151123047,21.048748016357422,21.21511459350586,21.025375366210938,30.374469757080078,22.143354415893555,19.97480010986328,18.277523040771484,21.39822006225586,17.871763229370117,21.875993728637695,21.668996810913086,20.72694969177246,18.924488067626953,18.874326705932617,19.67312240600586,18.042688369750977,22.47292137145996,29.402530670166016,30.611732482910156,19.7280216217041
27.348526000976562,15.086841583251953,16.8377628326416,25.434926986694336,14.338472366333008,16.062484741210938,18.459863662719727,15.660459518432617,26.364259719848633,14.221084594726562,14.047196388244629,13.674972534179688,27.50299072265625,17.855649948120117,0.7948811054229736,28.62963104248047,16.477405548095703,27.131793975830078,13.595887184143066,16.814096450805664,15.72566032409668,16.958545684814453,13.968225479125977,15.002847671508789,15.156668663024902,17.470539093017578,26.88838768005371,14.128767013549805,15.791626930236816,14.454130172729492,17.48584747314453,17.807222366333008,27.566999435424805,14.167421340942383,16.780391693115234,15.604893684387207,16.420246124267578,19.275056838989258,16.852357864379883,14.465526580810547,15.201318740844727,17.064661026000977,15.218524932861328,18.137859344482422,20.83014678955078,17.143423080444336,16.206989288330078,15.158971786499023,26.362361907958984,27.388080596923828,16.0255069732666,16.062772750854492,15.468812942504883,16.64971160888672,18.371810913085938,26.99148178100586,18.579090118408203,26.984127044677734,15.807280540466309,14.427045822143555,26.911884307861328,16.96627426147461,26.02074432373047,25.833271026611328,14.375543594360352,14.004079818725586,16.024898529052734,15.049478530883789,16.5997371673584,17.350309371948242,15.740696907043457,14.05480670928955,28.299880981445312,17.313077926635742,15.754695892333984,14.6530179977417,17.66848373413086,25.728933334350586,16.44378089904785,13.85653018951416,17.536666870117188,17.756174087524414,17.410400390625,27.846012115478516,18.826770782470703,16.37522315979004,14.219865798950195,18.00143814086914,13.39570140838623,18.97304916381836,18.20498275756836,16.904010772705078,14.868614196777344,15.065498352050781,16.074487686157227,13.774002075195312,18.87264633178711,26.48043441772461,27.911035537719727,15.642412185668945
19.514554977416992,29.394865036010742,29.192710876464844,19.20778465270996,28.90318489074707,29.088001251220703,30.912458419799805,29.312374114990234,18.616989135742188,28.951400756835938,28.179668426513672,28.505430221557617,20.002391815185547,31.25385856628418,28.62963104248047,1.0845595598220825,29.867578506469727,18.586658477783203,27.624221801757812,29.47937774658203,29.46938705444336,29.965808868408203,28.598735809326172,28.898292541503906,29.119659423828125,29.800294876098633,20.11981964111328,28.24350929260254,29.137361526489258,28.779476165771484,30.688119888305664,31.199247360229492,19.369441986083984,28.387361526489258,30.104228973388672,29.46598243713379,29.504873275756836,31.04132652282715,30.048917770385742,28.697616577148438,28.989315032958984,30.096111297607422,29.32265853881836,30.764867782592773,32.20752716064453,30.36221694946289,29.51605987548828,29.143226623535156,19.561725616455078,19.988557815551758,29.60572624206543,29.450185775756836,29.06566619873047,30.0722599029541,30.58927345275879,19.884075164794922,30.837614059448242,19.92972183227539,29.61397933959961,28.582460403442383,20.264511108398438,30.016019821166992,20.667463302612305,19.641948699951172,28.519344329833984,28.306644439697266,29.703826904296875,28.6057186126709,30.585369110107422,30.06706428527832,29.514116287231445,29.01578140258789,19.34473419189453,30.02932357788086,29.200603485107422,28.994586944580078,30.632539749145508,19.3773193359375,29.69384002685547,28.710247039794922,29.8963623046875,30.309873580932617,29.819984436035156,19.4958553314209,31.566606521606445,29.986740112304688,28.47883415222168,30.690967559814453,28.530847549438477,30.849899291992188,30.693737030029297,29.59869956970215,28.948009490966797,28.926015853881836,29.86623764038086,28.621912002563477,31.449573516845703,20.268762588500977,18.882474899291992,29.070858001708984
28.6310977935791,17.7034912109375,19.062986373901367,26.6379451751709,17.008886337280273,18.227109909057617,20.651958465576172,18.30097770690918,27.58745002746582,16.737213134765625,16.430072784423828,16.31932258605957,28.701717376708984,20.166603088378906,16.477405548095703,29.867578506469727,0.6931585073471069,28.316837310791016,16.193788528442383,18.87335777282715,18.04999351501465,19.27235984802246,16.476945877075195,17.31039810180664,17.840383529663086,19.52237319946289,28.008115768432617,16.722152709960938,18.192895889282227,17.0783748626709,19.67479705810547,20.064119338989258,28.827146530151367,16.727787017822266,19.364463806152344,18.090402603149414,18.4403076171875,21.413148880004883,19.212677001953125,17.041553497314453,17.309749603271484,19.154695510864258,17.6055965423584,20.415699005126953,22.52068328857422,19.198680877685547,18.6165828704834,17.379018783569336,27.63319969177246,28.52592658996582,18.391639709472656,18.594406127929688,17.89641761779785,18.73868179321289,20.41713523864746,28.261119842529297,20.724712371826172,28.09819984436035,18.114139556884766,17.1317138671875,28.116004943847656,19.262298583984375,27.550060272216797,27.015106201171875,16.955392837524414,16.782529830932617,18.303138732910156,17.524328231811523,18.9090518951416,19.422245025634766,18.18751335144043,16.829946517944336,29.340288162231445,19.65675926208496,18.145315170288086,17.328948974609375,19.529237747192383,27.200958251953125,18.942991256713867,16.4619140625,19.552038192749023,19.95948028564453,19.31175422668457,28.955556869506836,21.078941345214844,18.78404426574707,16.640514373779297,19.947673797607422,16.22451400756836,21.23874855041504,20.200931549072266,18.876758575439453,17.279300689697266,17.436309814453125,18.496686935424805,16.48655891418457,20.959653854370117,27.833717346191406,29.16792869567871,17.97884178161621
18.71364974975586,27.68283462524414,27.74662208557129,18.06995964050293,27.478534698486328,27.713438034057617,29.553373336791992,27.86871910095215,17.66936683654785,27.298328399658203,26.73644256591797,26.930837631225586,17.88720703125,29.86587905883789,27.131793975830078,18.586658477783203,28.316837310791016,0.6970221400260925,26.126346588134766,28.135042190551758,28.03145980834961,28.397052764892578,27.124271392822266,27.552471160888672,27.651199340820312,28.392478942871094,19.294971466064453,26.70395278930664,27.67813491821289,27.113378524780273,29.15599822998047,29.66264533996582,17.90248680114746,26.924962997436523,28.679073333740234,28.00421905517578,27.86058807373047,29.829200744628906,28.603515625,27.20081329345703,27.45096778869629,28.46352767944336,27.808944702148438,29.309085845947266,30.952505111694336,28.92841148376465,28.135276794433594,27.63141632080078,18.267127990722656,18.336374282836914,27.98396873474121,28.12726593017578,27.713394165039062,28.385623931884766,29.049678802490234,19.022048950195312,29.356609344482422,17.782224655151367,28.215679168701172,27.15669059753418,18.682117462158203,28.473800659179688,19.739973068237305,18.128286361694336,26.969728469848633,26.87692642211914,27.992961883544922,27.200653076171875,28.870620727539062,28.574813842773438,28.06631088256836,27.492382049560547,18.434188842773438,28.31609535217285,27.694711685180664,27.600553512573242,28.93190574645996,17.71055030822754,28.263124465942383,27.01028823852539,28.441303253173828,28.846813201904297,28.539899826049805,17.987951278686523,30.07097816467285,28.341346740722656,26.96404266357422,28.9327335357666,26.633270263671875,29.629467010498047,29.660572052001953,28.252403259277344,27.45762825012207,27.37567710876465,28.473997116088867,27.10919952392578,29.991535186767578,18.958154678344727,17.65839385986328,27.442829132080078
26.40459442138672,14.669620513916016,16.407291412353516,24.634754180908203,14.304070472717285,15.514704704284668,18.21136474609375,15.6394624710083,25.31563377380371,13.693563461303711,13.547928810119629,13.335752487182617,26.78148651123047,17.814624786376953,13.595887184143066,27.624221801757812,16.193788528442383,26.126346588134766,0.0,16.266157150268555,15.123143196105957,16.621694564819336,13.575508117675781,14.579874992370605,15.025044441223145,16.957868576049805,25.9359188079834,13.563453674316406,15.178704261779785,14.311851501464844,17.124229431152344,17.40643310546875,26.713056564331055,14.025471687316895,16.798959732055664,15.24959945678711,15.837955474853516,19.208152770996094,16.788522720336914,14.199850082397461,14.633244514465332,16.615245819091797,14.84266471862793,17.86752700805664,20.6926212310791,16.654651641845703,15.92131519317627,14.895026206970215,25.46662139892578,26.462743759155273,15.67127513885498,16.137666702270508,15.220065116882324,16.294126510620117,17.86640739440918,26.214214324951172,18.310779571533203,26.114429473876953,15.301000595092773,14.187568664550781,25.96288299560547,17.02284812927246,25.25874900817871,25.057355880737305,13.989306449890137,13.751953125,15.894795417785645,14.845114707946777,16.35224723815918,16.95779800415039,15.467897415161133,14.124378204345703,27.280927658081055,16.86786651611328,15.36381721496582,14.199575424194336,17.37738800048828,25.27489471435547,16.179187774658203,13.714300155639648,17.34130096435547,17.372934341430664,17.091035842895508,26.893878936767578,18.950336456298828,16.04449462890625,13.668633460998535,17.439306259155273,12.95266342163086,18.551013946533203,17.76920509338379,16.586082458496094,14.414788246154785,14.632209777832031,15.67615032196045,13.637340545654297,18.549514770507812,25.612258911132812,27.162273406982422,15.209346771240234
28.382793426513672,17.56983757019043,19.18975257873535,26.53416633605957,17.29932403564453,18.519521713256836,20.865114212036133,18.620712280273438,27.510988235473633,16.882217407226562,16.861452102661133,16.59523582458496,28.430484771728516,20.50800132751465,16.814096450805664,29.47937774658203,18.87335777282715,28.135042190551758,16.266157150268555,0.411029577255249,17.803382873535156,19.487838745117188,16.557796478271484,17.534536361694336,17.734298706054688,19.798681259155273,28.042247772216797,16.949129104614258,18.2396297454834,17.346776962280273,19.796449661254883,19.949142456054688,28.639436721801758,17.118227005004883,19.37605857849121,18.28036880493164,18.866901397705078,21.313495635986328,19.272232055664062,17.20008087158203,17.479381561279297,19.374759674072266,17.67707633972168,20.39423370361328,22.613689422607422,19.231678009033203,18.612031936645508,17.69380760192871,27.580467224121094,28.51091194152832,18.311033248901367,18.737951278686523,18.13884162902832,19.12660789489746,20.32192039489746,28.004072189331055,20.82229232788086,28.076885223388672,18.18697738647461,17.212921142578125,28.04088020324707,19.328105926513672,27.24180030822754,27.039024353027344,17.109039306640625,17.017454147338867,18.536163330078125,17.881513595581055,19.20229148864746,19.765520095825195,17.97817611694336,17.065834045410156,29.07732391357422,19.62192726135254,17.969158172607422,17.33911895751953,20.007566452026367,26.876144409179688,19.064189910888672,16.788654327392578,19.648609161376953,20.15216827392578,19.471120834350586,28.91152000427246,20.98932456970215,19.06970977783203,16.71162223815918,20.132701873779297,16.30787467956543,20.752071380615234,20.270328521728516,19.139726638793945,17.718971252441406,17.815597534179688,18.724395751953125,16.671531677246094,21.1690673828125,27.518503189086914,28.924015045166016,17.974740982055664
28.249160766601562,16.60497283935547,18.33622932434082,26.467689514160156,16.14114761352539,17.662071228027344,19.808839797973633,17.60971450805664,27.243370056152344,15.545516967773438,15.81035327911377,15.119704246520996,28.46058464050293,19.450946807861328,15.72566032409668,29.46938705444336,18.04999351501465,28.03145980834961,15.123143196105957,17.803382873535156,0.0,18.179698944091797,15.584149360656738,16.377296447753906,16.717639923095703,18.7393856048584,27.80052375793457,15.66321849822998,17.288694381713867,16.19980239868164,18.71979331970215,19.21994400024414,28.524600982666016,15.779888153076172,18.497148513793945,17.243574142456055,17.899349212646484,20.59027671813965,18.40528106689453,16.13197898864746,16.37666893005371,18.274436950683594,16.941650390625,19.471872329711914,22.006391525268555,18.552947998046875,17.633115768432617,16.754823684692383,27.428253173828125,28.353628158569336,17.47358512878418,17.75605010986328,17.094364166259766,17.980934143066406,19.455829620361328,28.109779357910156,19.97956657409668,27.957530975341797,17.277421951293945,16.12571144104004,27.991680145263672,18.49860191345215,27.278823852539062,27.01544952392578,15.949398040771484,15.84567642211914,17.62991714477539,16.903274536132812,17.989309310913086,18.786903381347656,17.356287002563477,15.710904121398926,29.201908111572266,18.929763793945312,17.466598510742188,16.43655014038086,19.12128448486328,26.81291961669922,18.415956497192383,15.680557250976562,19.090961456298828,19.027772903442383,18.666820526123047,28.870874404907227,20.248071670532227,18.074066162109375,15.808207511901855,19.21933364868164,15.354708671569824,20.151912689208984,19.196138381958008,18.29189109802246,16.664865493774414,16.55698585510254,17.76253890991211,15.582364082336426,20.404993057250977,27.5352840423584,28.984724044799805,17.0858211517334
