0.33071890473365784,20.48086166381836,20.432342529296875,1.5604870319366455,20.56149673461914,20.2039737701416,20.267257690429688,20.384990692138672,1.5747953653335571,20.621726989746094,20.3787784576416,21.05919075012207,2.0480077266693115,20.421398162841797,20.87579345703125,4.076987266540527,20.18755531311035,2.1801984310150146,19.659101486206055,20.541772842407227,20.32561492919922,20.23407745361328,20.868995666503906,20.8726749420166,20.66315460205078,20.354188919067383,1.2500488758087158,20.322561264038086,20.82729148864746,20.406110763549805,21.104719161987305,20.53797721862793,1.2262763977050781,20.187589645385742,20.77782440185547,20.850635528564453,20.654132843017578,20.011688232421875,21.147573471069336,20.45740509033203,20.455726623535156,20.740135192871094,21.038408279418945,21.07122039794922,20.871484756469727,21.06473159790039,20.974929809570312,20.49793243408203,2.063520669937134,2.0306339263916016,20.301677703857422,20.82417106628418,20.438697814941406,20.623430252075195,21.225603103637695,0.2599344551563263,20.50108528137207,1.1982067823410034,20.66068458557129,20.622678756713867,1.3547874689102173,20.35123634338379,0.7925164103507996,1.492300033569336,20.577091217041016,20.326087951660156,20.515453338623047,19.999134063720703,20.284833908081055,20.571544647216797,20.366897583007812,21.10686492919922,1.2476050853729248,20.144933700561523,20.625843048095703,20.438112258911133,20.767675399780273,2.652179718017578,20.213191986083984,20.746889114379883,21.060529708862305,24.732873916625977,21.23577117919922,1.8673019409179688,20.4915771484375,21.05187225341797,20.783437728881836,21.113588333129883,20.6314640045166,20.333078384399414,21.019533157348633,20.85902214050293,20.6262149810791,20.557357788085938,20.60896873474121,20.95133399963379,20.76513671875,1.5968108177185059,0.5779269933700562,20.74833869934082
20.48086166381836,0.12954829633235931,0.08273737877607346,21.724599838256836,0.2919970750808716,0.32430699467658997,0.2091371864080429,0.34796062111854553,21.757631301879883,0.3179217278957367,0.28370779752731323,0.8324689865112305,21.301780700683594,0.13469484448432922,0.3944176137447357,22.12598991394043,0.3383531868457794,22.64105796813965,0.8536468744277954,0.5045701265335083,0.18194489181041718,0.5237863063812256,0.4916737675666809,0.6076526045799255,0.2913922369480133,0.1259046196937561,21.565322875976562,0.7487592101097107,0.5466727018356323,0.2030169814825058,3.937323570251465,1.7528984546661377,21.66227912902832,0.31902071833610535,0.3959933817386627,0.5508920550346375,0.26899999380111694,0.7586665153503418,1.2424124479293823,0.23825323581695557,0.2190897911787033,0.7053986191749573,0.9976043701171875,0.8934879899024963,2.1571884155273438,1.2752799987792969,0.6847841143608093,0.47538435459136963,22.184612274169922,22.461475372314453,0.3271571695804596,0.3571816682815552,0.2053244411945343,0.23398812115192413,1.1963484287261963,20.562501907348633,0.5952146649360657,21.5623722076416,0.22524960339069366,0.15567521750926971,19.281265258789062,0.1317165195941925,19.880163192749023,19.049375534057617,0.41929003596305847,0.21522073447704315,1.4754769802093506,0.5619020462036133,0.32025444507598877,0.5042543411254883,0.8561819195747375,0.6925859451293945,21.332887649536133,0.35194748640060425,0.12555570900440216,0.18410728871822357,0.4240058362483978,22.621286392211914,0.3216821253299713,0.2724206745624542,4.548628330230713,15.423128128051758,2.5267913341522217,21.150775909423828,0.6508655548095703,0.802550196647644,0.3274179697036743,1.0749012231826782,0.38721412420272827,0.3402111530303955,0.6507688164710999,0.423213392496109,0.23841328918933868,0.306945264339447,0.7245501279830933,0.5185703039169312,0.3034800589084625,21.496780395507812,20.113616943359375,0.2948280870914459
20.432342529296875,0.08273737877607346,0.0,21.671472549438477,0.37015196681022644,0.31224966049194336,0.12187875807285309,0.409260094165802,21.713539123535156,0.23152564465999603,0.3250677287578583,0.786255955696106,21.262754440307617,0.09391261637210846,0.4219721853733063,22.06058120727539,0.2229045331478119,22.59052276611328,0.771066427230835,0.3916587829589844,0.17131923139095306,0.5739437937736511,0.5785982608795166,0.550308346748352,0.21926818788051605,0.05859375,21.519575119018555,0.8253137469291687,0.4899483323097229,0.02873816154897213,4.038539409637451,1.8479458093643188,21.612613677978516,0.28393125534057617,0.35143768787384033,0.4953858256340027,0.20596441626548767,0.6340606212615967,1.1760529279708862,0.28823983669281006,0.0,0.8014062643051147,1.0984561443328857,0.8418693542480469,2.059004068374634,1.1991058588027954,0.6394165754318237,0.3501027524471283,22.13078498840332,22.414600372314453,0.36456137895584106,0.3918876051902771,0.0,0.12628278136253357,1.139541745185852,20.511869430541992,0.6833105087280273,21.51374626159668,0.29770582914352417,0.12814196944236755,19.23530387878418,0.0,19.83263397216797,19.00019073486328,0.3026745021343231,0.2035236805677414,1.5694085359573364,0.5585510730743408,0.16195045411586761,0.5933901071548462,0.736522376537323,0.6893286108970642,21.288454055786133,0.25346264243125916,0.11106225103139877,0.22765010595321655,0.5120019316673279,22.565505981445312,0.1997494101524353,0.29109427332878113,4.648219108581543,15.519625663757324,2.437255859375,21.09449005126953,0.5329079031944275,0.8966885805130005,0.3356165587902069,1.1747685670852661,0.46961793303489685,0.19752168655395508,0.631841242313385,0.49685826897621155,0.16562454402446747,0.3862943649291992,0.6169263124465942,0.5163772106170654,0.3406761884689331,21.4420223236084,20.063133239746094,0.34538573026657104
1.5604870319366455,21.724599838256836,21.671472549438477,0.0,21.817399978637695,21.45465850830078,21.511581420898438,21.643802642822266,1.8997471332550049,21.853668212890625,21.63289451599121,22.275257110595703,2.939483642578125,21.66664695739746,22.117938995361328,2.8284378051757812,21.425378799438477,0.9318351149559021,20.892852783203125,21.763090133666992,21.574371337890625,21.4984073638916,22.12706756591797,22.094722747802734,21.89661407470703,21.60029411315918,1.5560903549194336,21.59955596923828,22.05206298828125,21.644561767578125,22.50347328186035,21.858091354370117,0.6605375409126282,21.435544967651367,22.009525299072266,22.075075149536133,21.889366149902344,21.227859497070312,22.34212303161621,21.709951400756836,21.689706802368164,22.012590408325195,22.3184757232666,22.28366470336914,22.01168441772461,22.254547119140625,22.196191787719727,21.719722747802734,0.33104172348976135,1.5235376358032227,21.557767868041992,22.06825828552246,21.674922943115234,21.857343673706055,22.4249324798584,1.1531710624694824,21.772077560424805,1.0322999954223633,21.911184310913086,21.863677978515625,2.845310926437378,21.595638275146484,2.1967716217041016,2.7962749004364014,21.801584243774414,21.57455825805664,21.824100494384766,21.255556106567383,21.517738342285156,21.837566375732422,21.571086883544922,22.337797164916992,1.8827881813049316,21.38495635986328,21.86777687072754,21.689207077026367,22.025691986083984,0.9647725820541382,21.450706481933594,21.989234924316406,22.48035430908203,26.31214141845703,22.361698150634766,1.0083119869232178,21.705049514770508,22.320466995239258,22.023801803588867,22.394750595092773,21.889976501464844,21.564773559570312,22.247915267944336,22.111690521240234,21.862199783325195,21.814090728759766,21.81877326965332,22.186201095581055,22.010101318359375,0.0,1.6676896810531616,21.995580673217773
20.56149673461914,0.2919970750808716,0.37015196681022644,21.817399978637695,0.0,0.3748283088207245,0.3763885200023651,0.17393232882022858,21.826566696166992,0.531872570514679,0.21345877647399902,0.9947956204414368,21.35749626159668,0.2813652753829956,0.4202510416507721,22.251850128173828,0.5476565361022949,22.726945877075195,1.0230413675308228,0.755565345287323,0.2645168900489807,0.38150110840797424,0.2730291187763214,0.7909529209136963,0.49254003167152405,0.2802785336971283,21.638614654541016,0.5156471729278564,0.7284697890281677,0.4280441701412201,3.664048194885254,1.4845613241195679,21.74589729309082,0.4139266014099121,0.5624186396598816,0.7319047451019287,0.45921704173088074,1.015810489654541,1.4403756856918335,0.1629367470741272,0.4832001328468323,0.4240373373031616,0.7271844148635864,1.065423846244812,2.413022994995117,1.4910526275634766,0.847632646560669,0.7375303506851196,22.27927017211914,22.53771209716797,0.25040403008461,0.36639970541000366,0.452208548784256,0.4624144732952118,1.377203106880188,20.64870262145996,0.31361496448516846,21.64326286315918,0.09888871014118195,0.31779569387435913,19.35521125793457,0.3165358304977417,19.958209991455078,19.131824493408203,0.6712601184844971,0.29366129636764526,1.2073196172714233,0.5660845637321472,0.5727995038032532,0.21166415512561798,1.126287817955017,0.771266758441925,21.402746200561523,0.5398509502410889,0.28497225046157837,0.15533791482448578,0.17601437866687775,22.721141815185547,0.536837637424469,0.3382742702960968,4.278703689575195,15.161616325378418,2.769012689590454,21.25204086303711,0.9147091507911682,0.5625576376914978,0.4055663049221039,0.8129717111587524,0.1376710683107376,0.5890526175498962,0.7632484436035156,0.2796347141265869,0.4373015761375427,0.0,0.9807780385017395,0.6025177240371704,0.31367576122283936,21.593923568725586,20.199453353881836,0.263107031583786
20.2039737701416,0.32430699467658997,0.31224966049194336,21.45465850830078,0.3748283088207245,0.0,0.10796426981687546,0.24745985865592957,21.474660873413086,0.582507848739624,0.21752148866653442,1.1261358261108398,21.012588500976562,0.2540714740753174,0.6864928603172302,21.878732681274414,0.27913379669189453,22.3670711517334,0.6518841981887817,0.7149831652641296,0.07352159917354584,0.3099466860294342,0.6713382601737976,0.8976708054542542,0.5806499719619751,0.1429155021905899,21.284557342529297,0.5872673988342285,0.8329551219940186,0.34780022501945496,3.8214004039764404,1.6270129680633545,21.387042999267578,0.05713933706283569,0.6950387954711914,0.844846785068512,0.5556100010871887,0.7528337240219116,1.5131072998046875,0.27677062153816223,0.4273272752761841,0.7335427403450012,1.0689760446548462,1.1837762594223022,2.3477790355682373,1.53351628780365,0.983401358127594,0.6751762628555298,21.91585350036621,22.182266235351562,0.13944000005722046,0.6343598365783691,0.39188152551651,0.5316151976585388,1.4816532135009766,20.288637161254883,0.5256609916687012,21.28570556640625,0.442001074552536,0.45599716901779175,19.000810623168945,0.17558039724826813,19.601909637451172,18.773469924926758,0.6588236689567566,0.14265836775302887,1.3532168865203857,0.24676905572414398,0.3861851096153259,0.497958779335022,0.9940379858016968,0.9961081147193909,21.0504093170166,0.22524641454219818,0.4422254264354706,0.22966250777244568,0.5776901841163635,22.355741500854492,0.2878524661064148,0.5636770725250244,4.417771816253662,15.26179027557373,2.7416372299194336,20.88625717163086,0.8350842595100403,0.9382773637771606,0.61891108751297,1.155340313911438,0.4752790331840515,0.4424453377723694,0.9502866268157959,0.646608293056488,0.5227072834968567,0.37654179334640503,0.9408773183822632,0.8193679451942444,0.5735540390014648,21.229440689086914,19.839597702026367,0.5478280782699585
20.267257690429688,0.2091371864080429,0.12187875807285309,21.511581420898438,0.3763885200023651,0.10796426981687546,0.0,0.3177296817302704,21.543882369995117,0.43755558133125305,0.24452704191207886,0.98614102602005,21.088294982910156,0.13879217207431793,0.5929021239280701,21.917104721069336,0.1355171799659729,22.427654266357422,0.639121949672699,0.5592233538627625,0.0,0.43239888548851013,0.6543719172477722,0.754063069820404,0.4390232264995575,0.0,21.35158920288086,0.7092674970626831,0.6916006803512573,0.1947893351316452,3.9465842247009277,1.750470757484436,21.448789596557617,0.04846053197979927,0.5603128671646118,0.7022428512573242,0.4193207323551178,0.6389693021774292,1.3639498949050903,0.26504454016685486,0.25940006971359253,0.7876774072647095,1.113344669342041,1.040776014328003,2.1987380981445312,1.3810862302780151,0.8438477516174316,0.5153123140335083,21.97176742553711,22.247802734375,0.22971129417419434,0.548414409160614,0.23127424716949463,0.38168230652809143,1.3349308967590332,20.349056243896484,0.613782525062561,21.348838806152344,0.38978180289268494,0.33571457862854004,19.067508697509766,0.0,19.666507720947266,18.8358097076416,0.49881795048713684,0.07512552291154861,1.4739999771118164,0.3638956844806671,0.2218119353055954,0.5564315915107727,0.8469967246055603,0.8815514445304871,21.119157791137695,0.09500803798437119,0.32459211349487305,0.1998162418603897,0.5683711171150208,22.408859252929688,0.1354837566614151,0.46383634209632874,4.547495365142822,15.400625228881836,2.5908024311065674,20.938547134399414,0.6791154742240906,0.9498469829559326,0.5140727162361145,1.1960614919662476,0.48445767164230347,0.28815874457359314,0.8271282315254211,0.6031797528266907,0.38499483466148376,0.3853130042552948,0.7829230427742004,0.7064854502677917,0.4896971583366394,21.284046173095703,19.90018653869629,0.4760529398918152
20.384990692138672,0.34796062111854553,0.409260094165802,21.643802642822266,0.17393232882022858,0.24745985865592957,0.3177296817302704,0.0,21.64752960205078,0.6305403113365173,0.13653028011322021,1.1388150453567505,21.176054000854492,0.3004037141799927,0.596613347530365,22.088550567626953,0.4969503879547119,22.55158042907715,0.9036617875099182,0.8259052038192749,0.1963837742805481,0.20126666128635406,0.4575859606266022,0.9235276579856873,0.6069899797439575,0.2529466450214386,21.460474014282227,0.39510372281074524,0.8575030565261841,0.4536256194114685,3.6184651851654053,1.4244067668914795,21.570043563842773,0.3054081201553345,0.6978630423545837,0.8658007383346558,0.5736953616142273,0.9830177426338196,1.5685557126998901,0.17713777720928192,0.5335696339607239,0.47801512479782104,0.8116568326950073,1.206223487854004,2.4914913177490234,1.6091119050979614,0.9919673800468445,0.7992100715637207,22.106182098388672,22.36018180847168,0.06066489219665527,0.5387669801712036,0.4940750002861023,0.5698056221008301,1.5167597532272339,20.47345542907715,0.2611789107322693,21.46682357788086,0.3028697967529297,0.44036146998405457,19.177278518676758,0.2980804145336151,19.781166076660156,18.95578956604004,0.7532215714454651,0.23569776117801666,1.1466748714447021,0.39280277490615845,0.5669001936912537,0.2306920886039734,1.1640346050262451,0.9400853514671326,21.223926544189453,0.46707668900489807,0.4159216284751892,0.1616557538509369,0.36102181673049927,22.549448013305664,0.4949871599674225,0.4977365732192993,4.223963737487793,15.090429306030273,2.864659547805786,21.08087730407715,0.9735656976699829,0.6967032551765442,0.5617959499359131,0.9018785953521729,0.262493759393692,0.599990963935852,0.9201032519340515,0.47340020537376404,0.5456930994987488,0.162626251578331,1.0597813129425049,0.7662960886955261,0.48098257184028625,21.421464920043945,20.024168014526367,0.43632566928863525
1.5747953653335571,21.757631301879883,21.713539123535156,1.8997471332550049,21.826566696166992,21.474660873413086,21.543882369995117,21.64752960205078,0.0,21.909143447875977,21.645845413208008,22.360036849975586,1.011258602142334,21.696855545043945,22.153467178344727,4.792059898376465,21.470317840576172,1.595070719718933,20.946514129638672,21.838796615600586,21.59796142578125,21.491411209106445,22.131505966186523,22.168590545654297,21.949161529541016,21.628997802734375,0.34507909417152405,21.566974639892578,22.120826721191406,21.687904357910156,22.19432830810547,21.734601974487305,1.169528841972351,21.46089744567871,22.065250396728516,22.144479751586914,21.938518524169922,21.314098358154297,22.466442108154297,21.72585105895996,21.741592407226562,21.988441467285156,22.2784366607666,22.375194549560547,22.23233985900879,22.38764190673828,22.271398544311523,21.79465103149414,2.1549830436706543,0.9158136248588562,21.567005157470703,22.100080490112305,21.722509384155273,21.90912437438965,22.540483474731445,1.742739200592041,21.751344680786133,1.0701271295547485,21.930822372436523,21.901817321777344,2.5151093006134033,21.627643585205078,2.038141965866089,2.904367208480835,21.871315002441406,21.598663330078125,21.725339889526367,21.264633178710938,21.571945190429688,21.8266544342041,21.678932189941406,22.394447326660156,0.4741550385951996,21.425756454467773,21.904129028320312,21.70801544189453,22.030380249023438,2.6981077194213867,21.496192932128906,22.024568557739258,22.116132736206055,25.177303314208984,22.60610008239746,2.7340457439422607,21.795547485351562,22.303625106811523,22.062883377075195,22.352291107177734,21.893842697143555,21.62115478515625,22.30951690673828,22.12676239013672,21.90995979309082,21.82162857055664,21.915956497192383,22.235578536987305,22.040315628051758,2.231928825378418,2.090449571609497,22.021398544311523
20.621726989746094,0.3179217278957367,0.23152564465999603,21.853668212890625,0.531872570514679,0.582507848739624,0.43755558133125305,0.6305403113365173,21.909143447875977,0.1375047117471695,0.5536325573921204,0.5642080903053284,21.46510887145996,0.36725762486457825,0.3397427201271057,22.220781326293945,0.46271443367004395,22.77670669555664,0.9642648696899414,0.28568750619888306,0.4621029496192932,0.8076490759849548,0.6188355684280396,0.33290326595306396,0.0863802507519722,0.39950597286224365,21.712875366210938,1.0298285484313965,0.2874181270599365,0.29725381731987,4.183383464813232,2.011974811553955,21.8001766204834,0.5572339296340942,0.1696016639471054,0.2770616412162781,0.1294083446264267,0.7060344219207764,0.9579953551292419,0.4945264756679535,0.18179282546043396,0.9162165522575378,1.1628674268722534,0.6177018284797668,1.8919905424118042,0.9878517389297485,0.41627001762390137,0.2644483745098114,22.311765670776367,22.606197357177734,0.6123374104499817,0.3509787917137146,0.2371499091386795,0.0,0.9119263887405396,20.698131561279297,0.859828770160675,21.70281410217285,0.40161067247390747,0.19977328181266785,19.428524017333984,0.37865951657295227,20.02350616455078,19.188739776611328,0.1611476093530655,0.47309187054634094,1.7354941368103027,0.8166696429252625,0.3509067893028259,0.7511486411094666,0.6581277847290039,0.5028319954872131,21.48358917236328,0.5083240270614624,0.20163118839263916,0.4587016999721527,0.5891238451004028,22.743244171142578,0.4391535520553589,0.26681432127952576,4.801023960113525,15.685640335083008,2.249811887741089,21.271413803100586,0.4274154305458069,0.9277271628379822,0.2694109082221985,1.2278035879135132,0.5991718173027039,0.3325822651386261,0.43948134779930115,0.5113869309425354,0.13035555183887482,0.5497951507568359,0.4606229066848755,0.35786184668540955,0.3366577923297882,21.621633529663086,20.249622344970703,0.3714970052242279
20.3787784576416,0.28370779752731323,0.3250677287578583,21.63289451599121,0.21345877647399902,0.21752148866653442,0.24452704191207886,0.13653028011322021,21.645845413208008,0.5536325573921204,0.1513955295085907,1.067762017250061,21.179399490356445,0.23558849096298218,0.5600515604019165,22.064531326293945,0.4198571443557739,22.543380737304688,0.8495532274246216,0.7373583912849426,0.13382112979888916,0.2970869541168213,0.4896523654460907,0.8489816784858704,0.5333837270736694,0.17878296971321106,21.45711326599121,0.5132762789726257,0.7841122150421143,0.3751932382583618,3.723297595977783,1.5325567722320557,21.562702178955078,0.2588977515697479,0.6297836303710938,0.7923346757888794,0.502974271774292,0.8949863910675049,1.4866411685943604,0.17284880578517914,0.4478068947792053,0.5688038468360901,0.8922682404518127,1.1323779821395874,2.3938584327697754,1.5225414037704468,0.9215987324714661,0.7084110975265503,22.094552993774414,22.35570526123047,0.1243152916431427,0.5060685873031616,0.4119103252887726,0.4921216070652008,1.4391933679580688,20.4650936126709,0.389181911945343,21.46053123474121,0.289955198764801,0.3781554698944092,19.173616409301758,0.22193551063537598,19.775936126708984,18.94883918762207,0.6655501127243042,0.18362490832805634,1.2559527158737183,0.4031003415584564,0.480067640542984,0.3390711545944214,1.0685744285583496,0.8909782767295837,21.221878051757812,0.395550012588501,0.3553077280521393,0.1331423968076706,0.39844948053359985,22.535791397094727,0.4163249731063843,0.4523160755634308,4.328666687011719,15.19311809539795,2.769301652908325,21.06662368774414,0.8803536295890808,0.7539113163948059,0.5139001607894897,0.978679358959198,0.3120633065700531,0.5142952799797058,0.8627253770828247,0.4790514409542084,0.4739377498626709,0.21322186291217804,0.9671410918235779,0.7163443565368652,0.4475448727607727,21.408855438232422,20.015932083129883,0.41156288981437683
21.05919075012207,0.8324689865112305,0.786255955696106,22.275257110595703,0.9947956204414368,1.1261358261108398,0.98614102602005,1.1388150453567505,22.360036849975586,0.5642080903053284,1.067762017250061,0.11650189757347107,21.930742263793945,0.8941313624382019,0.5894604325294495,22.59397315979004,0.9844486117362976,23.206926345825195,1.4417188167572021,0.5469046235084534,1.0052865743637085,1.3278169631958008,0.9297664761543274,0.22791387140750885,0.5411284565925598,0.9450551867485046,22.158761978149414,1.515611171722412,0.31984472274780273,0.8164342641830444,4.5337982177734375,2.4192328453063965,22.233524322509766,1.1012884378433228,0.4362688362598419,0.26614150404930115,0.5795468688011169,1.0506486892700195,0.48936209082603455,0.994085967540741,0.7095141410827637,1.287882685661316,1.4318937063217163,0.12312435358762741,1.5716456174850464,0.5537444949150085,0.12083357572555542,0.5755375623703003,22.730634689331055,23.048276901245117,1.1413358449935913,0.6547456383705139,0.7576400637626648,0.5640711784362793,0.3850332200527191,21.128768920898438,1.31599760055542,22.139453887939453,0.8375718593597412,0.6856985092163086,19.874483108520508,0.9243379235267639,20.464284896850586,19.62456703186035,0.5065545439720154,1.0083829164505005,2.1510636806488037,1.361627221107483,0.8512247800827026,1.1915791034698486,0.7546042203903198,0.3486451208591461,21.933500289916992,1.0397415161132812,0.6940742135047913,0.9735931158065796,0.955522358417511,23.154945373535156,0.9600260257720947,0.644940972328186,5.16494607925415,16.065296173095703,1.8585541248321533,21.681529998779297,0.5785322785377502,1.1653554439544678,0.5975445508956909,1.4707945585250854,1.0236425399780273,0.8088720440864563,0.3162132799625397,0.8171523213386536,0.6090071201324463,1.0125328302383423,0.4595159888267517,0.4335123598575592,0.694355845451355,22.037593841552734,20.68081283569336,0.7452074289321899
2.0480077266693115,21.301780700683594,21.262754440307617,2.939483642578125,21.35749626159668,21.012588500976562,21.088294982910156,21.176054000854492,1.011258602142334,21.46510887145996,21.179399490356445,21.930742263793945,0.0,21.239652633666992,21.697763442993164,5.822244167327881,21.02188491821289,2.7278997898101807,20.50458526611328,21.40610122680664,21.137447357177734,21.014612197875977,21.658935546875,21.733858108520508,21.503389358520508,21.171175003051758,1.3289633989334106,21.076095581054688,21.683439254760742,21.2379150390625,21.55686378479004,21.194643020629883,2.1953821182250977,21.001785278320312,21.620866775512695,21.70736312866211,21.490922927856445,20.888887405395508,22.0587100982666,21.260761260986328,21.29610252380371,21.50084114074707,21.781414031982422,21.94957733154297,21.879314422607422,21.985010147094727,21.83708953857422,21.361656188964844,3.242258071899414,1.9712440967559814,21.09877586364746,21.642520904541016,21.274728775024414,21.46304702758789,22.127649307250977,2.3897950649261475,21.266292572021484,2.009779930114746,21.467124938964844,21.44830322265625,2.4061357975006104,21.171630859375,2.20035982131958,2.983976125717163,21.43521499633789,21.138437271118164,21.198530197143555,20.79728889465332,21.128265380859375,21.346689224243164,21.264497756958008,21.94959259033203,1.0377399921417236,20.97519874572754,21.449626922607422,21.244558334350586,21.558252334594727,3.8131203651428223,21.047977447509766,21.569149017333984,21.451095581054688,24.168685913085938,22.26539421081543,3.632073163986206,21.371137619018555,21.819032669067383,21.609399795532227,21.853769302368164,21.421695709228516,21.178524017333984,21.867633819580078,21.659988403320312,21.461688995361328,21.351688385009766,21.494850158691406,21.787206649780273,21.582059860229492,3.233827590942383,2.5484201908111572,21.56079864501953
20.421398162841797,0.13469484448432922,0.09391261637210846,21.66664695739746,0.2813652753829956,0.2540714740753174,0.13879217207431793,0.3004037141799927,21.696855545043945,0.36725762486457825,0.23558849096298218,0.8941313624382019,21.239652633666992,0.10228297859430313,0.45352470874786377,22.072938919067383,0.298708438873291,22.582233428955078,0.8039292693138123,0.540946900844574,0.09717655926942825,0.466881662607193,0.5181913375854492,0.6677060127258301,0.3488174080848694,0.0,21.505023956298828,0.7041767239570618,0.6053474545478821,0.20216494798660278,3.9098689556121826,1.7209303379058838,21.603178024291992,0.25092336535453796,0.45770058035850525,0.6118583083152771,0.3250647783279419,0.7462234497070312,1.298938274383545,0.20780368149280548,0.24400386214256287,0.6984586119651794,1.0040714740753174,0.9543858766555786,2.1960577964782715,1.3287991285324097,0.7474895715713501,0.5082123279571533,22.126916885375977,22.401517868041992,0.26519739627838135,0.41095301508903503,0.2205907553434372,0.2937294840812683,1.2564492225646973,20.503692626953125,0.5649816989898682,21.502962112426758,0.25289386510849,0.21470165252685547,19.22102165222168,0.05134155973792076,19.820398330688477,18.990116119384766,0.4627113342285156,0.15177930891513824,1.4434030055999756,0.4931379556655884,0.30864474177360535,0.4844537377357483,0.8781833052635193,0.7565063834190369,21.272216796875,0.3011884093284607,0.1917397826910019,0.1419278234243393,0.44133493304252625,22.564289093017578,0.28574424982070923,0.32993364334106445,4.518303394317627,15.387472152709961,2.5715484619140625,21.093990325927734,0.6823076605796814,0.8224384188652039,0.38578546047210693,1.0840468406677246,0.3849712908267975,0.34006255865097046,0.7135284543037415,0.4609602689743042,0.2929980456829071,0.2940312623977661,0.7652063369750977,0.5812327265739441,0.35389578342437744,21.439388275146484,20.054771423339844,0.33900928497314453
20.87579345703125,0.3944176137447357,0.4219721853733063,22.117938995361328,0.4202510416507721,0.6864928603172302,0.5929021239280701,0.596613347530365,22.153467178344727,0.3397427201271057,0.5600515604019165,0.5894604325294495,21.697763442993164,0.45352470874786377,0.0,22.51019287109375,0.691382110118866,23.03548240661621,1.2269865274429321,0.5680421590805054,0.5481117367744446,0.7981808185577393,0.305643767118454,0.41921496391296387,0.26032671332359314,0.507145345211029,21.960908889770508,0.935829222202301,0.37928861379623413,0.48267683386802673,3.9574472904205322,1.8232696056365967,22.056917190551758,0.6908259987831116,0.217293381690979,0.3596667945384979,0.2536582350730896,1.0290786027908325,1.0566704273223877,0.47504922747612,0.44197842478752136,0.6898430585861206,0.8679471015930176,0.6637967824935913,2.109299898147583,1.1238032579421997,0.4401751756668091,0.5734110474586487,22.577566146850586,22.856853485107422,0.6352537274360657,0.0,0.4533816874027252,0.26305991411209106,0.9714632630348206,20.956878662109375,0.7194316983222961,21.957223892211914,0.23639267683029175,0.21765735745429993,19.676727294921875,0.5088893175125122,20.27527618408203,19.444059371948242,0.4669888913631439,0.5596444606781006,1.5535510778427124,0.9227983355522156,0.6196856498718262,0.594687283039093,0.9635757803916931,0.3307996392250061,21.72862434387207,0.723429799079895,0.1932804435491562,0.46448662877082825,0.33385586738586426,23.013242721557617,0.6681671738624573,0.02984512969851494,4.5847673416137695,15.484228134155273,2.4290170669555664,21.542232513427734,0.7248712182044983,0.607845664024353,0.05300494655966759,0.9258379340171814,0.43624699115753174,0.5985156893730164,0.3464774489402771,0.17540106177330017,0.2677135169506073,0.43595176935195923,0.7287996411323547,0.16027529537677765,0.0881722941994667,21.889375686645508,20.507959365844727,0.13701140880584717
4.076987266540527,22.12598991394043,22.06058120727539,2.8284378051757812,22.251850128173828,21.878732681274414,21.917104721069336,22.088550567626953,4.792059898376465,22.220781326293945,22.064531326293945,22.59397315979004,5.822244167327881,22.072938919067383,22.51019287109375,0.0,21.813919067382812,3.4756758213043213,21.276832580566406,22.1021728515625,21.991539001464844,21.960641860961914,22.564006805419922,22.43178939819336,22.267358779907227,22.009714126586914,4.446609973907471,22.09697914123535,22.39712905883789,22.03221321105957,23.377483367919922,22.481117248535156,3.6061437129974365,21.85219383239746,22.374082565307617,22.41889190673828,22.26512336730957,21.559520721435547,22.602279663085938,22.13623809814453,22.064359664916992,22.492137908935547,22.816608428955078,22.592445373535156,22.134737014770508,22.503076553344727,22.5299072265625,22.060556411743164,2.6922764778137207,4.269222259521484,21.995830535888672,22.466548919677734,22.056005477905273,22.229755401611328,22.6967716217041,3.612442970275879,22.250091552734375,3.8618688583374023,22.329238891601562,22.255720138549805,5.027225494384766,22.0003662109375,4.497505187988281,4.64197301864624,22.148788452148438,21.990978240966797,22.41259002685547,21.698280334472656,21.89152717590332,22.300579071044922,21.866212844848633,22.69648551940918,4.738901138305664,21.78006935119629,22.262340545654297,22.111604690551758,22.463672637939453,2.3003997802734375,21.838085174560547,22.383563995361328,23.430465698242188,28.24302101135254,22.444629669189453,2.369178533554077,22.02347755432129,22.785341262817383,22.4122314453125,22.895322799682617,22.33102798461914,21.934728622436523,22.60065460205078,22.533536911010742,22.2403564453125,22.250934600830078,22.12584686279297,22.557497024536133,22.411521911621094,2.4702885150909424,3.846567392349243,22.403547286987305
20.18755531311035,0.3383531868457794,0.2229045331478119,21.425378799438477,0.5476565361022949,0.27913379669189453,0.1355171799659729,0.4969503879547119,21.470317840576172,0.46271443367004395,0.4198571443557739,0.9844486117362976,21.02188491821289,0.298708438873291,0.691382110118866,21.813919067382812,0.07176239788532257,22.345020294189453,0.5336223840713501,0.5086700320243835,0.25944602489471436,0.583711564540863,0.8074731230735779,0.756222665309906,0.4809012711048126,0.22814390063285828,21.27570915222168,0.8657720685005188,0.7006180882453918,0.25394943356513977,4.096808910369873,1.9030605554580688,21.367420196533203,0.2225169986486435,0.6004136204719543,0.7122883796691895,0.47291243076324463,0.4894634187221527,1.319250226020813,0.4364382326602936,0.2739810347557068,0.9549382925033569,1.2772407531738281,1.029424786567688,2.0866196155548096,1.3214879035949707,0.8525821566581726,0.45529812574386597,21.884571075439453,22.17029571533203,0.4099882245063782,0.6562405824661255,0.2683202028274536,0.4247305989265442,1.304931640625,20.266389846801758,0.7857299447059631,21.268930435180664,0.5420159697532654,0.43622294068336487,18.99146842956543,0.20529192686080933,19.588232040405273,18.755264282226562,0.4683816134929657,0.2812567949295044,1.6286017894744873,0.4454629123210907,0.15057124197483063,0.7292457222938538,0.7311890721321106,0.934104859828949,21.045133590698242,0.04252254217863083,0.4348631799221039,0.3847557008266449,0.7275370955467224,22.318927764892578,0.08675481379032135,0.5670204758644104,4.693995952606201,15.535890579223633,2.48972487449646,20.847990036010742,0.5937483906745911,1.1061129570007324,0.603818953037262,1.357481598854065,0.6487955451011658,0.2393016517162323,0.8658932447433472,0.7432603240013123,0.4427286684513092,0.5577736496925354,0.7077565789222717,0.7703122496604919,0.6043659448623657,21.19558334350586,19.8177547454834,0.6027004718780518
2.1801984310150146,22.64105796813965,22.59052276611328,0.9318351149559021,22.726945877075195,22.3670711517334,22.427654266357422,22.55158042907715,1.595070719718933,22.77670669555664,22.543380737304688,23.206926345825195,2.7278997898101807,22.582233428955078,23.03548240661621,3.4756758213043213,22.345020294189453,0.0,21.814512252807617,22.69178009033203,22.48795509338379,22.402835845947266,23.035503387451172,23.023197174072266,22.818866729736328,22.515398025512695,1.443495512008667,22.49634552001953,22.979049682617188,22.56393051147461,23.30790138244629,22.72640609741211,0.9020477533340454,22.34950828552246,22.932785034179688,23.00227928161621,22.81063461303711,22.15903663635254,23.284683227539062,22.62137794494629,22.611589431762695,22.912311553955078,23.21363067626953,23.217222213745117,22.978925704956055,23.199419021606445,23.125133514404297,22.64817237854004,0.7657644748687744,0.7377333641052246,22.467100143432617,22.98467254638672,22.595548629760742,22.779354095458984,23.365211486816406,1.9902180433273315,22.67264175415039,1.1816389560699463,22.823911666870117,22.781755447387695,3.484368324279785,22.51169776916504,2.839585781097412,3.5991148948669434,22.728647232055664,22.48828125,22.700376510620117,22.164552688598633,22.440126419067383,22.741140365600586,22.508529663085938,23.261587142944336,1.8364111185073853,22.303373336791992,22.78534698486328,22.601484298706055,22.934104919433594,1.075716257095337,22.370527267456055,22.90660858154297,23.264110565185547,26.723121643066406,23.335002899169922,2.0063605308532715,22.637832641601562,23.222686767578125,22.942283630371094,23.289207458496094,22.798002243041992,22.487810134887695,23.17302703857422,23.023252487182617,22.783044815063477,22.72315216064453,22.753524780273438,23.107786178588867,22.925996780395508,1.3116044998168945,2.493439197540283,22.910181045532227
19.659101486206055,0.8536468744277954,0.771066427230835,20.892852783203125,1.0230413675308228,0.6518841981887817,0.639121949672699,0.9036617875099182,20.946514129638672,0.9642648696899414,0.8495532274246216,1.4417188167572021,20.50458526611328,0.8039292693138123,1.2269865274429321,21.276832580566406,0.5336223840713501,21.814512252807617,0.0,0.918877363204956,0.732463538646698,0.8770156502723694,1.316929578781128,1.2292591333389282,0.9987480044364929,0.7358008027076721,20.750049591064453,1.1468623876571655,1.1805561780929565,0.7604055404663086,4.287499904632568,2.129882574081421,20.83780288696289,0.6072778105735779,1.1139531135559082,1.1974217891693115,0.9937544465065002,0.49252307415008545,1.6854959726333618,0.9020340442657471,0.789679229259491,1.3811308145523071,1.7236026525497437,1.4715086221694946,2.208425521850586,1.6542925834655762,1.3307565450668335,0.8653875589370728,21.351608276367188,21.643390655517578,0.7994797229766846,1.1878172159194946,0.781947910785675,0.9521940350532532,1.7057092189788818,19.735849380493164,1.1634982824325562,20.740413665771484,1.061015248298645,0.9718474745750427,18.465763092041016,0.7222734689712524,19.060874938964844,18.226282119750977,0.9255288243293762,0.7398697137832642,1.8750264644622803,0.590532124042511,0.620903730392456,1.1514430046081543,0.9266440868377686,1.4484699964523315,20.521020889282227,0.49506324529647827,0.9749625325202942,0.8634209632873535,1.226138710975647,21.784656524658203,0.5595076680183411,1.101319670677185,4.854187488555908,15.607590675354004,2.6489803791046143,20.31369972229004,0.9222954511642456,1.5932230949401855,1.1342915296554565,1.8070791959762573,1.1186739206314087,0.6825794577598572,1.3680459260940552,1.266318440437317,0.9661402106285095,1.0278551578521729,1.052022099494934,1.292588472366333,1.1341524124145508,20.66185188293457,19.28746223449707,1.1293610334396362
20.541772842407227,0.5045701265335083,0.3916587829589844,21.763090133666992,0.755565345287323,0.7149831652641296,0.5592233538627625,0.8259052038192749,21.838796615600586,0.28568750619888306,0.7373583912849426,0.5469046235084534,21.40610122680664,0.540946900844574,0.5680421590805054,22.1021728515625,0.5086700320243835,22.69178009033203,0.918877363204956,0.16716057062149048,0.6231800317764282,0.981614887714386,0.8652961254119873,0.3452780246734619,0.3033071756362915,0.5600157976150513,21.63887596130371,1.2307051420211792,0.33192208409309387,0.4209834039211273,4.412899971008301,2.234231472015381,21.717397689819336,0.6730131506919861,0.3401831388473511,0.3237595558166504,0.34226807951927185,0.5551592707633972,0.8385164141654968,0.6931846737861633,0.29485395550727844,1.15218985080719,1.405666708946228,0.5733694434165955,1.6775189638137817,0.8382399678230286,0.43698742985725403,0.11553192883729935,22.219511032104492,22.529495239257812,0.7857505679130554,0.583752453327179,0.35927414894104004,0.2735002636909485,0.8217400908470154,20.613428115844727,1.0802679061889648,21.622373580932617,0.642952024936676,0.4374542236328125,19.354583740234375,0.5294302105903625,19.945913314819336,19.107654571533203,0.09278885275125504,0.6293352246284485,1.9569532871246338,0.9260196685791016,0.3705240786075592,0.9773590564727783,0.43363773822784424,0.6233727931976318,21.41256332397461,0.5627186894416809,0.44919753074645996,0.6545621156692505,0.8329499959945679,22.646493911743164,0.4888736605644226,0.5077279806137085,5.027383804321289,15.90475082397461,2.0522687435150146,21.17381477355957,0.21320843696594238,1.1696031093597412,0.49602454900741577,1.468800663948059,0.8282274603843689,0.3487107753753662,0.5374146699905396,0.7556877732276917,0.3462847173213959,0.7731587886810303,0.242470845580101,0.5255811810493469,0.5737501978874207,21.527427673339844,20.16535186767578,0.6111611723899841
20.32561492919922,0.18194489181041718,0.17131923139095306,21.574371337890625,0.2645168900489807,0.07352159917354584,0.0,0.1963837742805481,21.59796142578125,0.4621029496192932,0.13382112979888916,1.0052865743637085,21.137447357177734,0.09717655926942825,0.5481117367744446,21.991539001464844,0.25944602489471436,22.48795509338379,0.732463538646698,0.6231800317764282,0.0,0.34629160165786743,0.5564418435096741,0.7765336036682129,0.45124372839927673,0.0,21.407272338867188,0.6093499660491943,0.7116615176200867,0.24146977066993713,3.8437886238098145,1.6480261087417603,21.50825309753418,0.09702923893928528,0.5645713806152344,0.7211383581161499,0.42462167143821716,0.7522777318954468,1.4067829847335815,0.15938624739646912,0.316933274269104,0.6749537587165833,1.001862645149231,1.0654963254928589,2.2814114093780518,1.4335298538208008,0.8590620160102844,0.5867930054664612,22.03522491455078,22.304576873779297,0.10973625630140305,0.4975142776966095,0.2815651595592499,0.399226576089859,1.3682383298873901,20.40945053100586,0.49819621443748474,21.407299041748047,0.30191105604171753,0.31091824173927307,19.123394012451172,0.0,19.723905563354492,18.894807815551758,0.5542953610420227,0.0,1.3705837726593018,0.35677024722099304,0.32701578736305237,0.43994763493537903,0.9397890567779541,0.8640122413635254,21.173566818237305,0.23239725828170776,0.29161471128463745,0.05978604778647423,0.4659461975097656,22.474184036254883,0.255991667509079,0.42258420586586,4.447327613830566,15.307527542114258,2.665341854095459,21.004348754882812,0.7582817673683167,0.8457053899765015,0.4813809394836426,1.0864063501358032,0.37852349877357483,0.3742031455039978,0.8213360905647278,0.5193329453468323,0.3909520208835602,0.2715616524219513,0.8535714745521545,0.6855788826942444,0.43579423427581787,21.348400115966797,19.96043586730957,0.4111826717853546
