0.648202121257782,21.61383628845215,21.833154678344727,13.505162239074707,21.086963653564453,21.420639038085938,21.25963592529297,25.693069458007812,7.729814529418945,21.995365142822266,21.703937530517578,21.86882209777832,10.18448257446289,21.64967155456543,21.313648223876953,12.72032356262207,21.447206497192383,13.116191864013672,21.69353675842285,21.56170082092285,21.71592140197754,21.310958862304688,21.358726501464844,22.48427963256836,21.392187118530273,21.193950653076172,9.978254318237305,21.61345863342285,21.592159271240234,21.891254425048828,23.06663703918457,23.92877769470215,10.006875991821289,20.893699645996094,21.984886169433594,21.823148727416992,21.90183448791504,23.004425048828125,22.101165771484375,22.154420852661133,22.902273178100586,22.16217613220215,22.010774612426758,23.60224151611328,23.693893432617188,26.12445640563965,26.06582260131836,22.453039169311523,11.695329666137695,9.398749351501465,21.20829200744629,21.86207389831543,21.143007278442383,21.678964614868164,21.701765060424805,8.369340896606445,21.978410720825195,7.806751728057861,27.130727767944336,22.403423309326172,15.872700691223145,20.777313232421875,10.379263877868652,6.229811191558838,21.318021774291992,21.564340591430664,24.451446533203125,21.19487953186035,21.255489349365234,22.77454376220703,21.88303565979004,21.473045349121094,8.530040740966797,26.563692092895508,21.781003952026367,21.570072174072266,21.904094696044922,7.544379711151123,21.407073974609375,21.190170288085938,22.37600326538086,24.78291893005371,28.943626403808594,9.252564430236816,21.655866622924805,27.062171936035156,21.217121124267578,21.700809478759766,21.843454360961914,21.20466423034668,21.970735549926758,26.097028732299805,21.258243560791016,21.3413028717041,21.648563385009766,21.94780731201172,21.864316940307617,11.119922637939453,10.712773323059082,21.38526153564453
21.61383628845215,0.0,3.430663824081421,23.001649856567383,2.619091033935547,2.782248020172119,3.0483880043029785,14.544412612915039,22.957216262817383,6.3546271324157715,3.0545835494995117,4.61082124710083,23.03592872619629,5.18363094329834,2.315913438796997,24.072872161865234,3.629094123840332,22.90027618408203,3.6038877964019775,2.9156136512756348,3.3780312538146973,3.883267402648926,2.5140326023101807,3.6111581325531006,2.479910373687744,2.628671646118164,23.833139419555664,2.906031370162964,3.1561381816864014,3.2503998279571533,7.501857757568359,10.497596740722656,22.697250366210938,3.509091377258301,3.1391711235046387,2.5936331748962402,4.9786601066589355,8.75707721710205,3.818819761276245,7.192338943481445,8.406514167785645,3.5144600868225098,2.827357769012451,6.9269118309021,9.198346138000488,15.432201385498047,13.845234870910645,3.722076654434204,21.96753692626953,22.049774169921875,2.80841064453125,3.8479301929473877,1.9725290536880493,2.8734936714172363,3.97277569770813,22.08799171447754,3.854775905609131,22.761581420898438,16.123046875,7.115184307098389,27.579710006713867,2.6663882732391357,20.2235164642334,21.077836990356445,3.169503927230835,2.30008602142334,12.188033103942871,2.2518434524536133,2.479774236679077,7.836566925048828,3.9043495655059814,3.387648105621338,22.526716232299805,16.124160766601562,2.851731061935425,2.9529330730438232,4.304008960723877,21.497173309326172,2.7742929458618164,2.5083179473876953,5.385281085968018,12.494842529296875,19.229164123535156,23.11035919189453,7.3587164878845215,17.386295318603516,2.929211139678955,2.042081594467163,2.827272415161133,3.429560422897339,3.3617043495178223,16.874853134155273,2.813466787338257,3.434523820877075,2.896062135696411,2.5995469093322754,4.124874114990234,24.545751571655273,25.18769645690918,2.712047815322876
21.833154678344727,3.430663824081421,0.0,22.878368377685547,3.1481564044952393,3.6561710834503174,3.710237979888916,14.925422668457031,23.656557083129883,5.57952880859375,3.2878565788269043,4.567008018493652,23.579898834228516,4.226957321166992,3.2423975467681885,24.594369888305664,4.737054824829102,23.552448272705078,5.015851020812988,4.548661231994629,3.95918607711792,3.9432201385498047,3.263410806655884,4.901612758636475,2.984337091445923,3.346745252609253,24.28318214416504,3.9714865684509277,4.108651161193848,3.5158095359802246,6.692224025726318,10.185842514038086,23.412246704101562,3.5973331928253174,4.1414794921875,3.583068609237671,6.4787821769714355,9.233033180236816,4.006316661834717,5.944754123687744,8.605732917785645,3.3854753971099854,3.6292307376861572,8.664106369018555,9.876517295837402,15.696304321289062,13.082176208496094,3.686962127685547,22.189682006835938,22.880678176879883,3.7184462547302246,3.443075180053711,3.482679605484009,3.1568005084991455,4.011300563812256,22.80613899230957,5.067750453948975,23.05793571472168,16.5902042388916,7.147433757781982,27.995960235595703,3.7016632556915283,20.744840621948242,21.41620635986328,3.660266637802124,3.874663829803467,12.185470581054688,3.4310874938964844,3.0477898120880127,9.455472946166992,4.6562604904174805,3.1742684841156006,22.59792137145996,15.56071662902832,2.91154408454895,2.9727656841278076,5.66965389251709,21.737510681152344,3.1726419925689697,2.9035756587982178,7.001054286956787,12.826963424682617,19.040807723999023,23.69487190246582,7.8877692222595215,17.451892852783203,2.9847984313964844,3.2645301818847656,2.8311328887939453,2.8195199966430664,2.886086940765381,16.142362594604492,3.50911021232605,3.8249645233154297,3.1680994033813477,2.7471704483032227,4.1233320236206055,24.907512664794922,24.652034759521484,2.789874792098999
13.505162239074707,23.001649856567383,22.878368377685547,0.0,21.50754737854004,21.668516159057617,21.676786422729492,26.05792236328125,13.705757141113281,22.37224578857422,22.06084632873535,21.992048263549805,15.049661636352539,22.485889434814453,22.040529251098633,18.010282516479492,21.785585403442383,15.21329116821289,22.242944717407227,21.904878616333008,22.579790115356445,21.8455753326416,21.765050888061523,22.552906036376953,22.194238662719727,21.814085006713867,13.251338958740234,22.19668197631836,22.011764526367188,22.190229415893555,24.824298858642578,23.06576919555664,11.574875831604004,21.230472564697266,22.17615509033203,22.215030670166016,22.8323974609375,25.443443298339844,22.00895118713379,21.949928283691406,21.958450317382812,22.21845817565918,22.05323600769043,23.834627151489258,23.148815155029297,26.798818588256836,26.08782386779785,23.201950073242188,12.726020812988281,13.275472640991211,21.56569480895996,22.624771118164062,22.029613494873047,21.923526763916016,21.82590103149414,15.445990562438965,22.9641170501709,12.665952682495117,27.564041137695312,23.461923599243164,19.0264835357666,21.420944213867188,12.854228019714355,11.398256301879883,21.52837562561035,22.220808029174805,26.526737213134766,21.948701858520508,21.860515594482422,22.499561309814453,22.632360458374023,21.752836227416992,14.050990104675293,25.690465927124023,22.128028869628906,21.905765533447266,22.08196449279785,12.960104942321777,22.03629493713379,21.805639266967773,22.22706413269043,25.709760665893555,28.601919174194336,16.099714279174805,22.485063552856445,27.239978790283203,21.863876342773438,22.353456497192383,22.575944900512695,21.793855667114258,22.311962127685547,26.918682098388672,21.7094783782959,21.210927963256836,22.021841049194336,22.451845169067383,22.079410552978516,14.459630966186523,14.730454444885254,21.794727325439453
21.086963653564453,2.619091033935547,3.1481564044952393,21.50754737854004,0.0,2.0200986862182617,1.8401676416397095,14.46438217163086,22.65485382080078,5.88456916809082,2.2383861541748047,4.396315097808838,22.456632614135742,4.591915607452393,1.886298656463623,23.375211715698242,2.573061227798462,22.529447555541992,3.4365382194519043,2.6512465476989746,3.085627317428589,2.757331371307373,1.3097214698791504,2.993520736694336,2.1635777950286865,1.7076481580734253,23.3724365234375,2.5372977256774902,2.4211933612823486,2.0918004512786865,7.606521129608154,10.172872543334961,22.225576400756836,2.1736137866973877,2.7171432971954346,1.93772292137146,5.399357318878174,9.9114408493042,3.0861573219299316,6.2028398513793945,7.7119574546813965,2.5903677940368652,2.2731518745422363,7.05014181137085,8.720783233642578,14.840487480163574,14.080883026123047,3.4536995887756348,21.0079402923584,21.729238510131836,1.8256840705871582,3.086254358291626,1.7517462968826294,1.759498953819275,2.6105310916900635,21.808378219604492,3.7109405994415283,22.268831253051758,16.15435791015625,6.811455726623535,27.288333892822266,1.9376949071884155,19.70273208618164,20.4493465423584,2.276552677154541,2.5971145629882812,12.416796684265137,1.7009227275848389,1.71669602394104,7.619854927062988,3.451425075531006,2.0316457748413086,22.134571075439453,15.308884620666504,2.094966173171997,2.0584473609924316,4.483757019042969,20.860504150390625,1.7648308277130127,1.3053736686706543,5.114238262176514,12.475340843200684,19.061691284179688,22.853364944458008,7.488678932189941,17.28032684326172,1.9652655124664307,1.6799367666244507,2.5026581287384033,2.2134406566619873,2.3379716873168945,16.547304153442383,1.759064793586731,2.4244725704193115,2.4588301181793213,1.6359505653381348,3.954744815826416,24.045576095581055,24.209842681884766,1.7506968975067139
21.420639038085938,2.782248020172119,3.6561710834503174,21.668516159057617,2.0200986862182617,0.15052373707294464,2.4413726329803467,14.788366317749023,22.73548126220703,5.094911575317383,1.958282709121704,3.7952234745025635,22.771522521972656,4.927216053009033,2.090975046157837,23.682140350341797,3.2252016067504883,22.98827362060547,3.2180140018463135,2.92602801322937,3.4834091663360596,3.454902410507202,1.862920880317688,2.873824119567871,2.5502238273620605,1.8711707592010498,23.43655776977539,2.430241346359253,3.0672144889831543,2.8706066608428955,8.121696472167969,9.091465950012207,22.08347511291504,2.1782281398773193,2.2701470851898193,2.0035431385040283,4.451909065246582,9.57923698425293,3.612734079360962,6.797640800476074,8.094257354736328,3.006965398788452,1.9872281551361084,7.21445894241333,8.99848461151123,15.077022552490234,13.833442687988281,3.792773485183716,21.467947006225586,21.973148345947266,1.9991892576217651,3.3776328563690186,1.9722912311553955,2.1535096168518066,3.364421844482422,22.170122146606445,3.645339012145996,22.524425506591797,16.01917839050293,7.492364406585693,27.519508361816406,1.5497225522994995,19.9926815032959,20.612112045288086,1.9929039478302002,2.716827869415283,12.553461074829102,2.223383903503418,1.93359375,7.319658279418945,4.17010498046875,2.6683309078216553,22.093082427978516,15.031381607055664,1.8631553649902344,2.160989999771118,3.1540160179138184,21.168224334716797,2.563074827194214,1.8175740242004395,5.010758399963379,12.368006706237793,19.33335304260254,22.969650268554688,7.146939277648926,17.314115524291992,2.3586108684539795,1.9416415691375732,2.4702517986297607,2.6358025074005127,2.6787638664245605,16.231107711791992,2.0776619911193848,2.7989656925201416,1.764517903327942,2.0265984535217285,3.567883253097534,24.363311767578125,24.972122192382812,2.1014952659606934
21.25963592529297,3.0483880043029785,3.710237979888916,21.676786422729492,1.8401676416397095,2.4413726329803467,0.0,14.380082130432129,22.579557418823242,5.488404750823975,2.8680357933044434,4.463731288909912,22.37759780883789,4.181281089782715,2.347771167755127,23.758342742919922,2.5169599056243896,22.676166534423828,4.15870475769043,2.987713098526001,3.946000099182129,3.2803544998168945,2.029480218887329,2.6716666221618652,2.37671160697937,2.0285847187042236,23.58574104309082,2.6382389068603516,3.394796371459961,3.1014509201049805,8.295928955078125,10.172877311706543,22.42537498474121,3.178502082824707,3.210197925567627,2.2768776416778564,5.340509414672852,10.05087661743164,3.7474749088287354,6.390957355499268,7.794416904449463,2.5224599838256836,2.544450044631958,7.1329522132873535,8.500880241394043,15.424052238464355,14.580706596374512,4.156119346618652,21.21019172668457,21.82192611694336,2.1795318126678467,3.376260280609131,2.3134207725524902,2.096494674682617,3.4531726837158203,21.849475860595703,4.791154384613037,22.45431900024414,15.716004371643066,6.7662434577941895,27.692424774169922,2.5536186695098877,19.749074935913086,20.593719482421875,3.1162312030792236,3.0741138458251953,11.632577896118164,2.275862455368042,1.949128270149231,7.705869674682617,4.07813024520874,2.6381163597106934,22.13726043701172,15.035696029663086,2.4977848529815674,2.524502992630005,4.001463413238525,21.199382781982422,2.2757925987243652,2.0371408462524414,5.441484451293945,13.393815994262695,19.430042266845703,22.829660415649414,7.459136486053467,17.54018211364746,2.8981528282165527,2.235342502593994,3.1461706161499023,2.4792215824127197,2.620274305343628,16.591964721679688,2.41845965385437,2.555868625640869,2.8362200260162354,2.2531352043151855,3.8816866874694824,24.259950637817383,24.482715606689453,2.093658924102783
25.693069458007812,14.544412612915039,14.925422668457031,26.05792236328125,14.46438217163086,14.788366317749023,14.380082130432129,0.09009814262390137,26.773090362548828,15.867735862731934,14.491809844970703,15.704619407653809,27.26502799987793,14.032578468322754,13.91307544708252,27.47746467590332,14.20630931854248,26.622859954833984,14.913933753967285,13.654688835144043,14.532808303833008,13.452144622802734,14.232877731323242,13.963500022888184,14.082723617553711,14.085625648498535,27.95896339416504,14.473409652709961,15.029626846313477,14.473908424377441,14.911725044250488,16.89872932434082,26.562541961669922,14.221334457397461,14.711934089660645,14.727045059204102,16.694211959838867,16.08958625793457,14.161576271057129,15.072171211242676,14.031119346618652,14.99931812286377,14.61833667755127,15.682912826538086,16.11814308166504,20.66343116760254,19.57855224609375,14.448390007019043,25.633228302001953,26.678386688232422,14.001352310180664,14.531421661376953,13.905373573303223,14.551742553710938,14.854106903076172,26.19892692565918,14.261223793029785,27.123985290527344,21.4256591796875,14.769752502441406,30.514711380004883,14.184575080871582,25.25286102294922,25.08841323852539,15.158878326416016,14.450887680053711,19.040681838989258,14.324248313903809,14.491764068603516,16.568309783935547,13.986425399780273,13.694879531860352,26.603635787963867,20.49542999267578,13.883040428161621,14.041094779968262,14.61987018585205,26.182369232177734,14.234840393066406,14.559225082397461,14.828689575195312,19.903902053833008,23.649248123168945,26.179931640625,15.658257484436035,22.51812171936035,13.918745040893555,14.381210327148438,14.427862167358398,14.057361602783203,13.635618209838867,21.114702224731445,14.40225601196289,14.703543663024902,14.32953929901123,14.146535873413086,14.021986961364746,28.41019630432129,29.464649200439453,14.577146530151367
7.729814529418945,22.957216262817383,23.656557083129883,13.705757141113281,22.65485382080078,22.73548126220703,22.579557418823242,26.773090362548828,0.0,23.219587326049805,23.058561325073242,22.97930908203125,8.837990760803223,23.105587005615234,22.563077926635742,15.313126564025879,22.575654983520508,12.662083625793457,22.69981575012207,22.650224685668945,23.071134567260742,22.78290367126465,22.701948165893555,23.528018951416016,22.791973114013672,22.50371742248535,8.245067596435547,22.820148468017578,22.866241455078125,23.308115005493164,25.215320587158203,25.05327606201172,8.654707908630371,22.45700454711914,23.12649154663086,22.97957420349121,22.73214340209961,23.74822235107422,23.104171752929688,23.808734893798828,23.064329147338867,23.228378295898438,23.089595794677734,23.976497650146484,24.099369049072266,27.52493667602539,26.743053436279297,23.903078079223633,13.860960006713867,9.404218673706055,22.526548385620117,23.854280471801758,22.549413681030273,23.075096130371094,23.486600875854492,10.458390235900879,23.623172760009766,7.844851016998291,28.164779663085938,23.869762420654297,15.534550666809082,22.083187103271484,8.775325775146484,6.248786449432373,22.568683624267578,22.571847915649414,25.113473892211914,22.518644332885742,22.58380889892578,23.391386032104492,23.629499435424805,22.84358787536621,11.679984092712402,26.67476463317871,23.142526626586914,23.063785552978516,22.357450485229492,11.062796592712402,22.770320892333984,22.64695167541504,23.729755401611328,26.286592483520508,29.745195388793945,7.9066243171691895,22.42139434814453,28.133747100830078,22.82801055908203,22.994983673095703,23.372411727905273,22.80747413635254,23.540124893188477,27.484127044677734,22.701255798339844,22.397798538208008,22.993019104003906,23.3243408203125,22.86433219909668,10.272224426269531,13.190275192260742,22.7371768951416
21.995365142822266,6.3546271324157715,5.57952880859375,22.37224578857422,5.88456916809082,5.094911575317383,5.488404750823975,15.867735862731934,23.219587326049805,0.20501765608787537,4.687070846557617,4.1306023597717285,23.081819534301758,5.979443073272705,5.372633457183838,24.042072296142578,6.2288384437561035,24.048994064331055,6.5726847648620605,6.170284271240234,6.947601795196533,5.505443096160889,5.136603832244873,5.469958782196045,4.999777317047119,5.067399501800537,24.22233772277832,6.125491142272949,6.207472801208496,6.517003059387207,9.028244018554688,8.682951927185059,22.665590286254883,5.191720008850098,5.575757026672363,5.33059024810791,5.885702133178711,9.975971221923828,6.706215858459473,8.064318656921387,10.190803527832031,5.803219318389893,5.301758766174316,9.173832893371582,9.846905708312988,15.931278228759766,14.146419525146484,6.172698974609375,21.83527946472168,23.152359008789062,5.224076747894287,4.772238254547119,5.31785774230957,5.098874568939209,6.258840560913086,23.909757614135742,7.288588047027588,23.14116668701172,15.54782485961914,8.732622146606445,27.361852645874023,5.02047872543335,20.64007568359375,21.09150505065918,5.638386249542236,6.282452583312988,12.25357723236084,5.571476459503174,4.964056968688965,9.341508865356445,6.173583030700684,4.8705058097839355,22.291259765625,14.930816650390625,4.752412796020508,5.0244903564453125,5.792505264282227,22.2165584564209,5.563037872314453,4.928262233734131,9.088092803955078,15.528092384338379,19.93183708190918,23.093021392822266,8.234874725341797,17.25516700744629,5.176395893096924,5.411410331726074,5.387182235717773,4.977281093597412,4.743427276611328,16.04913902282715,5.226069450378418,5.640374183654785,4.528805255889893,5.339156627655029,6.458052635192871,24.82534408569336,25.096281051635742,5.153132915496826
21.703937530517578,3.0545835494995117,3.2878565788269043,22.06084632873535,2.2383861541748047,1.958282709121704,2.8680357933044434,14.491809844970703,23.058561325073242,4.687070846557617,0.1853668987751007,3.3641088008880615,22.945526123046875,4.647670745849609,2.055572032928467,23.783994674682617,3.1235501766204834,23.15509605407715,3.11946964263916,3.3150382041931152,3.4387524127960205,2.328697681427002,1.9192382097244263,3.0148744583129883,2.2852275371551514,2.0362088680267334,23.706707000732422,3.1677234172821045,2.9081814289093018,2.7321133613586426,7.115674018859863,8.9002685546875,22.342256546020508,2.4706029891967773,2.4499549865722656,2.106846570968628,4.724499702453613,9.425674438476562,3.6301157474517822,6.682787895202637,7.762697219848633,2.8959736824035645,2.4022834300994873,7.0962066650390625,8.810243606567383,14.835813522338867,14.04916000366211,3.671767234802246,21.482240676879883,22.52227020263672,2.309502363204956,2.7237541675567627,2.1887459754943848,2.5444042682647705,3.4262099266052246,22.82295799255371,4.062723159790039,22.62650489807129,16.098892211914062,7.743922233581543,27.42048454284668,2.065295934677124,20.124828338623047,20.845643997192383,2.386021852493286,2.9292192459106445,12.198532104492188,2.405001163482666,2.1507396697998047,8.13905143737793,3.812337875366211,2.11773419380188,22.55705451965332,15.35289478302002,2.0732994079589844,1.887648582458496,3.8438422679901123,21.60477638244629,2.2816290855407715,1.860471248626709,6.103595733642578,12.421086311340332,18.861661911010742,23.12929916381836,7.561455726623535,17.72505760192871,2.5734598636627197,2.0069825649261475,2.654773712158203,2.78369140625,2.452885627746582,16.141368865966797,2.2102227210998535,2.8849785327911377,1.873241901397705,2.026721715927124,4.196867942810059,24.301523208618164,24.887170791625977,2.542268753051758
21.86882209777832,4.61082124710083,4.567008018493652,21.992048263549805,4.396315097808838,3.7952234745025635,4.463731288909912,15.704619407653809,22.97930908203125,4.1306023597717285,3.3641088008880615,0.0,22.755664825439453,6.085531234741211,4.179029941558838,23.71809196472168,5.024358749389648,22.867172241210938,4.521412372589111,4.683422088623047,4.748520374298096,4.522603511810303,3.6987016201019287,4.118074893951416,3.4662535190582275,3.93921160697937,23.78215217590332,4.852316379547119,4.596949100494385,4.367926597595215,7.748045444488525,8.160612106323242,21.902584075927734,4.730423450469971,3.994969606399536,4.060665607452393,4.968152046203613,9.797794342041016,5.085224628448486,7.839119911193848,8.152018547058105,4.591081619262695,4.220582008361816,8.192543983459473,7.6827216148376465,16.33767318725586,13.463308334350586,5.297450542449951,21.54389190673828,22.269393920898438,4.020646095275879,4.137939929962158,4.039368152618408,3.7126755714416504,5.256397724151611,22.9526424407959,6.125856876373291,22.748971939086914,16.37350845336914,8.38940143585205,27.210506439208984,3.8894522190093994,20.040546417236328,20.815723419189453,3.6750731468200684,4.397091388702393,11.803462982177734,4.0066819190979,3.6208741664886475,8.778495788574219,5.146214962005615,3.869271755218506,22.205928802490234,15.99091625213623,3.7042148113250732,3.021840810775757,4.956126689910889,21.69744110107422,4.331867218017578,3.7085835933685303,7.675671577453613,13.620954513549805,19.384296417236328,23.423316955566406,8.667825698852539,16.508981704711914,4.128836631774902,3.827723503112793,4.200741767883301,4.008976459503174,3.9007959365844727,16.133569717407227,3.834986448287964,3.5365006923675537,3.861755609512329,4.142538070678711,5.645104885101318,23.941070556640625,24.909019470214844,3.610152006149292
10.18448257446289,23.03592872619629,23.579898834228516,15.049661636352539,22.456632614135742,22.771522521972656,22.37759780883789,27.26502799987793,8.837990760803223,23.081819534301758,22.945526123046875,22.755664825439453,0.0,22.886178970336914,22.42240333557129,15.452003479003906,22.437824249267578,12.90341567993164,22.719501495361328,22.6427001953125,22.69786834716797,22.647247314453125,22.567955017089844,23.249217987060547,22.566617965698242,22.557485580444336,12.966309547424316,23.181028366088867,22.883939743041992,22.946157455444336,24.494735717773438,24.985746383666992,11.471474647521973,22.46384048461914,23.396080017089844,22.8177433013916,23.09994125366211,25.1920108795166,23.422542572021484,24.939273834228516,23.4765567779541,23.30841827392578,23.04616928100586,23.100975036621094,23.801340103149414,27.429691314697266,26.75775146484375,23.820005416870117,12.442716598510742,11.014902114868164,22.455137252807617,23.52436065673828,22.49933624267578,22.744827270507812,23.079601287841797,11.674318313598633,23.9932918548584,12.067090034484863,27.823150634765625,24.318910598754883,16.382774353027344,22.156198501586914,8.284449577331543,10.481926918029785,22.64659881591797,22.71417808532715,24.87260627746582,22.524343490600586,22.66240692138672,24.01952362060547,23.342851638793945,22.813156127929688,13.765661239624023,25.89214515686035,23.042774200439453,22.77374267578125,22.731962203979492,10.868727684020996,22.828306198120117,22.60734748840332,23.922046661376953,25.82760238647461,29.710968017578125,10.196451187133789,24.53949737548828,28.162864685058594,22.796152114868164,22.96952247619629,23.408283233642578,22.660995483398438,23.362302780151367,26.936983108520508,22.65510368347168,22.330734252929688,23.0738525390625,23.3228816986084,23.509994506835938,13.58332633972168,13.416543960571289,22.638553619384766
21.64967155456543,5.18363094329834,4.226957321166992,22.485889434814453,4.591915607452393,4.927216053009033,4.181281089782715,14.032578468322754,23.105587005615234,5.979443073272705,4.647670745849609,6.085531234741211,22.886178970336914,0.0,3.8926010131835938,24.455656051635742,4.614748954772949,23.710935592651367,6.269577980041504,5.1957573890686035,5.877316474914551,4.561069488525391,4.486022472381592,5.270356178283691,4.1443772315979,4.547488212585449,23.811006546020508,4.507730960845947,5.438031196594238,5.224135875701904,9.136168479919434,11.13027572631836,23.43038558959961,4.5905046463012695,5.35465669631958,4.453197002410889,7.855154037475586,10.963250160217285,5.696671485900879,6.469272613525391,8.742100715637207,4.347342491149902,4.573252201080322,8.105274200439453,11.277371406555176,16.692684173583984,14.591212272644043,4.979525566101074,21.32686996459961,23.08111572265625,4.6548309326171875,4.755553245544434,4.845772743225098,4.404730319976807,5.431061267852783,22.90792465209961,6.719925880432129,22.97024917602539,16.97357940673828,8.932743072509766,27.959543228149414,4.988336086273193,20.27283477783203,21.041671752929688,5.53274393081665,4.99478006362915,11.227290153503418,4.757332801818848,4.515112400054932,10.542506217956543,6.241418361663818,4.544117450714111,22.68211555480957,15.593403816223145,4.597996234893799,4.683290004730225,5.425724983215332,21.882509231567383,3.8540165424346924,4.493626594543457,7.231025218963623,13.513765335083008,19.593931198120117,22.529726028442383,7.875110149383545,17.257444381713867,4.361355781555176,4.602320194244385,5.286663055419922,4.238780975341797,4.3549957275390625,16.45218276977539,5.382472038269043,5.2767415046691895,4.122384071350098,4.2635273933410645,4.1699090003967285,25.139684677124023,24.76862335205078,4.594304084777832
21.313648223876953,2.315913438796997,3.2423975467681885,22.040529251098633,1.886298656463623,2.090975046157837,2.347771167755127,13.91307544708252,22.563077926635742,5.372633457183838,2.055572032928467,4.179029941558838,22.42240333557129,3.8926010131835938,0.0,23.423954010009766,2.5067269802093506,22.739572525024414,3.1944947242736816,2.1455748081207275,2.9828927516937256,2.67492413520813,1.4796291589736938,2.627288818359375,1.771018147468567,1.612433910369873,23.32853889465332,2.3699915409088135,2.618285655975342,2.580721616744995,7.910170555114746,10.191466331481934,22.286746978759766,2.117253541946411,2.615830898284912,1.5082210302352905,5.312051773071289,9.377092361450195,3.266486406326294,6.711673736572266,7.7545857429504395,2.9028537273406982,1.9272351264953613,6.39825439453125,9.072134017944336,15.190293312072754,13.400568962097168,2.8883163928985596,21.203250885009766,21.96028709411621,1.7116268873214722,3.529493808746338,1.488179326057434,2.103135585784912,3.494150161743164,22.223114013671875,4.006176471710205,22.459739685058594,16.296051025390625,7.155198097229004,27.204816818237305,1.7096259593963623,19.70722770690918,20.499319076538086,2.5846188068389893,1.924554705619812,11.92727279663086,1.8050665855407715,1.7710243463516235,7.841392993927002,4.133913993835449,2.202371597290039,22.29204750061035,15.067178726196289,1.9165297746658325,2.149571418762207,3.522494077682495,21.127853393554688,1.8091826438903809,1.7193905115127563,5.310609340667725,12.549108505249023,18.89995765686035,22.587936401367188,7.2712202072143555,17.353656768798828,2.071533203125,1.3939716815948486,2.776209592819214,2.2360126972198486,2.2727503776550293,16.258726119995117,2.40977144241333,3.0193004608154297,1.7680339813232422,1.6630592346191406,3.5195748805999756,24.283714294433594,24.660396575927734,2.0035183429718018
12.72032356262207,24.072872161865234,24.594369888305664,18.010282516479492,23.375211715698242,23.682140350341797,23.758342742919922,27.47746467590332,15.313126564025879,24.042072296142578,23.783994674682617,23.71809196472168,15.452003479003906,24.455656051635742,23.423954010009766,0.0,23.43391990661621,17.223369598388672,23.18321990966797,23.39019012451172,23.32781982421875,22.994001388549805,23.518360137939453,23.79254722595215,23.472858428955078,23.369356155395508,14.380620956420898,23.636396408081055,23.34351921081543,24.003475189208984,25.603673934936523,26.236366271972656,13.224403381347656,23.09271240234375,23.6370849609375,23.83635139465332,23.832347869873047,25.32239532470703,24.369823455810547,24.940725326538086,25.23752212524414,24.98275375366211,24.513385772705078,24.709762573242188,24.471208572387695,27.942989349365234,27.2586669921875,24.145158767700195,13.423615455627441,14.851165771484375,23.255348205566406,24.023712158203125,23.203109741210938,24.101289749145508,24.346343994140625,17.35497283935547,23.728469848632812,14.999147415161133,29.548376083374023,24.088050842285156,20.37682342529297,22.898191452026367,15.875064849853516,11.517661094665527,23.340042114257812,23.519617080688477,26.336732864379883,23.389209747314453,23.506376266479492,24.61389923095703,24.33840560913086,23.62494659423828,15.440515518188477,27.854455947875977,24.034578323364258,23.6676082611084,24.164846420288086,13.127124786376953,23.672903060913086,23.444053649902344,24.269128799438477,26.804601669311523,30.189804077148438,15.818366050720215,24.689626693725586,28.84095573425293,23.450138092041016,23.773969650268555,24.3509464263916,23.27309226989746,24.01412582397461,29.00254249572754,23.52969741821289,23.9722900390625,23.875925064086914,24.142093658447266,25.010150909423828,15.090142250061035,16.18366241455078,23.809179306030273
21.447206497192383,3.629094123840332,4.737054824829102,21.785585403442383,2.573061227798462,3.2252016067504883,2.5169599056243896,14.20630931854248,22.575654983520508,6.2288384437561035,3.1235501766204834,5.024358749389648,22.437824249267578,4.614748954772949,2.5067269802093506,23.43391990661621,0.0,22.56183624267578,3.7766220569610596,2.9499521255493164,4.2994279861450195,3.362251043319702,2.3045058250427246,2.7388718128204346,3.0340590476989746,2.480196952819824,23.38356590270996,2.9740447998046875,2.7041969299316406,3.0868678092956543,9.106317520141602,11.200240135192871,22.429277420043945,3.2331089973449707,3.6056108474731445,2.243825674057007,5.643296241760254,10.193035125732422,3.8110666275024414,6.503269672393799,7.5386433601379395,3.247899293899536,2.843722105026245,6.15937614440918,8.763212203979492,14.907609939575195,14.99946403503418,3.9585413932800293,20.952537536621094,22.011493682861328,2.344062089920044,4.007393836975098,2.765918731689453,2.9467287063598633,3.3974976539611816,22.39820671081543,4.560408115386963,22.465885162353516,16.509126663208008,7.356494426727295,27.44440460205078,2.8555870056152344,19.641462326049805,20.438352584838867,3.585655927658081,2.9487576484680176,11.506929397583008,2.38828182220459,2.412090301513672,7.033883571624756,4.420347690582275,3.03904390335083,22.653308868408203,15.475363731384277,3.459825277328491,3.22459077835083,4.039446830749512,21.26479148864746,2.0238516330718994,2.646609306335449,5.3295745849609375,13.149141311645508,19.168405532836914,22.869495391845703,7.335508346557617,17.48614501953125,3.4477949142456055,2.2669665813446045,3.9290578365325928,3.150183916091919,3.235244035720825,15.702392578125,2.9114785194396973,3.5217065811157227,3.2868683338165283,2.7228457927703857,4.447206974029541,24.047700881958008,24.78453826904297,2.993567943572998
13.116191864013672,22.90027618408203,23.552448272705078,15.21329116821289,22.529447555541992,22.98827362060547,22.676166534423828,26.622859954833984,12.662083625793457,24.048994064331055,23.15509605407715,22.867172241210938,12.90341567993164,23.710935592651367,22.739572525024414,17.223369598388672,22.56183624267578,0.7681717872619629,23.14714241027832,22.863731384277344,22.941768646240234,22.787446975708008,22.589149475097656,23.426847457885742,22.53791618347168,22.95247459411621,11.637310981750488,23.282880783081055,22.669694900512695,23.122257232666016,24.187419891357422,25.619112014770508,11.30949592590332,22.702285766601562,23.40273666381836,22.88294792175293,23.990299224853516,23.40951919555664,23.036806106567383,23.588159561157227,24.08851432800293,23.70034408569336,23.20695686340332,23.55684471130371,24.284969329833984,27.766143798828125,26.986665725708008,24.07096290588379,10.781390190124512,7.476382732391357,22.44445037841797,23.41743278503418,22.54095458984375,22.865297317504883,22.91912841796875,13.638766288757324,23.875423431396484,9.646479606628418,28.578189849853516,23.888572692871094,17.260103225708008,22.433822631835938,8.723865509033203,10.94339656829834,22.911266326904297,22.438461303710938,25.311452865600586,22.461286544799805,22.67306900024414,24.11210060119629,23.35582733154297,22.969829559326172,12.30394172668457,26.47669219970703,23.090778350830078,22.680578231811523,22.97091293334961,10.141097068786621,22.874069213867188,22.812671661376953,23.321531295776367,26.23676300048828,29.84330177307129,14.770872116088867,24.525802612304688,27.960222244262695,23.03480339050293,23.08578109741211,23.44293212890625,22.83377456665039,23.423032760620117,28.057741165161133,22.662403106689453,22.351587295532227,23.100444793701172,23.484434127807617,23.844789505004883,9.490303039550781,15.150775909423828,22.772472381591797
21.69353675842285,3.6038877964019775,5.015851020812988,22.242944717407227,3.4365382194519043,3.2180140018463135,4.15870475769043,14.913933753967285,22.69981575012207,6.5726847648620605,3.11946964263916,4.521412372589111,22.719501495361328,6.269577980041504,3.1944947242736816,23.18321990966797,3.7766220569610596,23.14714241027832,0.0692051500082016,3.1534526348114014,2.788264036178589,3.6053600311279297,3.2888987064361572,3.371842861175537,3.5863280296325684,2.8479723930358887,23.45100212097168,3.302272319793701,2.654790163040161,3.40393328666687,8.199766159057617,10.17021369934082,22.05662727355957,3.866978645324707,2.522204875946045,2.9455466270446777,4.057811737060547,9.55794620513916,3.7529351711273193,7.956704139709473,7.00869607925415,3.9933953285217285,3.666287422180176,6.392824172973633,7.886280059814453,15.761847496032715,14.11569595336914,4.128398418426514,21.805044174194336,22.330039978027344,3.2543578147888184,5.016086101531982,3.207211971282959,4.112353801727295,5.1928558349609375,22.49094581604004,3.598527669906616,22.61701011657715,16.24078941345215,7.48701810836792,27.460683822631836,2.8469810485839844,20.093395233154297,20.633901596069336,2.1683900356292725,2.871037244796753,13.27773666381836,3.3178229331970215,3.3457372188568115,7.546215534210205,5.0392537117004395,3.54951810836792,23.147951126098633,15.629301071166992,3.6533234119415283,3.5092289447784424,4.466782569885254,21.49317169189453,3.392331600189209,3.233649253845215,6.233539581298828,11.441374778747559,19.402135848999023,23.136154174804688,7.8862786293029785,17.675527572631836,3.6974780559539795,2.9680240154266357,3.7384090423583984,4.127817630767822,4.108920097351074,16.1491641998291,3.4348466396331787,3.572758197784424,3.8403453826904297,3.1588759422302246,4.821801662445068,23.977462768554688,24.804044723510742,3.6542246341705322
21.56170082092285,2.9156136512756348,4.548661231994629,21.904878616333008,2.6512465476989746,2.92602801322937,2.987713098526001,13.654688835144043,22.650224685668945,6.170284271240234,3.3150382041931152,4.683422088623047,22.6427001953125,5.1957573890686035,2.1455748081207275,23.39019012451172,2.9499521255493164,22.863731384277344,3.1534526348114014,0.08127206563949585,3.655446767807007,3.539419174194336,2.320725202560425,2.4497323036193848,2.804720163345337,2.1999354362487793,23.561439514160156,2.773007869720459,2.64054274559021,3.3476638793945312,8.93626594543457,10.96728229522705,22.318470001220703,2.985157012939453,2.7173542976379395,2.4455273151397705,5.208085060119629,9.87939453125,3.3693928718566895,7.175711154937744,7.532406330108643,3.56820011138916,2.426706075668335,6.07620096206665,8.269111633300781,15.850471496582031,13.35586166381836,3.2765402793884277,21.426467895507812,21.872575759887695,2.014228343963623,4.495530605316162,2.149045944213867,2.8450136184692383,4.108663082122803,22.23444366455078,4.2123613357543945,22.752395629882812,15.776803970336914,6.545403003692627,27.184276580810547,2.3751277923583984,19.987821578979492,20.68269920349121,2.8778841495513916,2.380967855453491,12.809619903564453,2.5642311573028564,2.534388303756714,6.794887065887451,4.2245564460754395,2.8768978118896484,22.67426872253418,15.834389686584473,2.9024600982666016,3.0421299934387207,4.375596523284912,21.329692840576172,2.8380966186523438,2.5881383419036865,4.938906192779541,13.154365539550781,18.89724349975586,22.91786766052246,7.218654155731201,17.1492919921875,2.730030059814453,2.113895893096924,3.530176877975464,3.152055263519287,2.8641300201416016,16.617244720458984,2.8810031414031982,3.161217451095581,2.931535005569458,2.6770803928375244,4.001838207244873,24.422767639160156,24.854915618896484,2.646103858947754
21.71592140197754,3.3780312538146973,3.95918607711792,22.579790115356445,3.085627317428589,3.4834091663360596,3.946000099182129,14.532808303833008,23.071134567260742,6.947601795196533,3.4387524127960205,4.748520374298096,22.69786834716797,5.877316474914551,2.9828927516937256,23.32781982421875,4.2994279861450195,22.941768646240234,2.788264036178589,3.655446767807007,0.0,3.5964605808258057,3.209713935852051,3.8040459156036377,3.280580759048462,3.1543850898742676,23.77187156677246,3.6140429973602295,3.4597651958465576,2.7535183429718018,7.042089939117432,10.218562126159668,22.487829208374023,4.063640117645264,3.24385142326355,3.3124165534973145,5.783901214599609,9.794529914855957,3.875549077987671,7.85290002822876,7.433822154998779,4.140069484710693,3.9898581504821777,7.490674018859863,8.095902442932129,15.648778915405273,13.305956840515137,3.9778761863708496,21.984359741210938,22.220067977905273,3.455838441848755,4.868171691894531,3.0899298191070557,3.698421001434326,5.043001651763916,22.219497680664062,3.9173715114593506,22.855093002319336,16.728803634643555,6.847475051879883,27.738258361816406,3.1874961853027344,20.30358123779297,20.921960830688477,2.803651809692383,2.9761476516723633,12.526433944702148,3.1982102394104004,3.372180938720703,8.739704132080078,5.213522434234619,3.448180913925171,22.879383087158203,14.666979789733887,3.2198853492736816,3.0527355670928955,5.028535842895508,21.371307373046875,3.5065841674804688,3.201390266418457,6.072114944458008,11.011981964111328,19.015220642089844,23.49312400817871,8.764832496643066,17.597492218017578,3.4138107299804688,3.0824992656707764,3.2350807189941406,3.456883192062378,3.7774221897125244,16.66527557373047,3.5486416816711426,3.740417242050171,4.06143045425415,2.898892879486084,5.108662128448486,24.325119018554688,24.707515716552734,3.2930595874786377
