0.43078693747520447,27.603843688964844,27.040943145751953,18.42856788635254,26.02324676513672,26.3426456451416,26.647022247314453,28.09134292602539,19.639598846435547,26.238115310668945,26.098854064941406,27.271007537841797,20.001008987426758,27.046106338500977,26.566619873046875,20.76419448852539,26.968862533569336,19.18475914001465,27.393110275268555,27.974040985107422,26.269878387451172,25.968063354492188,26.77069091796875,26.434032440185547,28.477703094482422,26.739952087402344,18.348304748535156,27.533832550048828,26.231595993041992,26.847646713256836,29.342235565185547,29.325883865356445,18.212533950805664,25.746715545654297,27.484214782714844,26.700050354003906,27.521949768066406,27.294477462768555,28.918479919433594,26.562963485717773,27.413414001464844,27.48833465576172,28.76215362548828,29.501901626586914,29.62942886352539,27.999530792236328,28.13202476501465,26.2788143157959,19.829984664916992,18.595293045043945,27.518009185791016,26.610095977783203,25.851957321166992,26.128942489624023,29.86591339111328,19.64312171936035,27.76256561279297,19.147899627685547,27.313343048095703,26.4818115234375,19.41786003112793,25.92414093017578,19.194231033325195,18.71906280517578,26.776681900024414,26.166051864624023,27.672033309936523,25.829559326171875,25.655725479125977,28.257705688476562,27.142757415771484,27.31072425842285,18.752206802368164,26.840045928955078,26.014144897460938,26.236248016357422,27.497394561767578,19.722347259521484,27.22780418395996,26.200786590576172,29.25365447998047,29.331520080566406,29.817108154296875,18.258512496948242,26.723886489868164,28.350400924682617,26.221107482910156,28.519969940185547,25.890172958374023,27.486133575439453,28.90273666381836,27.184123992919922,26.064151763916016,27.06290626525879,27.998685836791992,26.45749282836914,28.832332611083984,19.35519027709961,19.451953887939453,26.535140991210938
27.603843688964844,0.0,17.385610580444336,28.46462631225586,16.280479431152344,17.362838745117188,17.651031494140625,19.693328857421875,28.804548263549805,16.550315856933594,16.39038848876953,17.419071197509766,28.75128936767578,18.24536895751953,16.753448486328125,29.66331672668457,18.411619186401367,29.546649932861328,19.785160064697266,18.981077194213867,16.817886352539062,16.627216339111328,17.061378479003906,16.352861404418945,20.00457000732422,17.66741943359375,28.281021118164062,18.90973663330078,16.36625099182129,17.533491134643555,21.549501419067383,21.12918472290039,28.416898727416992,16.484697341918945,18.176990509033203,16.944246292114258,18.282638549804688,18.552005767822266,20.47186279296875,17.16461944580078,18.280277252197266,18.374618530273438,20.21101188659668,20.624980926513672,21.720922470092773,18.649883270263672,18.902374267578125,16.68273162841797,29.36277961730957,29.02185821533203,18.550880432128906,16.61552619934082,16.208452224731445,16.24700164794922,21.46989631652832,28.418325424194336,19.01776885986328,28.461292266845703,18.256025314331055,16.776460647583008,27.259550094604492,16.376230239868164,27.240245819091797,26.301542282104492,17.496170043945312,16.82081413269043,18.984243392944336,16.55975914001465,15.978593826293945,19.272838592529297,18.281940460205078,17.62454605102539,28.06797981262207,17.915132522583008,15.818207740783691,16.508146286010742,18.558059692382812,29.537839889526367,18.156200408935547,16.582853317260742,21.06282615661621,22.02406883239746,21.730470657348633,28.196992874145508,17.726232528686523,19.584491729736328,16.09027862548828,19.597484588623047,16.253177642822266,18.91037940979004,20.018964767456055,17.749250411987305,16.25368881225586,17.686195373535156,19.261323928833008,16.200824737548828,20.429380416870117,28.753110885620117,27.463043212890625,16.659507751464844
27.040943145751953,17.385610580444336,0.0,27.419158935546875,15.177762985229492,16.302230834960938,16.594200134277344,18.596473693847656,28.296358108520508,15.417134284973145,15.115829467773438,16.384197235107422,28.196382522583008,16.957557678222656,15.576621055603027,28.952587127685547,17.26434326171875,28.807147979736328,18.327899932861328,18.222801208496094,15.691431045532227,15.445265769958496,16.073129653930664,15.305794715881348,19.20732307434082,16.819091796875,27.652748107910156,17.894977569580078,15.311327934265137,16.485326766967773,19.962377548217773,20.27576446533203,27.765838623046875,15.214407920837402,17.223859786987305,15.701897621154785,17.287796020507812,17.4871826171875,19.203689575195312,16.246732711791992,17.373517990112305,17.404869079589844,19.237377166748047,19.763797760009766,20.846553802490234,17.911088943481445,17.792890548706055,16.048120498657227,28.917198181152344,28.540586471557617,17.62458610534668,15.554290771484375,15.01053237915039,15.289403915405273,20.600805282592773,27.75774574279785,17.90576934814453,27.629091262817383,17.483366012573242,15.651399612426758,26.49496078491211,15.074870109558105,26.53013801574707,25.624685287475586,16.461776733398438,15.350456237792969,18.008699417114258,15.337631225585938,14.798075675964355,18.49192237854004,17.336589813232422,16.453418731689453,27.351787567138672,17.13722038269043,14.677892684936523,15.386187553405762,17.507057189941406,28.947153091430664,17.51116943359375,15.536954879760742,20.060205459594727,21.423612594604492,20.900144577026367,27.48347282409668,16.507431030273438,18.522233963012695,14.95006275177002,18.59539222717285,14.91211986541748,17.752492904663086,19.18984031677246,16.625680923461914,14.895612716674805,16.895263671875,18.517988204956055,15.396132469177246,19.44287109375,27.978849411010742,26.85163688659668,15.723703384399414
18.42856788635254,28.46462631225586,27.419158935546875,0.0,26.861047744750977,27.225313186645508,27.3413143157959,28.879558563232422,19.68773078918457,27.056901931762695,26.774154663085938,27.72057342529297,19.868770599365234,27.732093811035156,27.39691925048828,20.18240737915039,27.788589477539062,18.953012466430664,27.96739387512207,28.652746200561523,27.114215850830078,26.83744239807129,27.440948486328125,27.144453048706055,29.377155303955078,27.62116241455078,18.21117401123047,28.26917839050293,27.137075424194336,27.464399337768555,30.23576545715332,29.966964721679688,18.041400909423828,26.64690399169922,28.168649673461914,27.30947494506836,28.130937576293945,27.780166625976562,29.778886795043945,27.372943878173828,27.90966796875,28.321102142333984,29.565195083618164,30.092967987060547,30.52832794189453,28.992576599121094,28.664663314819336,27.072519302368164,19.231069564819336,18.51822853088379,28.190040588378906,27.374113082885742,26.624141693115234,26.87063217163086,30.692676544189453,19.331863403320312,28.475326538085938,18.4755916595459,28.12284278869629,27.060449600219727,19.453601837158203,26.78030014038086,18.845836639404297,17.961397171020508,27.47673988342285,26.9439640045166,28.554771423339844,26.524269104003906,26.304859161376953,28.834135055541992,28.03431510925293,27.960691452026367,18.15461540222168,27.37325096130371,26.67580223083496,26.73045539855957,28.383481979370117,18.864517211914062,27.8909854888916,27.174116134643555,29.97710418701172,30.240930557250977,30.54424476623535,18.44349479675293,27.578580856323242,28.892868041992188,26.927701950073242,29.25086212158203,26.664480209350586,28.366003036499023,29.428815841674805,28.057146072387695,26.882184982299805,27.717029571533203,28.89301300048828,27.21673583984375,29.582067489624023,18.948549270629883,19.210798263549805,27.314701080322266
26.02324676513672,16.280479431152344,15.177762985229492,26.861047744750977,0.031004898250102997,14.511260986328125,14.956604957580566,17.20853042602539,27.533172607421875,13.877325057983398,13.585914611816406,14.687204360961914,27.272361755371094,15.448721885681152,13.71345043182373,28.36161994934082,15.415656089782715,28.10577964782715,16.853784561157227,16.635446548461914,14.197290420532227,13.445960998535156,14.230168342590332,13.437592506408691,17.7455997467041,15.191761016845703,26.88280487060547,16.65631675720215,13.382357597351074,15.05870246887207,19.069238662719727,19.138578414916992,26.854724884033203,13.564528465270996,15.501229286193848,13.927556037902832,15.728556632995605,16.417722702026367,18.050392150878906,14.54871654510498,15.891304016113281,15.814695358276367,17.580293655395508,18.78449058532715,19.87169075012207,16.384998321533203,16.63801383972168,14.032315254211426,28.034456253051758,27.702449798583984,16.409753799438477,13.921552658081055,13.167981147766113,13.479653358459473,19.458202362060547,26.801664352416992,16.592273712158203,26.888051986694336,15.79555606842041,14.037311553955078,25.718704223632812,13.43733024597168,25.582611083984375,24.723934173583984,14.841142654418945,13.602718353271484,16.679513931274414,13.81181526184082,12.904047966003418,17.150522232055664,15.78665828704834,14.781455039978027,26.84996223449707,15.190960884094238,13.04294490814209,13.465714454650879,15.896564483642578,28.467527389526367,15.832819938659668,13.718313217163086,18.863271713256836,19.998998641967773,19.5964298248291,26.53729248046875,15.07713508605957,16.903038024902344,13.131013870239258,17.426237106323242,13.204719543457031,16.56903648376465,18.10307502746582,15.226566314697266,13.314393043518066,15.26240348815918,17.142837524414062,13.521166801452637,18.171377182006836,27.191436767578125,26.188993453979492,13.996145248413086
26.3426456451416,17.362838745117188,16.302230834960938,27.225313186645508,14.511260986328125,0.0,16.008052825927734,18.13099479675293,27.78466033935547,14.706316947937012,14.558823585510254,16.004013061523438,27.8060359954834,16.424299240112305,14.945191383361816,28.450359344482422,16.71424102783203,28.254444122314453,17.78350067138672,17.668149948120117,15.210245132446289,14.78770923614502,15.147744178771973,14.314364433288574,18.551557540893555,16.30777931213379,27.103052139282227,17.470457077026367,14.636642456054688,16.18585968017578,19.92620086669922,19.906593322753906,27.100868225097656,14.470198631286621,16.64199447631836,15.022655487060547,16.84250831604004,17.211294174194336,18.977602005004883,15.751058578491211,16.839223861694336,16.777843475341797,18.547443389892578,19.743059158325195,20.53948211669922,17.693510055541992,17.639808654785156,15.172090530395508,28.308027267456055,27.91435432434082,17.117870330810547,15.00902271270752,14.51578426361084,14.630733489990234,20.30992317199707,27.18039321899414,17.355621337890625,27.10708236694336,16.796039581298828,15.222906112670898,26.191268920898438,14.414297103881836,26.020845413208008,25.226242065429688,15.99182415008545,14.608223915100098,17.393735885620117,14.852210998535156,14.209223747253418,17.9163818359375,16.825084686279297,15.71065902709961,27.0372257232666,16.265926361083984,14.034154891967773,14.609292030334473,16.80600929260254,28.679784774780273,16.789350509643555,15.029919624328613,19.517375946044922,20.82643699645996,20.120655059814453,26.88625144958496,16.055089950561523,18.109546661376953,14.430254936218262,18.035070419311523,14.130427360534668,17.450794219970703,18.919536590576172,16.28211212158203,14.550362586975098,16.17072868347168,18.09915542602539,14.735651969909668,19.025224685668945,27.489566802978516,26.50082015991211,14.969498634338379
26.647022247314453,17.651031494140625,16.594200134277344,27.3413143157959,14.956604957580566,16.008052825927734,0.0,18.310739517211914,27.826461791992188,15.474029541015625,15.080594062805176,16.254751205444336,27.958715438842773,16.668413162231445,15.058206558227539,28.763736724853516,17.00813102722168,28.53920555114746,18.149093627929688,18.097986221313477,15.505016326904297,15.063765525817871,15.532428741455078,14.765231132507324,18.945438385009766,16.349342346191406,27.3267822265625,17.491764068603516,15.013903617858887,16.389739990234375,20.312461853027344,20.01849937438965,27.35810661315918,15.118741989135742,17.094865798950195,15.367249488830566,17.158235549926758,17.42936897277832,19.156442642211914,15.891914367675781,17.210765838623047,17.098005294799805,18.900365829467773,19.820045471191406,20.83622932434082,17.934518814086914,17.88457679748535,15.488997459411621,28.528820037841797,28.235563278198242,17.568130493164062,15.396257400512695,14.754683494567871,14.994904518127441,20.34175682067871,27.473522186279297,17.726417541503906,27.529827117919922,17.069429397583008,15.42436408996582,26.42728042602539,14.952860832214355,26.313997268676758,25.394840240478516,16.466327667236328,15.090437889099121,17.659915924072266,15.022128105163574,14.446090698242188,18.159875869750977,17.41951560974121,16.232608795166016,27.11768341064453,16.591575622558594,14.531539916992188,15.037391662597656,17.218400955200195,28.895263671875,17.150890350341797,15.244325637817383,20.008886337280273,21.154827117919922,20.485124588012695,27.124826431274414,16.1702823638916,18.286849975585938,14.75778865814209,18.480060577392578,14.917490005493164,17.58937644958496,19.1339054107666,16.54359245300293,14.816854476928711,16.47334861755371,18.291391372680664,15.010384559631348,19.14883804321289,27.749876022338867,26.770767211914062,15.59947681427002
28.09134292602539,19.693328857421875,18.596473693847656,28.879558563232422,17.20853042602539,18.13099479675293,18.310739517211914,0.18099895119667053,29.186885833740234,17.487009048461914,17.444387435913086,18.36656379699707,29.207468032836914,18.925586700439453,17.40450096130371,29.863353729248047,19.183835983276367,29.722782135009766,20.053518295288086,20.0694522857666,17.608259201049805,17.101675033569336,17.913463592529297,16.909439086914062,20.608816146850586,18.590085983276367,28.815601348876953,19.92975616455078,17.23904037475586,18.481121063232422,22.164878845214844,21.61654281616211,28.75518035888672,17.11065101623535,18.92414665222168,17.632354736328125,19.22106170654297,19.519710540771484,20.937314987182617,18.02607536315918,19.19029426574707,19.082855224609375,20.62483787536621,21.58894157409668,22.523895263671875,19.542015075683594,19.518930435180664,17.66956901550293,29.90785789489746,29.541839599609375,19.537145614624023,17.486370086669922,17.02068519592285,17.229042053222656,22.094066619873047,28.595306396484375,19.602384567260742,28.897035598754883,19.340831756591797,17.68726921081543,27.717205047607422,17.333040237426758,27.600013732910156,26.891407012939453,18.242233276367188,17.227245330810547,19.787799835205078,17.369388580322266,16.746875762939453,20.173603057861328,19.221111297607422,18.340473175048828,28.541728973388672,18.62782859802246,16.716672897338867,17.147294998168945,19.125526428222656,30.341352462768555,19.271799087524414,17.60934829711914,21.57476806640625,22.63998031616211,22.486177444458008,28.432849884033203,18.231529235839844,20.242183685302734,17.142065048217773,20.565048217773438,16.986621856689453,19.374576568603516,20.515810012817383,18.644756317138672,16.95561981201172,18.65481948852539,20.17359161376953,17.27332878112793,21.14427375793457,28.9466552734375,28.34303092956543,17.768177032470703
19.639598846435547,28.804548263549805,28.296358108520508,19.68773078918457,27.533172607421875,27.78466033935547,27.826461791992188,29.186885833740234,0.0,27.57023811340332,27.2984561920166,28.41104507446289,20.295724868774414,28.428913116455078,27.730018615722656,21.21905517578125,28.199440002441406,19.9671573638916,28.717832565307617,29.10300636291504,27.319852828979492,27.1007137298584,27.99551010131836,27.487401962280273,29.73284912109375,28.00129508972168,18.85323715209961,28.71759796142578,27.61022186279297,28.117855072021484,30.713634490966797,30.292943954467773,19.067548751831055,27.07057762145996,28.586143493652344,27.912132263183594,28.79109764099121,28.48655891418457,30.24662971496582,27.78791618347168,28.549802780151367,28.695446014404297,30.1372013092041,30.800251007080078,31.073240280151367,29.2846622467041,29.39319610595703,27.72319221496582,19.817523956298828,19.178964614868164,28.650083541870117,27.76773452758789,27.154062271118164,27.580583572387695,31.176742553710938,20.429582595825195,28.93817901611328,18.979167938232422,28.73601722717285,27.674022674560547,20.18927764892578,27.185314178466797,19.31547737121582,18.839094161987305,28.20954132080078,27.222137451171875,28.868209838867188,27.140283584594727,26.977420806884766,29.3326416015625,28.483123779296875,28.581998825073242,19.11536407470703,28.118682861328125,27.182266235351562,27.30607032775879,28.658723831176758,20.724315643310547,28.473934173583984,27.68329620361328,30.493240356445312,30.4931640625,31.26886558532715,19.475265502929688,28.09231948852539,29.688690185546875,27.646318435668945,29.75853157043457,27.33405113220215,28.760318756103516,30.220136642456055,28.523605346679688,27.376779556274414,28.3601016998291,29.28184700012207,27.75226402282715,29.950176239013672,19.789194107055664,19.7724552154541,27.771923065185547
26.238115310668945,16.550315856933594,15.417134284973145,27.056901931762695,13.877325057983398,14.706316947937012,15.474029541015625,17.487009048461914,27.57023811340332,0.0,13.7254056930542,14.970892906188965,27.550931930541992,15.65364933013916,14.076129913330078,28.181901931762695,15.933135986328125,28.179723739624023,17.155128479003906,17.18443489074707,14.287222862243652,13.82906436920166,14.61952018737793,13.587616920471191,17.95658302307129,15.446052551269531,26.91648292541504,16.706003189086914,13.712516784667969,15.480147361755371,19.464847564697266,19.237350463867188,27.048458099365234,13.685996055603027,15.797897338867188,14.112213134765625,15.872457504272461,16.14185905456543,18.228416442871094,14.72934627532959,16.135557174682617,16.16561508178711,17.950761795043945,18.881816864013672,19.758014678955078,16.535919189453125,16.701854705810547,14.33222770690918,28.178621292114258,27.786640167236328,16.353404998779297,14.260473251342773,13.574822425842285,13.770090103149414,19.502004623413086,27.069007873535156,16.869022369384766,27.283897399902344,15.997517585754395,14.096832275390625,25.81772232055664,13.690473556518555,25.906492233276367,25.005937576293945,15.187849044799805,13.946450233459473,16.734798431396484,14.067004203796387,13.071959495544434,17.344758987426758,16.163002014160156,14.788508415222168,26.834245681762695,15.361122131347656,13.075264930725098,13.881340026855469,16.145784378051758,28.524503707885742,15.98045825958252,13.929591178894043,19.033361434936523,20.3384952545166,19.623476028442383,26.869417190551758,15.349100112915039,17.098331451416016,13.317641258239746,17.509010314941406,13.197587013244629,16.588680267333984,18.07992935180664,15.510324478149414,13.385824203491211,15.578228950500488,17.255525588989258,13.723053932189941,18.318740844726562,27.357959747314453,26.37054443359375,14.280186653137207
26.098854064941406,16.39038848876953,15.115829467773438,26.774154663085938,13.585914611816406,14.558823585510254,15.080594062805176,17.444387435913086,27.2984561920166,13.7254056930542,0.0,14.693546295166016,27.27394676208496,15.599081993103027,13.976944923400879,27.976640701293945,15.81202507019043,28.010211944580078,17.024526596069336,16.766637802124023,14.055379867553711,13.595125198364258,14.226044654846191,13.312943458557129,17.779020309448242,15.322906494140625,26.696550369262695,16.68324089050293,13.289424896240234,15.443814277648926,19.3103084564209,19.014808654785156,26.74528694152832,13.596081733703613,15.496539115905762,13.920369148254395,16.019899368286133,16.22258186340332,18.018037796020508,14.69005012512207,15.867609977722168,16.09006690979004,17.812217712402344,18.657440185546875,19.69049072265625,16.52886199951172,16.555089950561523,14.045059204101562,27.85211753845215,27.545366287231445,16.439579010009766,13.635104179382324,13.264812469482422,13.540014266967773,19.420372009277344,26.814455032348633,16.48088264465332,26.791044235229492,15.81061840057373,14.288143157958984,25.452245712280273,13.591367721557617,25.696962356567383,24.76633071899414,14.892230033874512,13.798842430114746,16.5383243560791,13.789411544799805,12.942766189575195,17.15999984741211,15.747735023498535,14.694843292236328,26.46124839782715,15.155546188354492,12.766480445861816,13.363075256347656,15.78845500946045,28.116518020629883,16.056224822998047,13.87350845336914,18.709209442138672,19.926681518554688,19.535829544067383,26.529346466064453,15.131814002990723,17.145780563354492,13.406810760498047,17.47516632080078,13.226245880126953,16.422706604003906,18.0526180267334,14.872969627380371,13.21074390411377,15.369430541992188,17.311302185058594,13.6511812210083,18.018217086791992,27.13324737548828,26.109466552734375,14.025440216064453
27.271007537841797,17.419071197509766,16.384197235107422,27.72057342529297,14.687204360961914,16.004013061523438,16.254751205444336,18.36656379699707,28.41104507446289,14.970892906188965,14.693546295166016,0.0,28.377397537231445,16.62598419189453,15.224092483520508,29.02657699584961,16.571178436279297,28.978073120117188,17.957929611206055,17.72574806213379,15.303105354309082,14.955070495605469,15.421896934509277,14.652798652648926,18.667470932006836,16.25177574157715,27.746334075927734,17.59786033630371,14.658308982849121,16.29445457458496,20.43191909790039,19.53575325012207,27.816381454467773,14.646909713745117,16.5936336517334,15.011874198913574,16.85934066772461,17.375783920288086,18.913280487060547,15.986122131347656,16.84054946899414,16.900890350341797,18.53652000427246,19.60295295715332,20.42965316772461,17.398517608642578,17.164196014404297,15.1004638671875,28.91234016418457,28.724048614501953,17.332555770874023,14.734136581420898,14.568987846374512,14.498478889465332,20.228300094604492,27.84653663635254,17.38920783996582,27.906185150146484,16.76376724243164,15.123080253601074,26.824687957763672,14.626604080200195,26.645132064819336,25.767576217651367,15.867847442626953,14.987688064575195,17.565475463867188,15.010259628295898,13.99971866607666,18.23141098022461,16.569496154785156,15.844663619995117,27.762847900390625,16.359188079833984,13.950490951538086,14.748695373535156,16.90294647216797,29.264881134033203,16.778470993041992,15.011999130249023,19.856054306030273,21.0387020111084,20.30742073059082,27.62653160095215,16.129596710205078,17.69794464111328,14.349206924438477,18.389062881469727,14.401750564575195,17.312257766723633,18.637958526611328,16.094560623168945,14.56605339050293,16.46689224243164,18.015853881835938,14.487380981445312,19.03845977783203,28.030317306518555,27.031373977661133,14.96085262298584
20.001008987426758,28.75128936767578,28.196382522583008,19.868770599365234,27.272361755371094,27.8060359954834,27.958715438842773,29.207468032836914,20.295724868774414,27.550931930541992,27.27394676208496,28.377397537231445,0.0,28.28451919555664,27.599822998046875,21.775983810424805,28.192535400390625,20.899147033691406,28.278217315673828,28.769546508789062,27.579618453979492,27.095373153686523,27.791858673095703,27.527873992919922,29.6048583984375,28.105241775512695,19.44879150390625,28.77416229248047,27.40414047241211,28.057313919067383,30.640779495239258,30.445600509643555,19.90624237060547,27.07691192626953,28.52808952331543,27.901220321655273,28.601072311401367,28.164670944213867,30.34207534790039,27.65523910522461,28.46516227722168,28.751020431518555,29.774404525756836,30.591426849365234,30.866350173950195,29.2359561920166,29.225250244140625,27.675500869750977,20.653160095214844,19.310699462890625,28.86357879638672,27.691965103149414,27.25934410095215,27.325794219970703,31.077802658081055,20.386829376220703,28.798004150390625,20.109724044799805,28.556621551513672,27.669225692749023,20.27361297607422,27.172657012939453,19.688039779663086,19.22946548461914,27.936601638793945,27.203388214111328,28.751028060913086,27.05716896057129,26.8487548828125,29.093830108642578,28.454679489135742,28.465545654296875,19.704240798950195,28.024072647094727,27.128185272216797,27.13109016418457,28.666820526123047,20.852767944335938,28.337291717529297,27.675596237182617,30.30042266845703,30.145387649536133,30.934186935424805,19.497684478759766,27.904354095458984,29.434085845947266,27.441938400268555,29.70306968688965,27.171646118164062,28.67134666442871,29.86370277404785,28.444318771362305,27.376813888549805,28.033740997314453,29.10340118408203,27.83110809326172,29.7512264251709,20.414833068847656,20.475271224975586,27.728654861450195
27.046106338500977,18.24536895751953,16.957557678222656,27.732093811035156,15.448721885681152,16.424299240112305,16.668413162231445,18.925586700439453,28.428913116455078,15.65364933013916,15.599081993103027,16.62598419189453,28.28451919555664,0.0,15.622525215148926,29.072988510131836,17.274564743041992,28.948078155517578,18.307262420654297,18.507457733154297,16.069015502929688,15.526617050170898,16.004438400268555,15.670726776123047,19.325403213500977,17.123245239257812,27.77468490600586,18.045347213745117,15.471247673034668,17.009716033935547,20.638572692871094,20.534345626831055,27.789918899536133,15.434879302978516,17.12240219116211,15.866781234741211,17.794090270996094,17.981294631958008,19.562042236328125,16.390554428100586,17.68150520324707,17.61171531677246,19.28849220275879,20.200130462646484,21.346492767333984,18.179889678955078,18.23289680480957,15.952254295349121,28.80006980895996,28.692014694213867,18.03434944152832,16.009851455688477,15.375199317932129,15.567442893981934,20.95271110534668,27.705942153930664,18.121471405029297,28.03635597229004,17.553342819213867,15.829696655273438,26.744165420532227,15.576395034790039,26.694629669189453,25.729658126831055,16.824464797973633,15.636812210083008,18.32915687561035,15.582853317260742,15.128498077392578,18.695369720458984,17.60828971862793,16.8287353515625,27.684383392333984,17.088125228881836,15.03083324432373,15.548439025878906,17.663814544677734,29.314252853393555,17.74979591369629,15.925287246704102,20.252260208129883,21.479576110839844,21.057025909423828,27.394676208496094,16.624515533447266,18.601022720336914,15.26357650756836,19.012983322143555,15.288735389709473,17.985754013061523,19.547109603881836,16.957616806030273,15.296958923339844,16.93714141845703,18.73460578918457,15.567519187927246,19.712890625,28.318639755249023,27.064136505126953,15.805196762084961
26.566619873046875,16.753448486328125,15.576621055603027,27.39691925048828,13.71345043182373,14.945191383361816,15.058206558227539,17.40450096130371,27.730018615722656,14.076129913330078,13.976944923400879,15.224092483520508,27.599822998046875,15.622525215148926,0.0,28.681808471679688,16.053001403808594,28.45524787902832,17.03569793701172,16.883729934692383,14.281927108764648,13.986961364746094,14.534085273742676,13.762984275817871,18.080217361450195,15.527170181274414,27.160619735717773,16.68356704711914,13.766769409179688,15.361650466918945,19.423490524291992,19.335227966308594,27.42781639099121,13.754227638244629,15.672931671142578,14.274584770202637,16.277708053588867,16.599966049194336,18.168621063232422,14.954718589782715,16.175125122070312,16.243255615234375,18.055328369140625,19.26930809020996,19.936508178710938,16.771434783935547,16.867835998535156,14.321630477905273,28.524808883666992,27.912458419799805,16.51646614074707,14.230721473693848,13.753152847290039,13.858516693115234,19.847017288208008,27.258668899536133,16.787761688232422,27.591861724853516,16.221195220947266,14.159819602966309,25.9183292388916,13.707123756408691,26.115192413330078,25.153621673583984,15.019065856933594,13.89050006866455,16.810937881469727,14.09400463104248,13.388582229614258,17.48961639404297,16.266416549682617,15.143813133239746,27.19198989868164,15.592609405517578,13.197307586669922,13.95429515838623,16.377614974975586,28.78664207458496,16.146028518676758,14.2312650680542,19.16609764099121,20.508459091186523,19.803363800048828,27.038074493408203,15.362040519714355,17.27587890625,13.461284637451172,17.497066497802734,13.626262664794922,16.715421676635742,18.074827194213867,15.457535743713379,13.754673957824707,15.613235473632812,17.293302536010742,13.86300277709961,18.32037353515625,27.68955421447754,26.672714233398438,14.39574909210205
20.76419448852539,29.66331672668457,28.952587127685547,20.18240737915039,28.36161994934082,28.450359344482422,28.763736724853516,29.863353729248047,21.21905517578125,28.181901931762695,27.976640701293945,29.02657699584961,21.775983810424805,29.072988510131836,28.681808471679688,0.2916899025440216,28.915597915649414,21.093347549438477,29.083593368530273,29.6541748046875,28.281837463378906,28.09105682373047,28.74786376953125,28.12339210510254,30.345407485961914,28.857563018798828,19.86280632019043,29.605758666992188,28.254398345947266,28.78792381286621,31.538061141967773,30.989337921142578,19.926042556762695,27.837648391723633,29.37944221496582,28.243310928344727,29.402368545532227,29.06339454650879,30.7783203125,28.594575881958008,29.002254486083984,29.524171829223633,30.75308609008789,30.99793243408203,31.471874237060547,29.75309181213379,30.044374465942383,28.302465438842773,20.830923080444336,20.4321346282959,29.315959930419922,28.52921485900879,27.94577980041504,28.187143325805664,31.55451202392578,21.377656936645508,29.5158748626709,20.406110763549805,29.526023864746094,28.448219299316406,20.723379135131836,27.947410583496094,20.244163513183594,20.122783660888672,28.84708023071289,28.198734283447266,29.87481117248535,27.8005428314209,27.667768478393555,30.081775665283203,28.91451644897461,29.229982376098633,20.605178833007812,28.74489974975586,27.936180114746094,28.135482788085938,29.52522087097168,20.834108352661133,29.129199981689453,28.415903091430664,31.112829208374023,31.45027732849121,31.733427047729492,19.47963523864746,28.901973724365234,30.4837589263916,28.09828758239746,30.65209197998047,28.210908889770508,29.31850242614746,30.991443634033203,29.18442153930664,28.066831588745117,29.074438095092773,29.959985733032227,28.559030532836914,30.65204429626465,20.3870906829834,20.456329345703125,28.467937469482422
26.968862533569336,18.411619186401367,17.26434326171875,27.788589477539062,15.415656089782715,16.71424102783203,17.00813102722168,19.183835983276367,28.199440002441406,15.933135986328125,15.81202507019043,16.571178436279297,28.192535400390625,17.274564743041992,16.053001403808594,28.915597915649414,0.2585512697696686,28.82888412475586,18.46807289123535,18.50187110900879,16.214174270629883,15.759888648986816,16.271400451660156,15.624417304992676,19.551677703857422,17.11006736755371,27.649385452270508,18.54405403137207,15.563797950744629,17.007421493530273,20.97266387939453,20.92824935913086,27.812673568725586,15.722996711730957,17.511547088623047,15.995939254760742,17.726465225219727,18.18067741394043,19.861644744873047,16.724159240722656,17.751506805419922,17.60002326965332,19.42649269104004,20.382394790649414,21.131406784057617,18.173059463500977,18.342470169067383,16.129619598388672,28.69915199279785,28.563329696655273,18.006044387817383,16.06072998046875,15.464570999145508,15.732585906982422,21.071931838989258,27.635093688964844,18.4947452545166,27.702289581298828,17.68260955810547,15.929398536682129,26.67171287536621,15.48479175567627,26.60978889465332,25.67154884338379,16.97151756286621,15.725054740905762,18.311824798583984,15.767786979675293,15.139131546020508,18.874561309814453,17.624252319335938,16.90013313293457,27.593170166015625,17.421398162841797,15.321989059448242,15.674996376037598,17.593568801879883,29.397552490234375,17.549741744995117,15.967304229736328,20.34894371032715,21.517541885375977,20.822622299194336,27.33602523803711,17.03695297241211,18.706764221191406,15.640666007995605,18.933732986450195,15.325304985046387,18.217199325561523,19.698081970214844,17.180648803710938,15.368585586547852,17.195632934570312,18.92044448852539,15.799969673156738,19.761821746826172,28.144662857055664,26.993810653686523,16.079538345336914
19.18475914001465,29.546649932861328,28.807147979736328,18.953012466430664,28.10577964782715,28.254444122314453,28.53920555114746,29.722782135009766,19.9671573638916,28.179723739624023,28.010211944580078,28.978073120117188,20.899147033691406,28.948078155517578,28.45524787902832,21.093347549438477,28.82888412475586,0.0,29.02497100830078,29.833059310913086,27.994386672973633,27.794147491455078,28.598722457885742,28.239782333374023,30.267698287963867,28.72675132751465,19.039270401000977,29.281076431274414,28.183961868286133,28.729286193847656,31.080589294433594,30.804656982421875,19.096599578857422,27.56806182861328,29.314245223999023,28.4523868560791,29.267555236816406,29.024812698364258,30.780406951904297,28.58578109741211,29.20850372314453,29.33564567565918,30.54082679748535,31.059045791625977,31.285120010375977,29.868553161621094,29.822568893432617,28.136117935180664,20.253095626831055,18.586328506469727,29.29880142211914,28.45180320739746,27.856945037841797,28.00860595703125,31.565895080566406,20.041940689086914,29.35443687438965,19.19590187072754,29.191308975219727,28.256210327148438,20.189157485961914,27.818878173828125,19.02222442626953,18.752777099609375,28.764623641967773,27.973098754882812,29.653236389160156,27.734376907348633,27.543981552124023,29.815475463867188,29.12589454650879,29.090248107910156,18.59864044189453,28.526779174804688,27.719322204589844,28.103199005126953,29.554889678955078,19.80634880065918,28.972261428833008,28.48304557800293,31.0407657623291,31.154979705810547,31.53221321105957,19.11873435974121,28.630685806274414,30.381505966186523,28.11441993713379,30.393871307373047,27.91243553161621,29.13463020324707,30.609663009643555,29.038728713989258,28.087688446044922,28.94896697998047,30.088603973388672,28.4652099609375,30.69586181640625,19.76898765563965,19.859615325927734,28.486106872558594
27.393110275268555,19.785160064697266,18.327899932861328,27.96739387512207,16.853784561157227,17.78350067138672,18.149093627929688,20.053518295288086,28.717832565307617,17.155128479003906,17.024526596069336,17.957929611206055,28.278217315673828,18.307262420654297,17.03569793701172,29.083593368530273,18.46807289123535,29.02497100830078,0.0,19.138263702392578,17.421573638916016,17.05738067626953,17.373825073242188,16.78347396850586,20.36199188232422,18.33445930480957,27.684410095214844,19.32480812072754,16.80123519897461,18.22024917602539,21.57158851623535,21.736000061035156,28.033170700073242,16.952531814575195,18.580970764160156,17.32012176513672,18.67149543762207,19.146818161010742,20.45009422302246,17.957351684570312,18.649084091186523,18.674823760986328,20.22886085510254,21.31890869140625,22.247726440429688,19.3892822265625,19.538297653198242,17.222871780395508,29.18477439880371,28.896682739257812,19.465999603271484,17.39444923400879,16.795825958251953,16.9815673828125,21.921035766601562,28.028209686279297,19.304237365722656,28.280786514282227,18.85882568359375,17.408143997192383,27.070947647094727,16.71050453186035,26.98291015625,26.0839900970459,18.066543579101562,17.26072120666504,19.52564811706543,17.06304931640625,16.495616912841797,19.790430068969727,18.878625869750977,18.100704193115234,27.891260147094727,18.04538917541504,16.25639533996582,16.846712112426758,18.982118606567383,29.559642791748047,18.792917251586914,17.27553367614746,21.273591995239258,22.50770378112793,21.770849227905273,27.695669174194336,18.082061767578125,19.748367309570312,16.696212768554688,20.08479118347168,16.434282302856445,19.148685455322266,20.47283172607422,18.25467872619629,16.703144073486328,18.22599983215332,19.57338523864746,17.15637969970703,20.67841911315918,28.10541343688965,27.28366470336914,17.551362991333008
27.974040985107422,18.981077194213867,18.222801208496094,28.652746200561523,16.635446548461914,17.668149948120117,18.097986221313477,20.0694522857666,29.10300636291504,17.18443489074707,16.766637802124023,17.72574806213379,28.769546508789062,18.507457733154297,16.883729934692383,29.6541748046875,18.50187110900879,29.833059310913086,19.138263702392578,0.3954004943370819,17.087385177612305,16.937585830688477,17.413894653320312,16.674074172973633,20.097091674804688,18.2301025390625,28.641822814941406,19.32522201538086,16.676517486572266,18.248432159423828,21.786701202392578,21.273149490356445,28.613649368286133,16.928699493408203,18.292232513427734,16.91057014465332,18.8137149810791,19.15350341796875,20.731508255004883,17.605310440063477,18.70435905456543,18.863136291503906,20.027463912963867,21.203161239624023,22.309772491455078,18.91619300842285,19.348976135253906,17.154943466186523,29.614215850830078,29.392057418823242,19.086559295654297,17.166419982910156,16.745071411132812,16.87930679321289,21.862302780151367,28.614702224731445,19.083431243896484,28.80924415588379,18.66181182861328,17.17249870300293,27.590049743652344,16.62437629699707,27.43450927734375,26.6319580078125,17.949392318725586,17.08687400817871,19.332948684692383,17.05506134033203,16.440977096557617,19.893404006958008,18.475648880004883,17.744226455688477,28.41067886352539,18.332962036132812,16.343351364135742,16.773082733154297,18.853958129882812,29.8571834564209,18.844518661499023,16.96106719970703,21.097850799560547,22.532896041870117,21.701339721679688,28.25649642944336,18.093740463256836,19.967693328857422,16.669017791748047,20.163734436035156,16.472436904907227,19.22563362121582,20.44266128540039,18.134645462036133,16.711669921875,18.199670791625977,19.774309158325195,16.756664276123047,20.53692626953125,28.941102981567383,28.01370620727539,17.289813995361328
26.269878387451172,16.817886352539062,15.691431045532227,27.114215850830078,14.197290420532227,15.210245132446289,15.505016326904297,17.608259201049805,27.319852828979492,14.287222862243652,14.055379867553711,15.303105354309082,27.579618453979492,16.069015502929688,14.281927108764648,28.281837463378906,16.214174270629883,27.994386672973633,17.421573638916016,17.087385177612305,0.0,13.975104331970215,14.698319435119629,13.823923110961914,18.002168655395508,15.912635803222656,26.736663818359375,16.83185577392578,13.893067359924316,15.5848388671875,19.62461280822754,19.20083999633789,26.903827667236328,14.13724136352539,15.984806060791016,14.42496395111084,16.519224166870117,16.773725509643555,18.156736373901367,15.184845924377441,16.554954528808594,16.250207901000977,18.139596939086914,18.941083908081055,19.9661922454834,16.96752166748047,16.76700210571289,14.566725730895996,28.09283447265625,27.816997528076172,16.845714569091797,14.575125694274902,13.81302261352539,14.054937362670898,19.60300636291504,26.95465087890625,16.765478134155273,27.241384506225586,16.22368621826172,14.597516059875488,25.830841064453125,13.878005027770996,25.964523315429688,25.021011352539062,15.461165428161621,14.237055778503418,17.016305923461914,14.367310523986816,13.434456825256348,17.676467895507812,16.493715286254883,15.287158966064453,26.703916549682617,15.820352554321289,13.40953254699707,14.054217338562012,16.372825622558594,28.294103622436523,16.171911239624023,14.579277038574219,19.430994033813477,20.317485809326172,20.005205154418945,26.718881607055664,15.47107219696045,17.687782287597656,13.683286666870117,17.795427322387695,13.834916114807129,16.987470626831055,18.338825225830078,15.664935111999512,13.97280502319336,15.619179725646973,17.421611785888672,14.072994232177734,18.39330291748047,27.306795120239258,26.243408203125,14.59016227722168
