0.0,22.24618911743164,20.80994987487793,2.7041409015655518,20.932186126708984,21.137229919433594,26.372007369995117,20.799394607543945,2.5136044025421143,21.22418212890625,22.485904693603516,25.057035446166992,2.1535167694091797,28.64165687561035,21.32408905029297,2.3814032077789307,21.29197120666504,3.3276000022888184,20.76688575744629,22.030363082885742,23.622543334960938,26.342296600341797,22.716684341430664,20.979419708251953,20.794832229614258,21.777257919311523,2.033322334289551,21.466217041015625,24.44597625732422,21.27347183227539,21.437368392944336,22.42974281311035,2.189368724822998,23.1634464263916,27.564586639404297,21.583656311035156,22.08036994934082,27.511674880981445,24.31631088256836,20.559539794921875,21.85626220703125,21.93134880065918,22.933486938476562,24.01439094543457,23.69896697998047,20.855392456054688,21.295225143432617,21.01564598083496,1.6146379709243774,3.3062362670898438,21.26493263244629,23.792627334594727,21.458925247192383,21.010482788085938,21.23177146911621,1.9408992528915405,21.035734176635742,1.9954630136489868,24.126689910888672,27.101783752441406,2.2095706462860107,20.920682907104492,2.314755439758301,2.559953212738037,26.391695022583008,21.607032775878906,24.350605010986328,20.64691734313965,22.475112915039062,27.469207763671875,21.732336044311523,21.170204162597656,1.8488491773605347,27.11101531982422,21.096588134765625,22.215333938598633,21.27412986755371,1.9410957098007202,21.73924446105957,21.21051597595215,27.43731689453125,21.261655807495117,21.75089454650879,2.1813249588012695,26.46925163269043,21.645444869995117,21.044191360473633,21.252243041992188,21.110342025756836,20.48887062072754,23.52674102783203,22.14813232421875,27.402687072753906,21.20619010925293,21.911548614501953,24.241714477539062,21.121116638183594,3.040914535522461,3.09721040725708,21.439245223999023
22.24618911743164,0.0,6.46056604385376,20.819860458374023,7.126683235168457,7.765420913696289,19.134614944458008,9.133816719055176,21.879901885986328,6.34512186050415,10.577285766601562,15.053524017333984,22.163095474243164,20.75193977355957,9.380598068237305,21.95639419555664,7.125439167022705,19.884490966796875,7.308342933654785,9.527106285095215,16.157136917114258,17.81808853149414,9.939615249633789,6.68980073928833,9.240677833557129,10.646552085876465,22.224580764770508,6.120850563049316,12.12173843383789,7.743090629577637,9.421945571899414,9.894166946411133,22.00048828125,14.21635913848877,19.236360549926758,8.062153816223145,7.2235107421875,17.71112060546875,15.904457092285156,6.936643600463867,10.485573768615723,11.432455062866211,10.714698791503906,13.412442207336426,13.130592346191406,6.726678371429443,10.105477333068848,8.466367721557617,21.703617095947266,19.689708709716797,8.737471580505371,13.886870384216309,5.447009086608887,8.34112548828125,7.373366355895996,22.19477081298828,7.509450912475586,22.501628875732422,14.586699485778809,19.922840118408203,22.14459228515625,6.350118637084961,21.992982864379883,20.867483139038086,16.084217071533203,8.374482154846191,15.610625267028809,6.096615314483643,5.121304512023926,20.445720672607422,7.040246963500977,7.836550235748291,22.470630645751953,18.30919075012207,7.584915637969971,14.447587013244629,6.0973100662231445,22.107084274291992,10.003814697265625,6.748015403747559,18.51359748840332,9.946950912475586,10.803607940673828,23.043819427490234,18.40230369567871,8.678321838378906,6.239371299743652,7.82565450668335,6.971687316894531,5.815718173980713,13.152045249938965,8.202963829040527,19.182315826416016,6.055592060089111,12.159897804260254,14.448342323303223,7.685869216918945,21.589954376220703,24.289154052734375,7.480544567108154
20.80994987487793,6.46056604385376,0.0,19.30640983581543,2.5957255363464355,4.26715087890625,16.673622131347656,3.8239269256591797,20.49205780029297,2.729517936706543,8.984746932983398,13.986937522888184,20.734600067138672,19.850954055786133,5.118147850036621,20.756500244140625,4.421041965484619,18.521495819091797,3.5165555477142334,7.723568916320801,13.908982276916504,17.133371353149414,7.76970911026001,2.5034918785095215,3.9161293506622314,8.163257598876953,20.78345489501953,4.750290393829346,12.945094108581543,3.9593586921691895,6.00666618347168,7.33743143081665,20.385648727416992,12.108748435974121,18.745471954345703,5.838541507720947,4.63471794128418,19.07899284362793,12.712564468383789,2.7595317363739014,6.811389446258545,7.398557186126709,8.794787406921387,12.156806945800781,11.45100212097168,3.9250476360321045,6.27969217300415,4.886120796203613,20.37847137451172,18.19754409790039,4.572066307067871,10.939393997192383,3.5935370922088623,5.222772121429443,4.602207183837891,21.018983840942383,4.035426139831543,21.224124908447266,12.966959953308105,18.113012313842773,20.900989532470703,2.477229356765747,20.671524047851562,19.361162185668945,15.599930763244629,6.32439661026001,13.21453857421875,2.0433590412139893,7.443229675292969,18.140972137451172,6.7583441734313965,3.9449424743652344,21.190725326538086,17.142845153808594,4.90638542175293,10.044940948486328,5.906231880187988,21.0153865814209,6.25029993057251,4.391573905944824,18.067644119262695,5.676656723022461,6.589212894439697,21.823238372802734,16.30055809020996,5.202624797821045,3.0097272396087646,4.390510559082031,2.8569247722625732,4.09527587890625,12.315624237060547,6.9028849601745605,18.455163955688477,2.326831817626953,9.136026382446289,12.217032432556152,4.7797441482543945,20.006933212280273,23.06449317932129,6.231363296508789
2.7041409015655518,20.819860458374023,19.30640983581543,0.0,19.422849655151367,19.648168563842773,25.176929473876953,19.2705078125,2.270075798034668,19.628747940063477,21.233747482299805,23.453426361083984,2.373351573944092,28.06329345703125,20.000097274780273,2.6530168056488037,19.681325912475586,2.787160634994507,19.20112419128418,20.706859588623047,23.089902877807617,24.807342529296875,20.88726234436035,19.539907455444336,19.26565933227539,20.658437728881836,2.0980417728424072,19.977005004882812,23.240354537963867,19.71289825439453,20.02089500427246,20.961397171020508,2.118603229522705,22.097625732421875,26.662824630737305,20.01726531982422,20.560457229614258,26.41483497619629,23.025115966796875,19.04018783569336,20.285341262817383,20.43418312072754,21.14438819885254,22.567480087280273,22.388856887817383,19.327112197875977,19.886255264282227,19.366151809692383,2.4760541915893555,1.9422273635864258,19.84404945373535,22.477455139160156,19.835655212402344,19.684926986694336,19.67763900756836,2.7418341636657715,19.623334884643555,2.906428575515747,22.953554153442383,25.567956924438477,2.225548028945923,19.325336456298828,2.3171372413635254,1.7290617227554321,24.9471378326416,20.343996047973633,22.961395263671875,19.187576293945312,20.960803985595703,25.76850700378418,20.075817108154297,19.688800811767578,2.343092441558838,26.099578857421875,19.55855369567871,20.948514938354492,20.038820266723633,2.8505189418792725,20.20961570739746,19.58135986328125,25.993118286132812,19.78162956237793,20.1549129486084,3.307558298110962,25.340167999267578,19.87333106994629,19.453357696533203,19.633329391479492,19.579286575317383,19.120826721191406,22.543169021606445,20.68488883972168,26.378313064575195,19.664716720581055,20.313854217529297,23.448692321777344,19.73775291442871,2.9934239387512207,4.333078861236572,19.919780731201172
20.932186126708984,7.126683235168457,2.5957255363464355,19.422849655151367,0.0,3.5214009284973145,17.285404205322266,3.258794069290161,20.595247268676758,2.1489944458007812,7.7675395011901855,14.585101127624512,20.90831756591797,20.21221923828125,5.573415279388428,20.891828536987305,4.460169315338135,18.60575294494629,2.203428030014038,7.383066654205322,12.922022819519043,16.831602096557617,8.38483715057373,2.546753406524658,3.5990397930145264,8.695646286010742,20.96213150024414,5.05942440032959,12.616703033447266,2.8724207878112793,5.588406085968018,7.878504276275635,20.52134895324707,12.542036056518555,18.351381301879883,5.516509532928467,4.337969779968262,18.26789093017578,11.71360969543457,1.9996838569641113,5.973456382751465,7.34804630279541,8.577095031738281,11.78563117980957,11.748258590698242,3.0556061267852783,5.606076717376709,4.843752861022949,20.43522834777832,18.261112213134766,4.440454006195068,10.614056587219238,3.836726665496826,5.1739678382873535,4.774779319763184,21.158706665039062,3.2172093391418457,21.379758834838867,12.99165153503418,18.13072967529297,21.04410171508789,2.311292886734009,20.82121467590332,19.482677459716797,15.917840957641602,6.334390163421631,13.18558406829834,2.32822322845459,7.857698440551758,17.858196258544922,6.898783206939697,3.260432481765747,21.323415756225586,18.5095272064209,4.693789958953857,8.966913223266602,6.366747856140137,21.111373901367188,6.843917369842529,4.828788757324219,17.510299682617188,4.813979148864746,5.821972370147705,21.936656951904297,16.593290328979492,5.344286918640137,2.4501733779907227,3.674738883972168,2.7821550369262695,4.309658050537109,12.281322479248047,6.773375511169434,18.045631408691406,2.2344906330108643,8.914542198181152,13.220728874206543,4.065187454223633,20.1068172454834,23.175451278686523,6.675092697143555
21.137229919433594,7.765420913696289,4.26715087890625,19.648168563842773,3.5214009284973145,0.1148364394903183,16.818315505981445,4.260890960693359,20.943378448486328,3.3238463401794434,8.047924995422363,15.06238079071045,21.19931411743164,19.864309310913086,5.286337852478027,21.276988983154297,3.4102561473846436,18.80635643005371,4.3755364418029785,8.315601348876953,13.954573631286621,17.514324188232422,8.734537124633789,3.4747314453125,4.982388973236084,9.249252319335938,21.27663803100586,4.570817470550537,14.000947952270508,4.165260314941406,4.711061954498291,8.861039161682129,20.82991600036621,11.177002906799316,18.96451759338379,7.080663681030273,5.864283561706543,17.763580322265625,12.540844917297363,2.9375317096710205,6.550097465515137,7.8370585441589355,9.847758293151855,13.559202194213867,13.712206840515137,4.972665309906006,5.064038276672363,6.026425838470459,20.716915130615234,18.62406349182129,6.395608901977539,11.486374855041504,5.105071067810059,6.1951375007629395,3.6632754802703857,21.48420524597168,4.147130489349365,21.571744918823242,13.902434349060059,18.41920280456543,21.330312728881836,4.265262603759766,21.22144317626953,19.68928337097168,17.22852897644043,6.052402973175049,13.618351936340332,3.583244562149048,8.940848350524902,17.889680862426758,6.47916841506958,5.111429214477539,21.539852142333984,18.18790626525879,4.511691570281982,10.02319049835205,7.034090995788574,21.310836791992188,7.8371381759643555,4.891098976135254,17.166656494140625,4.6839423179626465,4.990061283111572,22.263324737548828,17.783824920654297,5.521480560302734,3.2641632556915283,4.347445011138916,3.5330820083618164,4.565097332000732,11.692709922790527,6.48458194732666,18.336597442626953,4.112916946411133,9.408331871032715,14.76136589050293,5.091760635375977,20.395151138305664,23.48740005493164,6.389508247375488
26.372007369995117,19.134614944458008,16.673622131347656,25.176929473876953,17.285404205322266,16.818315505981445,0.5205435156822205,16.462831497192383,26.17317008972168,17.466720581054688,19.83650016784668,19.07789421081543,26.1012020111084,25.0698299407959,16.104032516479492,26.51490592956543,18.385217666625977,24.760034561157227,17.73898696899414,20.128860473632812,21.58155632019043,22.92841339111328,16.21305274963379,16.56459617614746,16.864486694335938,16.03536033630371,26.305212020874023,17.6038761138916,22.26369285583496,17.142438888549805,17.22314453125,18.388916015625,26.137434005737305,19.6356143951416,25.29458999633789,17.276002883911133,17.506519317626953,24.193078994750977,18.58407974243164,16.252832412719727,19.017967224121094,17.07732391357422,19.169208526611328,17.93565559387207,20.435138702392578,17.622547149658203,15.64409065246582,17.834095001220703,26.31797981262207,24.448904037475586,16.5567626953125,19.051908493041992,17.222949981689453,17.723085403442383,17.243303298950195,26.31287384033203,17.670743942260742,26.816072463989258,19.329875946044922,24.841182708740234,26.63670539855957,16.957544326782227,26.427631378173828,25.045217514038086,24.331552505493164,16.950149536132812,21.282529830932617,16.61391830444336,18.54093360900879,24.60759925842285,18.479473114013672,16.827266693115234,26.53829002380371,23.714216232299805,17.970264434814453,21.44818687438965,16.473575592041016,26.490705490112305,17.179180145263672,16.877689361572266,23.0494327545166,17.072935104370117,17.986072540283203,27.371789932250977,23.48861312866211,17.036428451538086,16.241436004638672,15.799761772155762,16.03121566772461,16.708711624145508,20.60147476196289,19.66189193725586,24.75993537902832,16.731021881103516,21.108060836791992,22.1356258392334,17.33005714416504,25.515792846679688,28.497509002685547,17.880386352539062
20.799394607543945,9.133816719055176,3.8239269256591797,19.2705078125,3.258794069290161,4.260890960693359,16.462831497192383,0.0,20.44940757751465,4.187483310699463,9.619738578796387,14.455059051513672,20.771574020385742,19.914566040039062,4.472355365753174,20.8522891998291,5.284693717956543,18.505653381347656,3.437774658203125,7.4920878410339355,12.888872146606445,16.285625457763672,8.666794776916504,3.5390918254852295,4.116613864898682,9.344158172607422,20.794008255004883,6.367231845855713,14.123719215393066,4.433226108551025,5.543181896209717,7.01568078994751,20.31160545349121,12.879999160766602,19.239763259887695,6.869869709014893,6.369452476501465,19.159896850585938,10.880361557006836,3.179117202758789,5.861359596252441,7.793213844299316,9.542872428894043,12.33993911743164,11.52133560180664,4.744471073150635,5.060735702514648,5.7522735595703125,20.344873428344727,18.164443969726562,6.3374528884887695,11.814486503601074,6.112316608428955,6.816784858703613,5.679719924926758,21.118038177490234,4.0188493728637695,21.206066131591797,13.828777313232422,17.892852783203125,20.931333541870117,3.7108852863311768,20.684579849243164,19.365751266479492,16.21395492553711,7.090188026428223,13.37999439239502,4.239291667938232,10.163224220275879,17.69243812561035,7.592005729675293,4.476329803466797,21.25200080871582,17.64900779724121,4.836578369140625,9.056890487670898,8.393672943115234,21.041112899780273,7.1147942543029785,6.436889171600342,17.968164443969727,4.9202375411987305,5.232974529266357,21.806133270263672,17.41644287109375,5.981168746948242,3.784602642059326,5.029778957366943,4.111939430236816,5.99126672744751,12.270489692687988,7.9187116622924805,17.884092330932617,3.552663564682007,9.45551872253418,13.882018089294434,5.461167335510254,19.918630599975586,22.98955726623535,8.454020500183105
2.5136044025421143,21.879901885986328,20.49205780029297,2.270075798034668,20.595247268676758,20.943378448486328,26.17317008972168,20.44940757751465,0.6851655840873718,20.840808868408203,22.284282684326172,24.701068878173828,2.5522851943969727,28.79630470275879,21.063337326049805,1.5268890857696533,20.92099380493164,3.026211977005005,20.38294792175293,21.83768081665039,23.843856811523438,25.52481460571289,21.965269088745117,20.740930557250977,20.5207576751709,21.66594886779785,1.9360740184783936,21.139999389648438,23.68695068359375,20.854419708251953,21.194168090820312,22.10020637512207,2.12367844581604,23.187707901000977,27.164810180664062,21.240497589111328,21.682655334472656,27.35277557373047,23.682601928710938,20.260417938232422,21.4520320892334,21.582714080810547,22.159543991088867,23.47262191772461,23.27385711669922,20.429046630859375,21.025659561157227,20.508529663085938,2.0930356979370117,2.7525150775909424,20.992916107177734,23.38578224182129,21.052648544311523,20.979135513305664,20.908143997192383,2.3005259037017822,20.79130744934082,2.1058926582336426,23.736534118652344,26.290897369384766,1.6938987970352173,20.497398376464844,1.849517583847046,2.4330732822418213,25.814149856567383,21.389747619628906,24.333860397338867,20.374778747558594,22.042165756225586,27.029855728149414,21.151290893554688,20.854572296142578,2.0410220623016357,26.74642562866211,20.61600112915039,22.052507400512695,21.247102737426758,2.642721652984619,21.639326095581055,20.890167236328125,27.286762237548828,21.065488815307617,21.526992797851562,2.141815185546875,25.82915496826172,21.186899185180664,20.698638916015625,20.866819381713867,20.742029190063477,20.277334213256836,23.697938919067383,21.932476043701172,27.012821197509766,20.77489471435547,21.587005615234375,24.561670303344727,21.03965950012207,2.801238775253296,3.250952959060669,21.38880729675293
21.22418212890625,6.34512186050415,2.729517936706543,19.628747940063477,2.1489944458007812,3.3238463401794434,17.466720581054688,4.187483310699463,20.840808868408203,0.0,8.22669792175293,14.859588623046875,21.214630126953125,20.559898376464844,5.940053939819336,21.122581481933594,3.7098186016082764,18.82064437866211,3.3352365493774414,8.19044303894043,14.470264434814453,17.206817626953125,7.749646186828613,3.243100166320801,4.6221232414245605,9.21933364868164,21.222049713134766,4.844688415527344,12.857475280761719,3.3104259967803955,5.702629566192627,8.19346809387207,20.78490447998047,12.691917419433594,18.914323806762695,5.7740983963012695,4.5283074378967285,18.21023178100586,12.397990226745605,2.733379364013672,5.958406448364258,7.630831718444824,8.658164978027344,12.567689895629883,11.985942840576172,3.7020275592803955,6.290427207946777,4.726677417755127,20.736875534057617,18.564220428466797,5.276943683624268,11.15565299987793,3.2620484828948975,6.249516487121582,3.9373650550842285,21.431461334228516,3.6414883136749268,21.615169525146484,13.61359977722168,17.739944458007812,21.251113891601562,2.6137051582336426,21.079395294189453,19.71523666381836,16.193525314331055,6.24406099319458,13.209460258483887,2.401308536529541,7.664022445678711,18.6839656829834,6.497776985168457,3.916344404220581,21.524471282958984,18.40694236755371,4.510448932647705,9.907867431640625,6.372225761413574,21.4018497467041,7.0995330810546875,4.5277018547058105,17.509008407592773,5.832881927490234,5.838477611541748,22.194984436035156,16.99178695678711,4.202361106872559,2.362870454788208,3.324540376663208,2.9023349285125732,3.828256368637085,12.692265510559082,6.570776462554932,18.503265380859375,2.7511532306671143,9.49307632446289,13.707010269165039,4.324122428894043,20.426816940307617,23.433752059936523,6.140552520751953
22.485904693603516,10.577285766601562,8.984746932983398,21.233747482299805,7.7675395011901855,8.047924995422363,19.83650016784668,9.619738578796387,22.284282684326172,8.22669792175293,0.2634909749031067,16.442352294921875,22.514631271362305,22.12639045715332,11.380430221557617,22.68022346496582,9.06849479675293,20.51618194580078,8.233380317687988,11.107269287109375,13.485270500183105,18.85930061340332,11.394587516784668,9.0462007522583,8.845553398132324,11.105409622192383,22.749732971191406,10.043075561523438,11.857804298400879,7.758195877075195,10.568360328674316,13.900710105895996,22.499889373779297,15.4498872756958,20.304546356201172,10.313225746154785,7.747732639312744,19.567995071411133,14.729939460754395,7.9812397956848145,9.786444664001465,11.416786193847656,10.948469161987305,15.206345558166504,17.72811508178711,8.104888916015625,8.555747985839844,8.928544044494629,21.960845947265625,20.221508026123047,8.837109565734863,12.894006729125977,8.856788635253906,8.601016998291016,8.610715866088867,22.748342514038086,8.07053279876709,23.0512638092041,12.84982681274414,21.373085021972656,22.80694580078125,8.876319885253906,22.610530853271484,21.210800170898438,20.79006004333496,10.54689884185791,14.037995338439941,8.309342384338379,9.544587135314941,20.39243507385254,11.234471321105957,8.603994369506836,22.882083892822266,20.10784912109375,9.34952163696289,11.778039932250977,9.844252586364746,22.772768020629883,12.099297523498535,9.398303031921387,18.824443817138672,9.43419075012207,9.43599796295166,23.46869468688965,18.88901710510254,10.948243141174316,8.775712013244629,9.223822593688965,8.450690269470215,8.662908554077148,15.514084815979004,10.679479598999023,20.2005558013916,8.26343822479248,9.550005912780762,17.089515686035156,9.550458908081055,21.933115005493164,24.860416412353516,9.690020561218262
25.057035446166992,15.053524017333984,13.986937522888184,23.453426361083984,14.585101127624512,15.06238079071045,19.07789421081543,14.455059051513672,24.701068878173828,14.859588623046875,16.442352294921875,0.0,24.36260986328125,24.677492141723633,14.659599304199219,25.079877853393555,15.612870216369629,23.70632553100586,13.87934684753418,12.810102462768555,20.027721405029297,19.18463134765625,15.611785888671875,13.913874626159668,14.365462303161621,13.552416801452637,24.791915893554688,15.034823417663574,19.81541633605957,14.65153694152832,15.720503807067871,14.213211059570312,24.875259399414062,18.551345825195312,24.0660400390625,16.135669708251953,13.991390228271484,22.989185333251953,20.61812973022461,14.141385078430176,14.431124687194824,14.833984375,17.264442443847656,17.5417537689209,19.783681869506836,14.694198608398438,14.41464614868164,15.151256561279297,24.811208724975586,22.847736358642578,15.694083213806152,22.069154739379883,14.00206470489502,14.570433616638184,16.158639907836914,24.98759651184082,14.64433765411377,25.25087547302246,16.35026741027832,22.771928787231445,24.999631881713867,13.328534126281738,24.728647232055664,24.035825729370117,20.59745979309082,17.728036880493164,17.24983787536621,14.128976821899414,14.370585441589355,21.394189834594727,14.625868797302246,14.44072437286377,25.24236488342285,23.088518142700195,14.503466606140137,17.228435516357422,14.040382385253906,24.925128936767578,16.05545997619629,14.15260124206543,23.55205535888672,15.222200393676758,15.51676082611084,25.667314529418945,20.000398635864258,15.024662971496582,14.034204483032227,15.230772018432617,13.68832015991211,15.297226905822754,18.216196060180664,15.02138614654541,22.461551666259766,13.882224082946777,14.860372543334961,20.17505645751953,14.630240440368652,24.42886734008789,26.902050018310547,15.025736808776855
2.1535167694091797,22.163095474243164,20.734600067138672,2.373351573944092,20.90831756591797,21.19931411743164,26.1012020111084,20.771574020385742,2.5522851943969727,21.214630126953125,22.514631271362305,24.36260986328125,0.4601091742515564,28.893749237060547,21.47702407836914,2.6572723388671875,21.277559280395508,4.103565216064453,20.66469955444336,21.93164825439453,23.95454216003418,26.2130069732666,22.340200424194336,20.970468521118164,20.69176483154297,21.670080184936523,1.7604840993881226,21.455366134643555,24.359893798828125,21.255279541015625,21.57220458984375,22.272634506225586,2.22271466255188,23.380571365356445,27.597362518310547,21.52341079711914,21.862606048583984,27.484371185302734,24.124710083007812,20.505159378051758,21.82257843017578,21.89225959777832,22.69410514831543,23.72054672241211,23.784282684326172,20.8660888671875,21.22305679321289,20.920089721679688,2.162687063217163,3.249645471572876,21.178600311279297,23.859560012817383,21.290307998657227,20.910539627075195,21.31692886352539,1.8485603332519531,21.162395477294922,2.540984869003296,23.62233543395996,26.94965171813965,2.0590569972991943,20.760555267333984,2.0326616764068604,2.679516553878784,25.816564559936523,21.81678581237793,24.415340423583984,20.64478302001953,22.160249710083008,26.77054214477539,21.68214988708496,21.148584365844727,2.0084962844848633,26.8554630279541,21.039976119995117,22.30928611755371,21.285755157470703,2.217477321624756,21.743684768676758,21.097614288330078,27.065595626831055,21.168472290039062,21.795198440551758,2.8094112873077393,26.413171768188477,21.59603500366211,20.96893882751465,21.233970642089844,21.098373413085938,20.59139060974121,23.640689849853516,22.04509162902832,27.52318572998047,21.091806411743164,21.451993942260742,24.1691837310791,21.12938690185547,3.1874234676361084,3.372729539871216,21.404279708862305
28.64165687561035,20.75193977355957,19.850954055786133,28.06329345703125,20.21221923828125,19.864309310913086,25.0698299407959,19.914566040039062,28.79630470275879,20.559898376464844,22.12639045715332,24.677492141723633,28.893749237060547,0.0,18.25552749633789,29.048521041870117,20.072959899902344,27.6173038482666,20.59520721435547,20.59139633178711,24.220260620117188,26.152719497680664,22.441673278808594,20.029218673706055,19.59689712524414,22.561641693115234,28.996437072753906,19.208921432495117,23.713796615600586,20.810359954833984,21.157337188720703,21.48659324645996,28.83061408996582,23.478384017944336,27.41112518310547,21.230653762817383,21.01119041442871,26.180416107177734,23.695064544677734,19.946670532226562,21.39231300354004,22.09161376953125,21.16701316833496,23.104745864868164,24.158018112182617,20.92857551574707,20.484277725219727,20.440813064575195,28.43520736694336,27.13150405883789,20.856033325195312,23.250347137451172,20.30547332763672,20.892879486083984,20.26667022705078,29.226484298706055,20.287097930908203,29.351398468017578,23.618528366088867,26.878202438354492,29.086397171020508,20.356794357299805,29.134023666381836,28.209049224853516,25.54654884338379,21.84535789489746,24.164905548095703,19.57023811340332,22.0319881439209,26.666500091552734,20.96968650817871,20.153352737426758,29.505741119384766,26.509878158569336,21.584823608398438,21.567075729370117,21.265714645385742,28.642370223999023,20.704416275024414,20.81712532043457,26.566423416137695,21.38064956665039,20.73202133178711,29.555435180664062,25.115678787231445,21.04546546936035,20.08185386657715,20.952259063720703,19.85840606689453,19.989879608154297,23.314191818237305,21.10287857055664,26.908193588256836,20.163047790527344,21.754634857177734,23.87925910949707,20.784940719604492,28.52823829650879,30.493083953857422,20.861042022705078
21.32408905029297,9.380598068237305,5.118147850036621,20.000097274780273,5.573415279388428,5.286337852478027,16.104032516479492,4.472355365753174,21.063337326049805,5.940053939819336,11.380430221557617,14.659599304199219,21.47702407836914,18.25552749633789,0.0,21.402339935302734,6.142834186553955,19.021717071533203,6.057129859924316,7.9744648933410645,14.416535377502441,17.298240661621094,9.787226676940918,4.644170761108398,6.129795074462891,9.587052345275879,21.400257110595703,5.887151718139648,15.231698036193848,6.087025165557861,5.8130412101745605,7.390237808227539,21.00227928161621,11.191408157348633,17.93290138244629,8.17747974395752,7.950311183929443,19.599985122680664,12.681474685668945,5.393274307250977,7.226082801818848,7.880446910858154,11.148919105529785,13.60312557220459,12.801371574401855,6.460658550262451,6.635540962219238,7.599513053894043,21.027170181274414,18.875228881835938,7.766623020172119,12.63494873046875,7.090492248535156,8.279212951660156,6.4622039794921875,21.7673397064209,5.6471266746521,21.70626449584961,15.169981002807617,18.74226188659668,21.574050903320312,5.5340375900268555,21.39327621459961,20.05805015563965,16.88157081604004,7.319303512573242,14.286038398742676,5.279881477355957,11.149419784545898,19.041391372680664,7.593929767608643,6.558122158050537,21.848413467407227,17.87152099609375,5.885385513305664,10.404714584350586,8.366830825805664,21.54998779296875,8.6870698928833,7.146396160125732,19.612152099609375,6.662471294403076,7.114854335784912,22.342615127563477,16.240463256835938,6.775365829467773,5.516082286834717,6.29738187789917,4.827734470367432,6.825417518615723,12.597502708435059,8.612439155578613,18.10590171813965,5.5962371826171875,11.481746673583984,15.047346115112305,6.937835216522217,20.503355026245117,23.564208984375,9.289315223693848
2.3814032077789307,21.95639419555664,20.756500244140625,2.6530168056488037,20.891828536987305,21.276988983154297,26.51490592956543,20.8522891998291,1.5268890857696533,21.122581481933594,22.68022346496582,25.079877853393555,2.6572723388671875,29.048521041870117,21.402339935302734,0.6700329184532166,21.21012306213379,3.046128749847412,20.714126586914062,22.129541397094727,24.112424850463867,26.02712631225586,22.38197135925293,20.981435775756836,20.83247947692871,21.89179801940918,2.0085268020629883,21.339738845825195,23.825531005859375,21.15610122680664,21.424205780029297,22.36358070373535,2.3563528060913086,23.407867431640625,27.341054916381836,21.438016891479492,21.97623062133789,27.605283737182617,24.217496871948242,20.565156936645508,21.817399978637695,21.896846771240234,22.53782081604004,23.53976821899414,23.34961700439453,20.710050582885742,21.48516845703125,20.936429977416992,2.2762680053710938,3.029998779296875,21.23289680480957,23.626543045043945,21.263763427734375,21.163442611694336,21.19607925415039,1.8781629800796509,21.0689640045166,1.9955700635910034,24.228439331054688,26.845306396484375,1.6480950117111206,20.792280197143555,1.7495028972625732,2.6287176609039307,25.852109909057617,21.6372013092041,24.753427505493164,20.64059829711914,22.137067794799805,27.334606170654297,21.429683685302734,21.134809494018555,1.70772385597229,27.261240005493164,20.995378494262695,22.527265548706055,21.336048126220703,2.3512704372406006,21.770750045776367,21.10468101501465,27.591602325439453,21.337539672851562,21.902870178222656,1.8018866777420044,26.097929000854492,21.41607093811035,20.95952796936035,21.17433738708496,21.032386779785156,20.498022079467773,23.82937240600586,22.18108558654785,27.39787483215332,21.091655731201172,22.07621955871582,24.54541778564453,21.27898406982422,3.1644530296325684,2.9108614921569824,21.511484146118164
21.29197120666504,7.125439167022705,4.421041965484619,19.681325912475586,4.460169315338135,3.4102561473846436,18.385217666625977,5.284693717956543,20.92099380493164,3.7098186016082764,9.06849479675293,15.612870216369629,21.277559280395508,20.072959899902344,6.142834186553955,21.21012306213379,0.0,18.862150192260742,4.80669641494751,8.547574043273926,15.686358451843262,18.199604034423828,7.612318515777588,4.113951683044434,5.639831066131592,10.433293342590332,21.308494567871094,4.048038482666016,13.033915519714355,4.8500895500183105,4.963613033294678,8.811485290527344,20.88032341003418,12.155144691467285,19.03417205810547,7.433803081512451,5.900671005249023,19.308879852294922,13.575129508972168,4.287327766418457,7.121559143066406,9.167471885681152,9.673055648803711,13.704912185668945,13.417831420898438,5.780025005340576,7.232865810394287,5.974958419799805,20.819860458374023,18.693078994750977,7.277671813964844,11.927440643310547,4.660261631011963,7.285726070404053,3.908776044845581,21.569442749023438,4.9171833992004395,21.57978630065918,14.393999099731445,18.399152755737305,21.309850692749023,4.675206661224365,21.18413734436035,19.728179931640625,17.210655212402344,7.402827262878418,14.588872909545898,4.333312511444092,8.627015113830566,17.133808135986328,5.796977519989014,6.097998142242432,21.571460723876953,17.838109970092773,5.014665126800537,11.516236305236816,8.17424201965332,21.38585090637207,8.010552406311035,5.306341171264648,18.093647003173828,5.708837509155273,5.669980049133301,22.26295280456543,18.07557487487793,5.3397297859191895,4.1459269523620605,5.6788153648376465,4.42622184753418,5.047984600067139,12.1229248046875,6.319969654083252,18.300682067871094,4.426103591918945,9.564909934997559,14.908307075500488,6.86838436126709,20.531532287597656,23.44882583618164,7.213648319244385
3.3276000022888184,19.884490966796875,18.521495819091797,2.787160634994507,18.60575294494629,18.80635643005371,24.760034561157227,18.505653381347656,3.026211977005005,18.82064437866211,20.51618194580078,23.70632553100586,4.103565216064453,27.6173038482666,19.021717071533203,3.046128749847412,18.862150192260742,0.0,18.519672393798828,20.094772338867188,21.869543075561523,24.19176483154297,20.433116912841797,18.655014038085938,18.671138763427734,19.79910659790039,3.479072093963623,18.99557113647461,22.109088897705078,18.86677360534668,18.986919403076172,20.20723533630371,3.2680702209472656,21.088510513305664,25.83350944519043,19.30607032775879,19.923389434814453,25.67323112487793,22.121477127075195,18.235244750976562,19.537443161010742,19.720848083496094,20.65361213684082,22.035741806030273,21.473466873168945,18.36504364013672,19.110774993896484,18.890071868896484,3.167337656021118,2.2378857135772705,19.15774917602539,21.519689559936523,19.174373626708984,18.944942474365234,18.765254974365234,3.617537498474121,18.70008087158203,3.437331199645996,22.89666175842285,25.426225662231445,3.4531140327453613,18.589048385620117,3.4336116313934326,2.319131851196289,24.434234619140625,19.123123168945312,22.899023056030273,18.37114715576172,20.202260971069336,25.717084884643555,19.09829330444336,18.921165466308594,3.431553363800049,25.19182586669922,18.546234130859375,20.437847137451172,19.16722869873047,3.6977293491363525,19.62144660949707,18.893402099609375,25.769241333007812,18.954593658447266,19.541452407836914,3.9359843730926514,24.41108512878418,19.216588973999023,18.651153564453125,18.86801528930664,18.743227005004883,18.2196102142334,21.735143661499023,20.101951599121094,25.74997329711914,18.84420394897461,20.24681854248047,22.919654846191406,19.041223526000977,3.269857883453369,5.226527690887451,19.269248962402344
20.76688575744629,7.308342933654785,3.5165555477142334,19.20112419128418,2.203428030014038,4.3755364418029785,17.73898696899414,3.437774658203125,20.38294792175293,3.3352365493774414,8.233380317687988,13.87934684753418,20.66469955444336,20.59520721435547,6.057129859924316,20.714126586914062,4.80669641494751,18.519672393798828,0.022269051522016525,6.189807415008545,12.9584379196167,16.26618766784668,8.294504165649414,3.2037353515625,4.595882892608643,9.277441024780273,20.73596954345703,5.756496429443359,12.954923629760742,3.871157646179199,6.162271022796631,7.375028610229492,20.32205581665039,13.000146865844727,17.711706161499023,5.917459964752197,4.9130096435546875,18.936927795410156,12.31485652923584,2.9026432037353516,6.600131511688232,8.18290901184082,8.94699478149414,11.680849075317383,11.926948547363281,3.9400346279144287,6.237550258636475,4.635566234588623,20.194486618041992,18.055877685546875,5.321506500244141,11.613571166992188,4.48012638092041,5.9066267013549805,5.673513412475586,20.970745086669922,3.63093900680542,21.152196884155273,12.642481803894043,17.830698013305664,20.80176544189453,2.8470540046691895,20.60088348388672,19.359180450439453,15.867192268371582,7.304413318634033,13.170721054077148,3.5491108894348145,8.254634857177734,17.738473892211914,7.182619094848633,4.146600246429443,21.142839431762695,18.609651565551758,4.995204448699951,9.415596008300781,7.095722198486328,20.85951805114746,7.433418273925781,5.56754207611084,17.1943416595459,5.162353992462158,6.142102241516113,21.721097946166992,17.690296173095703,6.253419399261475,3.356255292892456,4.654397487640381,3.780925750732422,5.135284423828125,11.859492301940918,6.816658020019531,17.5037899017334,2.6055748462677,8.477277755737305,13.610248565673828,4.670044422149658,19.976943969726562,22.899045944213867,7.577179431915283
22.030363082885742,9.527106285095215,7.723568916320801,20.706859588623047,7.383066654205322,8.315601348876953,20.128860473632812,7.4920878410339355,21.83768081665039,8.19044303894043,11.107269287109375,12.810102462768555,21.93164825439453,20.59139633178711,7.9744648933410645,22.129541397094727,8.547574043273926,20.094772338867188,6.189807415008545,0.0,13.811935424804688,17.029125213623047,12.003146171569824,7.140830993652344,8.629429817199707,11.37634563446045,22.076122283935547,8.750226020812988,15.148296356201172,8.012616157531738,9.208745002746582,6.886523723602295,21.71936798095703,14.971698760986328,16.05908203125,9.088911056518555,8.657503128051758,19.69692611694336,14.918068885803223,7.558830261230469,8.27613353729248,11.330431938171387,13.5381498336792,13.500724792480469,14.14702033996582,8.218287467956543,9.467422485351562,9.488795280456543,21.5537109375,19.62546730041504,9.407050132751465,15.769922256469727,8.357391357421875,9.289033889770508,9.8819580078125,22.352848052978516,7.547100067138672,22.393421173095703,14.716306686401367,19.633588790893555,22.166112899780273,7.265331268310547,21.992572784423828,20.99960708618164,17.85079574584961,11.008722305297852,14.248250007629395,7.95571756362915,11.40283203125,18.738374710083008,9.68289566040039,7.8390583992004395,22.485029220581055,19.211843490600586,7.799410343170166,12.443865776062012,9.41186809539795,22.075716018676758,11.054808616638184,9.917952537536621,19.840627670288086,8.233240127563477,8.496475219726562,22.88247299194336,19.16726303100586,10.046721458435059,7.665455341339111,9.424763679504395,7.932187557220459,9.112676620483398,12.526254653930664,9.506659507751465,20.31073760986328,7.319044589996338,9.76179313659668,14.571714401245117,7.7628374099731445,21.494503021240234,23.994550704956055,10.514019966125488
23.622543334960938,16.157136917114258,13.908982276916504,23.089902877807617,12.922022819519043,13.954573631286621,21.58155632019043,12.888872146606445,23.843856811523438,14.470264434814453,13.485270500183105,20.027721405029297,23.95454216003418,24.220260620117188,14.416535377502441,24.112424850463867,15.686358451843262,21.869543075561523,12.9584379196167,13.811935424804688,0.06927401572465897,18.066017150878906,18.97881317138672,13.106868743896484,13.887107849121094,12.623893737792969,24.089353561401367,14.788494110107422,16.385711669921875,13.49646282196045,14.156251907348633,14.756141662597656,23.693843841552734,17.382719039916992,22.79119110107422,15.174330711364746,15.17492389678955,22.236846923828125,17.292978286743164,13.104698181152344,15.195023536682129,14.84181022644043,17.197053909301758,16.892091751098633,16.908567428588867,12.585134506225586,13.371488571166992,15.345032691955566,23.22486686706543,21.815834045410156,13.601308822631836,16.820873260498047,15.674535751342773,11.723836898803711,15.042350769042969,24.05303382873535,12.184406280517578,24.31900405883789,18.764678955078125,23.23141098022461,24.219873428344727,14.147340774536133,24.073320388793945,23.0109806060791,21.854248046875,14.368928909301758,19.103042602539062,13.71680736541748,15.771653175354004,22.19453239440918,15.52379322052002,12.530402183532715,24.490015029907227,21.61086654663086,14.093401908874512,14.035869598388672,14.184635162353516,23.95409393310547,14.33657169342041,15.294146537780762,20.15666389465332,12.804927825927734,14.816511154174805,24.647768020629883,21.304855346679688,17.090835571289062,13.935091972351074,14.577868461608887,13.589712142944336,14.194100379943848,16.718441009521484,17.210813522338867,20.948135375976562,13.374678611755371,16.82395362854004,16.94759178161621,13.75410270690918,23.36288070678711,25.786996841430664,14.924407005310059
