0.6740970015525818,22.376405715942383,21.280263900756836,5.046119213104248,22.142208099365234,21.873062133789062,24.229143142700195,21.7376766204834,3.7896342277526855,22.419677734375,21.589021682739258,22.11809730529785,6.254866123199463,25.595361709594727,22.258846282958984,6.72470235824585,22.31418228149414,5.221255302429199,21.44802474975586,22.026208877563477,22.471372604370117,21.70261573791504,22.123916625976562,22.07843589782715,21.84199333190918,21.331096649169922,5.010115623474121,21.793352127075195,21.745410919189453,21.98113250732422,23.2157039642334,23.115530014038086,5.521271228790283,21.660396575927734,22.940567016601562,22.42394256591797,22.15655517578125,26.50571060180664,22.356496810913086,21.8333740234375,22.090362548828125,22.32660484313965,22.17091178894043,23.08643341064453,28.22217559814453,23.071352005004883,22.27986717224121,22.054658889770508,4.059257507324219,5.832555770874023,22.10743522644043,22.227052688598633,21.742368698120117,22.146400451660156,24.164304733276367,7.4218668937683105,23.82653045654297,4.432153224945068,22.289527893066406,21.842365264892578,8.115982055664062,21.893457412719727,8.646526336669922,4.530252933502197,21.823871612548828,21.901317596435547,22.331459045410156,21.625415802001953,22.770763397216797,21.83205795288086,22.434175491333008,22.61637306213379,7.0243239402771,21.816438674926758,21.75786590576172,22.1184139251709,22.116594314575195,4.862231731414795,22.127702713012695,21.957096099853516,21.933483123779297,22.093198776245117,21.946090698242188,5.893556594848633,25.17666244506836,22.50271987915039,22.073190689086914,22.296432495117188,22.17667007446289,26.00394058227539,22.913658142089844,22.12593650817871,22.114103317260742,22.157312393188477,22.36355972290039,22.33078384399414,26.46338653564453,5.594322681427002,6.489142894744873,21.486248016357422
22.376405715942383,0.11131098866462708,3.280965566635132,20.16384506225586,1.334135890007019,2.736539602279663,10.525189399719238,1.6212819814682007,21.70800018310547,1.5212944746017456,1.0858689546585083,0.9573271870613098,22.826379776000977,10.818780899047852,1.552923560142517,23.751964569091797,2.656198024749756,22.39566993713379,1.7136237621307373,2.6416749954223633,1.6309137344360352,1.9704606533050537,1.390256643295288,1.3540397882461548,2.407464027404785,2.6663200855255127,21.41851043701172,1.5928407907485962,2.4005329608917236,1.559942364692688,5.334941387176514,4.066667079925537,22.688556671142578,1.4509608745574951,4.93251371383667,1.0919811725616455,2.5560176372528076,15.355206489562988,1.7818629741668701,1.4463131427764893,0.7573038935661316,3.4010050296783447,1.262308120727539,9.14192008972168,18.336210250854492,4.8060102462768555,2.8228187561035156,1.7180479764938354,21.21737289428711,22.32830238342285,1.6523668766021729,2.778298854827881,2.136169195175171,2.1747725009918213,9.029646873474121,21.8310546875,11.230138778686523,21.859996795654297,0.9020340442657471,1.6939680576324463,21.615800857543945,3.033932685852051,21.319236755371094,20.526222229003906,1.5022013187408447,1.8075045347213745,2.0610923767089844,2.1808934211730957,2.643674612045288,2.632906675338745,1.6326314210891724,0.9077451825141907,23.155920028686523,5.357675075531006,1.6591845750808716,1.7683144807815552,5.130911350250244,20.677982330322266,4.307182312011719,1.8354823589324951,2.473151922225952,3.784780263900757,3.7878334522247314,23.085044860839844,14.033873558044434,3.22947096824646,1.2753307819366455,4.612779140472412,1.7060744762420654,13.535489082336426,8.03476333618164,4.464529037475586,2.1499617099761963,1.6667550802230835,2.9347918033599854,1.2607289552688599,14.120277404785156,21.079389572143555,23.446264266967773,1.364402174949646
21.280263900756836,3.280965566635132,0.0,19.218189239501953,3.457956314086914,2.8813748359680176,8.182706832885742,2.796950578689575,20.633460998535156,3.664827823638916,3.1727023124694824,3.4734222888946533,21.904394149780273,11.99876880645752,3.4374747276306152,22.34747314453125,4.316578388214111,21.331417083740234,3.2053120136260986,3.9057300090789795,3.868056058883667,4.423194408416748,3.5735256671905518,3.409424304962158,4.635085582733154,3.5959832668304443,20.445453643798828,3.073329210281372,4.086348056793213,3.2972123622894287,4.973369598388672,5.987739562988281,21.647249221801758,3.4712469577789307,5.430598258972168,3.2586984634399414,4.166036605834961,15.70576286315918,3.3501627445220947,3.0638620853424072,3.287867307662964,3.8140006065368652,3.8956079483032227,10.141146659851074,18.202571868896484,6.356174468994141,3.6752357482910156,3.5658254623413086,20.15312957763672,21.250219345092773,3.9522197246551514,4.113192081451416,3.432957172393799,4.649860858917236,10.529454231262207,20.360244750976562,12.271347999572754,20.932544708251953,3.525700569152832,3.5385756492614746,20.104846954345703,5.1684088706970215,20.325838088989258,19.387489318847656,3.3776566982269287,2.970470428466797,3.4234695434570312,2.5488996505737305,3.675567150115967,3.9738333225250244,3.762507915496826,3.633427381515503,21.911731719970703,7.0774455070495605,3.4277424812316895,3.5189335346221924,6.049615383148193,19.85744285583496,4.838172912597656,3.5822157859802246,3.0405032634735107,3.367565631866455,5.202853202819824,21.890094757080078,13.051789283752441,4.501703262329102,3.126915216445923,5.387976169586182,3.9199512004852295,12.947184562683105,9.004756927490234,4.259836196899414,3.628990888595581,3.0611062049865723,3.575202226638794,3.354982614517212,14.423256874084473,20.32303237915039,22.18769073486328,3.2866368293762207
5.046119213104248,20.16384506225586,19.218189239501953,0.3487299084663391,19.97224235534668,19.640684127807617,22.791311264038086,19.695493698120117,4.063897132873535,20.23138427734375,19.499372482299805,19.9322566986084,3.526294469833374,22.56268310546875,20.038572311401367,6.299069881439209,19.88360023498535,3.546647071838379,19.185455322265625,19.523035049438477,20.15021324157715,19.55695343017578,20.00567626953125,19.982532501220703,19.825096130371094,19.408872604370117,4.850353240966797,19.567975997924805,19.668888092041016,19.88494873046875,21.200437545776367,21.044719696044922,3.9995193481445312,19.627525329589844,20.4471435546875,20.22675895690918,19.763538360595703,24.771703720092773,20.148921966552734,19.74281883239746,19.90407371520996,20.170581817626953,20.086833953857422,21.737247467041016,26.700069427490234,20.86007308959961,20.03441619873047,19.9230899810791,3.0548572540283203,3.7205140590667725,19.878419876098633,20.10929298400879,19.75157928466797,20.05089569091797,21.632516860961914,6.314315319061279,22.696813583374023,4.918231010437012,20.10752296447754,19.667661666870117,6.334470748901367,19.986770629882812,9.635151863098145,3.665386438369751,19.666118621826172,19.725425720214844,20.124187469482422,19.423137664794922,20.675682067871094,19.632680892944336,19.97063636779785,20.38253402709961,4.563085079193115,19.724563598632812,19.716482162475586,20.03837013244629,20.78443717956543,2.3324596881866455,20.143295288085938,19.920204162597656,19.51353645324707,20.22655487060547,19.843027114868164,5.163598537445068,24.69091033935547,19.991024017333984,19.838594436645508,20.558809280395508,20.080366134643555,23.788066864013672,21.708620071411133,20.245508193969727,20.037511825561523,19.86212730407715,20.278425216674805,20.09188461303711,24.79787826538086,3.7123682498931885,4.6225152015686035,19.39875030517578
22.142208099365234,1.334135890007019,3.457956314086914,19.97224235534668,0.0,2.4173996448516846,10.876258850097656,1.6306207180023193,21.383121490478516,1.0477701425552368,1.3652839660644531,0.8278428316116333,22.595783233642578,10.638854026794434,0.9146267771720886,23.548124313354492,2.333646059036255,22.100204467773438,1.3561985492706299,2.7194125652313232,1.4089316129684448,1.7423752546310425,0.5951249003410339,0.9831079244613647,2.467259645462036,3.2699151039123535,21.34868812561035,1.4457558393478394,2.1138737201690674,0.9922624826431274,5.228939533233643,4.4140496253967285,22.411624908447266,1.232951045036316,4.838237285614014,1.4075427055358887,2.965402364730835,15.633943557739258,2.385399341583252,0.9315351843833923,1.2187851667404175,3.5653183460235596,0.9928629994392395,9.738706588745117,18.08835220336914,4.123863697052002,2.3846733570098877,1.2028800249099731,20.931312561035156,22.03236961364746,1.1655869483947754,2.816851854324341,1.5902341604232788,2.0289485454559326,8.545324325561523,21.39609718322754,11.08307933807373,21.615568161010742,0.83817058801651,1.1560322046279907,21.436595916748047,2.85445499420166,20.913166046142578,20.25033950805664,1.0883262157440186,1.0063750743865967,1.2551552057266235,1.805814266204834,2.1784415245056152,1.7288355827331543,1.6988286972045898,1.0693390369415283,22.994258880615234,4.9524078369140625,1.8561311960220337,1.3579739332199097,4.909172058105469,20.45311164855957,4.057307720184326,1.3310307264328003,2.3822057247161865,4.141653537750244,4.0901594161987305,22.790584564208984,13.260476112365723,2.8889026641845703,0.880670964717865,3.9223127365112305,1.2098833322525024,14.140456199645996,8.576382637023926,4.773960113525391,1.640466332435608,1.1610642671585083,3.010312795639038,1.3436214923858643,13.973956108093262,20.966007232666016,23.261293411254883,1.4969075918197632
21.873062133789062,2.736539602279663,2.8813748359680176,19.640684127807617,2.4173996448516846,0.0,9.661221504211426,2.1508655548095703,20.948591232299805,2.6820313930511475,2.696627616882324,2.490342855453491,22.21162223815918,11.150279998779297,2.4024815559387207,23.082138061523438,3.1799979209899902,21.631824493408203,1.807389497756958,3.5706772804260254,3.2145960330963135,3.637209892272949,2.449169635772705,2.3416991233825684,3.938971757888794,3.9213454723358154,21.071575164794922,2.1508498191833496,2.437098503112793,2.5029637813568115,5.233123302459717,5.1216888427734375,22.014036178588867,2.9653306007385254,5.868828773498535,2.2972288131713867,3.878207206726074,16.520191192626953,3.6786916255950928,2.2814810276031494,2.3307583332061768,2.8806567192077637,3.004448652267456,10.668932914733887,18.079065322875977,5.363879203796387,3.2476911544799805,2.6469898223876953,20.468338012695312,21.48982048034668,2.716228485107422,2.8499860763549805,3.0260090827941895,3.3654351234436035,9.011847496032715,20.814865112304688,11.578181266784668,21.212312698364258,2.7823147773742676,2.426645278930664,20.764707565307617,4.8412556648254395,20.759706497192383,19.768075942993164,2.411745309829712,1.9716250896453857,2.573148488998413,2.45196270942688,2.320411205291748,2.011230945587158,2.842299222946167,2.5705978870391846,22.414838790893555,5.345287322998047,2.3553285598754883,2.5807862281799316,5.66422700881958,20.07012176513672,3.1181108951568604,2.1826446056365967,2.3969125747680664,3.964094638824463,4.602147579193115,22.21991539001465,13.637624740600586,3.0305304527282715,1.9020023345947266,4.07771110534668,2.3585143089294434,13.388916969299316,9.209882736206055,5.173417091369629,2.1038310527801514,2.316321611404419,3.2793712615966797,2.5316500663757324,12.547874450683594,20.597864151000977,22.756046295166016,2.462066650390625
24.229143142700195,10.525189399719238,8.182706832885742,22.791311264038086,10.876258850097656,9.661221504211426,0.0,9.854914665222168,23.94088363647461,10.954054832458496,10.571084022521973,10.8214693069458,25.223527908325195,16.789287567138672,10.678635597229004,25.566736221313477,10.748364448547363,24.686336517333984,10.793310165405273,11.453417778015137,11.398999214172363,11.862452507019043,10.960554122924805,10.768858909606934,11.658628463745117,10.038198471069336,23.26091766357422,10.530454635620117,10.976247787475586,10.474699974060059,11.022526741027832,11.17414379119873,24.84471893310547,10.898340225219727,12.10616683959961,10.438948631286621,11.316848754882812,17.840009689331055,10.184123039245605,10.56126880645752,10.519262313842773,9.320636749267578,11.144389152526855,14.971071243286133,21.251699447631836,13.62134838104248,10.839457511901855,10.759559631347656,23.293033599853516,24.460886001586914,11.340988159179688,11.101189613342285,10.8335599899292,11.7482328414917,17.758617401123047,23.426599502563477,15.75694751739502,23.853981018066406,10.947909355163574,11.000075340270996,22.529813766479492,12.090048789978027,24.57082176208496,22.370288848876953,10.889573097229004,10.405211448669434,10.493626594543457,10.27207088470459,10.053217887878418,10.939566612243652,11.12627124786377,10.762192726135254,24.929880142211914,13.015144348144531,10.282017707824707,10.73644733428955,11.307453155517578,23.485305786132812,11.093548774719238,10.575996398925781,10.164536476135254,7.997325897216797,11.55468463897705,24.706241607666016,15.27564525604248,11.843446731567383,10.537825584411621,12.024552345275879,11.119397163391113,15.969447135925293,14.344328880310059,10.260437965393066,10.729414939880371,10.636069297790527,10.061596870422363,10.763880729675293,15.5358247756958,23.65457534790039,25.118671417236328,10.688026428222656
21.7376766204834,1.6212819814682007,2.796950578689575,19.695493698120117,1.6306207180023193,2.1508655548095703,9.854914665222168,0.0,21.057384490966797,1.8167606592178345,1.344079613685608,1.3058594465255737,22.3533935546875,10.768939018249512,1.4962836503982544,23.25086784362793,3.1027660369873047,21.858488082885742,1.4799262285232544,3.5260872840881348,2.24862003326416,2.4643588066101074,1.3878042697906494,1.2213544845581055,2.440253734588623,2.3187255859375,21.019874572753906,1.0900520086288452,1.6910396814346313,1.3288486003875732,5.396341800689697,4.501501083374023,22.158016204833984,1.43735671043396,5.909851551055908,1.9238113164901733,3.1311213970184326,15.124144554138184,2.56017804145813,0.9842994213104248,1.390762209892273,2.8262524604797363,1.6136542558670044,9.483255386352539,18.266935348510742,5.151976108551025,2.764542818069458,1.617522954940796,20.552824020385742,21.69939613342285,2.3098509311676025,2.917583703994751,1.6349704265594482,2.065765619277954,9.268017768859863,21.159475326538086,10.870572090148926,21.252582550048828,1.5931975841522217,1.380066990852356,21.121206283569336,3.4970061779022217,20.695693969726562,19.807565689086914,1.4114500284194946,1.4878909587860107,2.3667213916778564,2.3076205253601074,1.8222321271896362,2.09919810295105,2.727309226989746,1.7606720924377441,22.688432693481445,4.861947059631348,1.319362998008728,1.3766871690750122,4.4821953773498535,20.14434242248535,3.7308809757232666,1.3105731010437012,3.085055112838745,3.8357908725738525,4.098579406738281,22.44289207458496,13.040116310119629,3.2050962448120117,1.2941851615905762,4.235983848571777,1.6326723098754883,13.278789520263672,7.895298004150391,4.527631759643555,1.472121238708496,2.042351484298706,2.1957225799560547,1.4561244249343872,13.341828346252441,20.594520568847656,22.953060150146484,1.4202381372451782
3.7896342277526855,21.70800018310547,20.633460998535156,4.063897132873535,21.383121490478516,20.948591232299805,23.94088363647461,21.057384490966797,0.0,21.71726417541504,20.986431121826172,21.40756607055664,4.81201171875,24.64801025390625,21.50433349609375,5.537582874298096,21.504798889160156,2.6554744243621826,20.6109619140625,21.143707275390625,21.67121124267578,21.03545570373535,21.37078285217285,21.37725830078125,21.357967376708984,20.987041473388672,5.767898082733154,21.013202667236328,20.9494571685791,21.319202423095703,22.165952682495117,22.72480010986328,3.7591845989227295,21.03972625732422,22.350515365600586,21.74666404724121,21.517187118530273,26.158302307128906,21.679569244384766,21.10008430480957,21.420757293701172,21.599807739257812,21.500123977661133,23.603696823120117,27.69721221923828,21.92415428161621,21.37177848815918,21.409393310546875,2.1071457862854004,4.105273723602295,21.334144592285156,21.287080764770508,21.124645233154297,21.42951202392578,22.462268829345703,5.767300128936768,22.96874237060547,3.1642842292785645,21.609323501586914,21.098203659057617,6.229245185852051,21.292795181274414,8.531185150146484,4.122872352600098,21.126615524291992,21.09241485595703,21.5267333984375,20.832902908325195,21.998043060302734,20.966228485107422,21.614177703857422,21.914518356323242,5.161709785461426,21.125682830810547,21.10126304626465,21.444902420043945,21.872163772583008,3.1372368335723877,21.294485092163086,21.263612747192383,21.084245681762695,21.645275115966797,21.15853500366211,3.017557382583618,24.828998565673828,21.518762588500977,21.2479248046875,21.335617065429688,21.432817459106445,25.15471649169922,22.868690490722656,21.424266815185547,21.326854705810547,21.376380920410156,21.715124130249023,21.60057830810547,25.23665428161621,5.380969524383545,5.678510665893555,20.7839412689209
22.419677734375,1.5212944746017456,3.664827823638916,20.23138427734375,1.0477701425552368,2.6820313930511475,10.954054832458496,1.8167606592178345,21.71726417541504,0.07936035096645355,1.4088565111160278,1.0351396799087524,22.916107177734375,10.046037673950195,1.1153908967971802,23.87037467956543,2.6896097660064697,22.444530487060547,1.6450878381729126,2.858424663543701,1.5079131126403809,1.787883996963501,1.033301830291748,0.9371622204780579,1.97694993019104,2.915255069732666,21.661819458007812,1.6149568557739258,2.1771247386932373,0.8027498126029968,5.656893253326416,4.022607803344727,22.79532814025879,1.4872876405715942,4.851098537445068,1.4822951555252075,2.9497861862182617,15.977110862731934,2.881005048751831,1.3632420301437378,1.3523476123809814,3.1145222187042236,1.3265256881713867,9.49614143371582,18.327808380126953,4.81919527053833,3.009031295776367,1.0289030075073242,21.211650848388672,22.238571166992188,1.262632966041565,3.363874912261963,1.633824348449707,1.813673496246338,8.928674697875977,21.690746307373047,11.337737083435059,22.015893936157227,0.7767865657806396,1.185472011566162,21.88932991027832,3.528655529022217,21.262264251708984,20.446170806884766,1.1575878858566284,1.6501306295394897,1.9638659954071045,2.5229692459106445,2.1705076694488525,1.6855705976486206,2.070627212524414,1.201429843902588,23.313762664794922,4.480165958404541,1.8044073581695557,1.2121646404266357,5.054658889770508,20.75946617126465,4.203256130218506,1.3963122367858887,2.7698004245758057,4.396732807159424,4.164079666137695,23.161161422729492,13.054232597351074,2.677935838699341,1.361619472503662,4.5598626136779785,1.239607572555542,13.779572486877441,8.411233901977539,5.492834091186523,1.9850280284881592,1.5312063694000244,2.3656198978424072,1.014909267425537,14.238908767700195,21.196115493774414,23.54493522644043,1.9792110919952393
21.589021682739258,1.0858689546585083,3.1727023124694824,19.499372482299805,1.3652839660644531,2.696627616882324,10.571084022521973,1.344079613685608,20.986431121826172,1.4088565111160278,0.042275119572877884,1.035562515258789,22.21751594543457,10.911495208740234,1.6432358026504517,23.111980438232422,2.990649700164795,21.737510681152344,1.4807331562042236,2.9577298164367676,2.0191118717193604,1.7055824995040894,1.262946367263794,1.0275933742523193,1.8310716152191162,2.1023216247558594,20.759550094604492,1.5481436252593994,2.095290422439575,1.1933960914611816,5.604801654815674,4.020023822784424,22.06698226928711,0.8833675980567932,5.121120452880859,1.320488691329956,2.726710557937622,15.674360275268555,2.388916254043579,1.2280256748199463,0.858150064945221,3.253788709640503,1.2057751417160034,8.812307357788086,18.414775848388672,5.085576057434082,3.093195676803589,1.417258381843567,20.5026798248291,21.62664794921875,1.5697846412658691,2.93143367767334,1.6398423910140991,1.8902961015701294,9.226130485534668,21.13760757446289,11.133604049682617,21.187244415283203,1.0080641508102417,1.4362202882766724,21.0975284576416,3.038372039794922,20.543481826782227,19.76541519165039,1.1790138483047485,1.7826768159866333,2.269437551498413,2.261697292327881,2.6530189514160156,2.309781074523926,2.2203478813171387,1.3785569667816162,22.57927703857422,4.886500835418701,1.1536531448364258,1.4185981750488281,4.632792949676514,20.00713539123535,4.040613174438477,1.3706220388412476,2.7263870239257812,3.745880603790283,3.787332534790039,22.44913101196289,13.557877540588379,3.3388848304748535,1.4667682647705078,4.445425033569336,1.4136321544647217,13.601875305175781,7.727649211883545,4.730709075927734,2.013113021850586,1.8915468454360962,2.6886086463928223,1.3901647329330444,14.122925758361816,20.411693572998047,22.815767288208008,1.0893702507019043
22.11809730529785,0.9573271870613098,3.4734222888946533,19.9322566986084,0.8278428316116333,2.490342855453491,10.8214693069458,1.3058594465255737,21.40756607055664,1.0351396799087524,1.035562515258789,0.0,22.57892608642578,10.394977569580078,0.9614197015762329,23.577579498291016,2.4907772541046143,22.13894271850586,1.2306268215179443,2.776632070541382,1.335988163948059,1.5277302265167236,0.7309490442276001,0.703295886516571,1.964009165763855,2.6701362133026123,21.2993221282959,1.090023159980774,1.7163190841674805,0.9772166013717651,5.465831279754639,4.0508575439453125,22.43339729309082,1.1704092025756836,5.156637668609619,1.2985836267471313,2.7370526790618896,15.382406234741211,2.406733512878418,0.8505876064300537,0.7324479222297668,3.2517592906951904,0.7309672832489014,9.352670669555664,17.94285011291504,4.584488868713379,2.7545716762542725,1.0837178230285645,20.912076950073242,22.006900787353516,1.408815860748291,2.9113337993621826,1.59726881980896,1.6413508653640747,8.745638847351074,21.516172409057617,11.04411792755127,21.610488891601562,0.519619345664978,0.8179222345352173,21.5074405670166,3.0355286598205566,21.00421714782715,20.20200538635254,0.7973308563232422,1.4080487489700317,1.9570823907852173,2.1944098472595215,2.178879737854004,1.9108091592788696,1.8141067028045654,0.8810975551605225,22.976415634155273,4.625919342041016,1.5587326288223267,1.274316430091858,4.850584983825684,20.40275764465332,3.996103286743164,1.3150595426559448,2.6941850185394287,4.254871845245361,3.8937065601348877,22.82109832763672,13.537508010864258,2.748457431793213,0.8669191002845764,4.286231517791748,1.0930696725845337,13.64207649230957,8.047537803649902,4.867889881134033,1.5421006679534912,1.335755467414856,2.634786605834961,0.8354821801185608,13.848114013671875,20.825956344604492,23.260013580322266,1.1837605237960815
6.254866123199463,22.826379776000977,21.904394149780273,3.526294469833374,22.595783233642578,22.21162223815918,25.223527908325195,22.3533935546875,4.81201171875,22.916107177734375,22.21751594543457,22.57892608642578,0.5217732191085815,24.752506256103516,22.62532615661621,6.573156833648682,22.342451095581055,2.877000093460083,21.811874389648438,22.210494995117188,22.781272888183594,22.2725772857666,22.6552791595459,22.669719696044922,22.574506759643555,22.2255916595459,6.415441989898682,22.18324851989746,22.326444625854492,22.56424903869629,23.878461837768555,23.78421974182129,2.1767454147338867,22.308042526245117,23.030258178710938,22.895458221435547,22.316865921020508,26.339853286743164,22.75762176513672,22.397335052490234,22.56068992614746,22.912525177001953,22.7479305267334,24.497621536254883,28.510986328125,23.27877426147461,22.5030574798584,22.559473037719727,4.017482757568359,3.771423101425171,22.560070037841797,22.725961685180664,22.416770935058594,22.735679626464844,23.819202423095703,6.386727333068848,25.252079010009766,5.050356864929199,22.783056259155273,22.305435180664062,6.229000568389893,22.580657958984375,10.534185409545898,5.235024929046631,22.313602447509766,22.299137115478516,22.67354965209961,21.99029541015625,23.222023010253906,22.22797393798828,22.520751953125,22.995159149169922,3.9171371459960938,22.34794807434082,22.43427276611328,22.686922073364258,23.367155075073242,3.489171266555786,22.67380714416504,22.567501068115234,22.092592239379883,22.89165496826172,22.662338256835938,4.398399353027344,27.299402236938477,22.53178596496582,22.458240509033203,23.10110855102539,22.744112014770508,26.499170303344727,24.64076805114746,22.75786781311035,22.615217208862305,22.460203170776367,23.039047241210938,22.76533317565918,26.3510684967041,5.199451923370361,3.54579496383667,22.077545166015625
25.595361709594727,10.818780899047852,11.99876880645752,22.56268310546875,10.638854026794434,11.150279998779297,16.789287567138672,10.768939018249512,24.64801025390625,10.046037673950195,10.911495208740234,10.394977569580078,24.752506256103516,0.33060353994369507,10.017989158630371,26.943086624145508,10.076581954956055,25.05588150024414,10.510382652282715,10.824525833129883,9.900297164916992,10.4868745803833,10.612624168395996,10.603691101074219,10.09903621673584,10.84569263458252,25.15603256225586,10.19998836517334,10.5572509765625,10.29975414276123,13.888042449951172,10.913448333740234,25.233558654785156,10.887749671936035,11.728507041931152,11.083733558654785,10.289884567260742,16.759601593017578,11.419112205505371,10.726391792297363,10.764283180236816,10.224356651306152,10.699941635131836,15.500823020935059,21.55682945251465,12.294462203979492,10.955558776855469,10.145149230957031,23.549728393554688,23.774999618530273,10.717000961303711,12.485915184020996,10.565640449523926,10.152109146118164,13.678603172302246,24.05631446838379,16.644548416137695,25.215007781982422,10.390313148498535,10.102395057678223,25.377737045288086,12.165377616882324,25.111032485961914,22.469810485839844,10.391002655029297,10.704538345336914,10.985159873962402,11.529879570007324,10.162544250488281,9.99822998046875,10.539729118347168,10.495966911315918,25.69173812866211,8.777612686157227,11.052328109741211,10.357545852661133,12.916630744934082,23.237422943115234,12.23082160949707,10.764806747436523,11.387823104858398,13.304476737976074,12.13363265991211,25.707250595092773,15.950948715209961,9.16749095916748,10.550912857055664,13.549463272094727,10.711347579956055,16.110536575317383,15.04800796508789,14.159286499023438,10.804043769836426,10.446762084960938,9.570609092712402,10.000470161437988,18.1112003326416,23.427370071411133,25.732498168945312,11.35524845123291
22.258846282958984,1.552923560142517,3.4374747276306152,20.038572311401367,0.9146267771720886,2.4024815559387207,10.678635597229004,1.4962836503982544,21.50433349609375,1.1153908967971802,1.6432358026504517,0.9614197015762329,22.62532615661621,10.017989158630371,0.17564556002616882,23.67866325378418,2.254694700241089,22.196941375732422,1.4261430501937866,3.1645660400390625,1.4870741367340088,2.217724084854126,1.0554015636444092,1.2105602025985718,2.4114489555358887,3.143199920654297,21.54363250732422,1.0822709798812866,2.195404052734375,1.0472630262374878,5.729309558868408,4.539449691772461,22.476730346679688,1.459477186203003,5.004312992095947,1.7307778596878052,2.587175130844116,15.226341247558594,2.611553430557251,1.1114808320999146,1.369604468345642,3.4459645748138428,1.4084875583648682,9.67828369140625,18.119577407836914,4.571309566497803,2.2564520835876465,0.8797001838684082,20.982376098632812,22.031124114990234,1.8433212041854858,3.3182907104492188,1.4239895343780518,2.090039014816284,8.812384605407715,21.39938735961914,11.51846694946289,21.7515811920166,1.0863291025161743,0.946378231048584,21.54806137084961,3.380528211593628,21.00344467163086,20.233318328857422,0.9870897531509399,0.95399409532547,1.5932257175445557,2.0150387287139893,1.5832141637802124,1.6442070007324219,1.8464181423187256,1.0743021965026855,23.07038116455078,4.739567279815674,2.0780978202819824,1.0646162033081055,4.809845447540283,20.530742645263672,3.959784746170044,1.3826518058776855,2.6979475021362305,4.389675617218018,4.662455081939697,22.881589889526367,13.159464836120605,2.4708571434020996,1.097378134727478,4.401908874511719,1.513671875,13.942167282104492,8.686423301696777,5.006914138793945,1.4703528881072998,1.2001432180404663,2.6410911083221436,1.1490733623504639,13.67330551147461,21.04823875427246,23.27549171447754,1.9496541023254395
6.72470235824585,23.751964569091797,22.34747314453125,6.299069881439209,23.548124313354492,23.082138061523438,25.566736221313477,23.25086784362793,5.537582874298096,23.87037467956543,23.111980438232422,23.577579498291016,6.573156833648682,26.943086624145508,23.67866325378418,0.0,23.80783462524414,4.917501926422119,22.73451042175293,22.92278480529785,23.69217872619629,23.27288055419922,23.566810607910156,23.554868698120117,23.655912399291992,23.116689682006836,7.648836612701416,23.10909652709961,23.334108352661133,23.547435760498047,23.668062210083008,25.242565155029297,5.870884418487549,23.195358276367188,23.813154220581055,23.813987731933594,23.37128448486328,27.910350799560547,23.60563087463379,23.238004684448242,23.557432174682617,23.865034103393555,23.73689842224121,25.259811401367188,29.377666473388672,23.913742065429688,23.310577392578125,23.62946128845215,6.398504257202148,6.588390827178955,23.5059871673584,23.298480987548828,23.266029357910156,23.760051727294922,24.234821319580078,6.491677284240723,26.049726486206055,7.480739116668701,23.7174072265625,23.28438949584961,5.57733154296875,23.55469512939453,9.234373092651367,7.572426795959473,23.270198822021484,23.206071853637695,23.659866333007812,22.719755172729492,24.269893646240234,23.33639144897461,23.582735061645508,24.04861831665039,4.034878253936768,24.029508590698242,23.36074447631836,23.62578010559082,24.40447235107422,6.699427127838135,23.460128784179688,23.56773567199707,22.992246627807617,23.706777572631836,23.30143928527832,5.558227062225342,27.01047706604004,23.487276077270508,23.369413375854492,23.541290283203125,23.703590393066406,25.534696578979492,24.672521591186523,22.989437103271484,23.5602970123291,23.385786056518555,23.811771392822266,23.6619873046875,28.334386825561523,8.303418159484863,4.905043125152588,22.93865966796875
22.31418228149414,2.656198024749756,4.316578388214111,19.88360023498535,2.333646059036255,3.1799979209899902,10.748364448547363,3.1027660369873047,21.504798889160156,2.6896097660064697,2.990649700164795,2.4907772541046143,22.342451095581055,10.076581954956055,2.254694700241089,23.80783462524414,0.0,22.053998947143555,2.829465389251709,3.4080071449279785,2.813793659210205,3.1391329765319824,2.776839256286621,2.9773406982421875,3.8123879432678223,4.375032901763916,21.25818634033203,2.9258575439453125,3.4796319007873535,2.540523052215576,6.635762691497803,4.178211212158203,22.246591567993164,3.151458740234375,4.773074150085449,2.6071090698242188,3.6472525596618652,15.503811836242676,3.1123015880584717,2.9486100673675537,2.5323333740234375,4.094606876373291,2.7862343788146973,10.668819427490234,17.955223083496094,5.300478458404541,3.491013288497925,2.5291717052459717,20.924030303955078,21.949684143066406,2.619230270385742,4.389159679412842,3.4405322074890137,3.664576768875122,9.624947547912598,21.419021606445312,11.699317932128906,21.55483055114746,2.6561882495880127,2.8451106548309326,21.319868087768555,3.9593489170074463,21.544082641601562,20.24728775024414,2.806157350540161,2.547224283218384,2.0037500858306885,2.9770748615264893,3.1660616397857666,2.706465005874634,2.00341796875,2.278458595275879,22.910133361816406,5.236636161804199,3.2727320194244385,3.125565767288208,6.059451103210449,20.411094665527344,5.293703556060791,2.9283838272094727,2.409050464630127,4.299435138702393,5.106144905090332,22.741779327392578,14.370795249938965,3.8393373489379883,2.5002074241638184,5.622048377990723,3.034630537033081,15.38382625579834,10.354460716247559,5.966305732727051,3.242023468017578,2.245596170425415,4.326501369476318,2.9471335411071777,13.829597473144531,20.83370590209961,23.15725326538086,3.115361213684082
5.221255302429199,22.39566993713379,21.331417083740234,3.546647071838379,22.100204467773438,21.631824493408203,24.686336517333984,21.858488082885742,2.6554744243621826,22.444530487060547,21.737510681152344,22.13894271850586,2.877000093460083,25.05588150024414,22.196941375732422,4.917501926422119,22.053998947143555,0.0,21.308645248413086,21.73661231994629,22.361169815063477,21.82549285888672,22.138269424438477,22.1566162109375,22.1796875,21.83380889892578,6.063108921051025,21.73103904724121,21.809242248535156,22.088613510131836,23.0048885345459,23.501483917236328,2.1645913124084473,21.809762954711914,22.67155647277832,22.416549682617188,22.019411087036133,26.815427780151367,22.337902069091797,21.879404067993164,22.120344161987305,22.41883659362793,22.283479690551758,24.29404067993164,28.422948837280273,22.620492935180664,21.99432945251465,22.131135940551758,3.008877754211426,3.4728167057037354,22.0404109954834,22.033557891845703,21.913570404052734,22.258834838867188,23.052024841308594,5.019724369049072,24.464191436767578,4.103358745574951,22.33262062072754,21.84712791442871,5.087761402130127,22.096616744995117,9.066097259521484,4.81061315536499,21.852249145507812,21.785118103027344,22.1695613861084,21.454113006591797,22.745067596435547,21.70644187927246,22.13945770263672,22.576974868774414,3.4528377056121826,22.0241756439209,21.903059005737305,22.196252822875977,22.832111358642578,3.14145565032959,22.018592834472656,22.04121208190918,21.601255416870117,22.336517333984375,22.05386734008789,2.799388885498047,26.288867950439453,22.10944175720215,21.96253204345703,22.230497360229492,22.212053298950195,25.9423770904541,24.05137062072754,22.128129959106445,22.093908309936523,22.015625,22.559410095214844,22.323017120361328,25.883344650268555,5.695974349975586,3.6746623516082764,21.560962677001953
21.44802474975586,1.7136237621307373,3.2053120136260986,19.185455322265625,1.3561985492706299,1.807389497756958,10.793310165405273,1.4799262285232544,20.6109619140625,1.6450878381729126,1.4807331562042236,1.2306268215179443,21.811874389648438,10.510382652282715,1.4261430501937866,22.73451042175293,2.829465389251709,21.308645248413086,0.10473376512527466,2.757519483566284,1.8876566886901855,2.1717116832733154,1.257386326789856,1.2274874448776245,2.6079883575439453,3.0798964500427246,20.672677993774414,0.9247562289237976,1.6981191635131836,1.5958044528961182,5.317615509033203,4.7873358726501465,21.662302017211914,1.6248831748962402,5.369407653808594,1.7348593473434448,2.80145263671875,15.777626991271973,2.88922381401062,1.1448949575424194,1.3487547636032104,3.2224955558776855,1.7422411441802979,9.761005401611328,18.179351806640625,4.571176528930664,2.5973598957061768,1.6594398021697998,20.130163192749023,21.176477432250977,1.6842399835586548,2.539005756378174,1.9066747426986694,2.0227243900299072,8.320655822753906,20.63683319091797,11.288195610046387,20.88875389099121,1.5054641962051392,1.0709689855575562,20.6553897857666,3.650092840194702,20.23909568786621,19.438730239868164,1.1134049892425537,1.2665514945983887,2.176669120788574,1.9617799520492554,2.3029394149780273,1.6006505489349365,1.9999942779541016,1.653706431388855,22.13184928894043,4.734220027923584,1.6851425170898438,1.5549064874649048,5.221997261047363,19.63630485534668,3.4474258422851562,1.4831570386886597,2.4605700969696045,4.436370372772217,4.021225929260254,21.98775863647461,13.64261245727539,2.2982332706451416,0.9196015000343323,4.01798152923584,1.3733233213424683,13.28022575378418,8.322232246398926,4.848087310791016,1.4777400493621826,1.5583287477493286,2.7725329399108887,1.3375698328018188,13.456403732299805,20.152896881103516,22.43671226501465,1.353010654449463
22.026208877563477,2.6416749954223633,3.9057300090789795,19.523035049438477,2.7194125652313232,3.5706772804260254,11.453417778015137,3.5260872840881348,21.143707275390625,2.858424663543701,2.9577298164367676,2.776632070541382,22.210494995117188,10.824525833129883,3.1645660400390625,22.92278480529785,3.4080071449279785,21.73661231994629,2.757519483566284,0.0,2.2812604904174805,2.6823034286499023,2.930460214614868,3.01472544670105,4.060201644897461,4.369415760040283,20.81706428527832,3.0975711345672607,3.647603988647461,3.0920045375823975,4.5474443435668945,5.097497463226318,22.104164123535156,3.3481013774871826,4.391808986663818,2.759636640548706,4.090145587921143,16.380693435668945,3.050694227218628,2.981346368789673,2.8926520347595215,4.1889328956604,3.0534512996673584,10.740363121032715,17.920753479003906,4.643686771392822,3.878168821334839,3.4463908672332764,20.716169357299805,21.716035842895508,2.3127362728118896,3.582365036010742,3.7896525859832764,3.734865188598633,8.408456802368164,21.23812484741211,11.323622703552246,21.44622039794922,2.656853199005127,3.109572649002075,20.891145706176758,4.236290454864502,21.173585891723633,20.16331672668457,3.099897861480713,3.155273675918579,3.0549912452697754,2.9860057830810547,4.458407878875732,3.5834012031555176,2.305234909057617,3.0207810401916504,22.324676513671875,6.2400593757629395,3.4627327919006348,3.6860649585723877,7.386548042297363,20.140506744384766,5.739643096923828,3.7100093364715576,2.374497652053833,5.058651447296143,3.4064111709594727,22.430837631225586,14.406635284423828,3.6384239196777344,2.542678117752075,5.394959449768066,3.2947301864624023,13.365586280822754,9.24169635772705,5.450948238372803,3.880457639694214,2.426175832748413,4.116844177246094,2.7393224239349365,15.681985855102539,20.500778198242188,22.85018539428711,2.8632149696350098
22.471372604370117,1.6309137344360352,3.868056058883667,20.15021324157715,1.4089316129684448,3.2145960330963135,11.398999214172363,2.24862003326416,21.67121124267578,1.5079131126403809,2.0191118717193604,1.335988163948059,22.781272888183594,9.900297164916992,1.4870741367340088,23.69217872619629,2.813793659210205,22.361169815063477,1.8876566886901855,2.2812604904174805,0.0,1.7550227642059326,1.446754813194275,1.7044017314910889,2.6725926399230957,3.494894027709961,21.624542236328125,1.6446269750595093,2.5664048194885254,1.7931681871414185,5.112353801727295,4.830387115478516,22.652212142944336,1.9216983318328857,4.909019470214844,2.2083823680877686,2.955077886581421,15.049534797668457,2.3755874633789062,1.5734952688217163,1.91885507106781,3.8673672676086426,1.541396141052246,9.968170166015625,18.057641983032227,3.9936599731445312,2.5327258110046387,1.9614378213882446,21.189958572387695,22.24173355102539,1.8250764608383179,3.299757957458496,2.1453027725219727,2.168349266052246,8.157462120056152,21.70854377746582,11.134861946105957,21.9547119140625,1.1837258338928223,1.542445182800293,21.696611404418945,3.1863973140716553,21.268125534057617,20.528154373168945,1.7098697423934937,1.8908171653747559,2.2105495929718018,2.436265230178833,2.8240251541137695,2.5396153926849365,1.8749099969863892,1.7141623497009277,23.132366180419922,5.196765899658203,2.6414992809295654,2.0525712966918945,5.794933319091797,20.673667907714844,4.874009132385254,2.4309334754943848,2.9824628829956055,5.090947151184082,4.03171443939209,23.0358943939209,13.415131568908691,2.577190399169922,1.4282199144363403,4.698671817779541,2.0796117782592773,13.47021198272705,8.463157653808594,4.976696968078613,2.401357412338257,1.5538849830627441,2.907031536102295,1.2344815731048584,14.720455169677734,21.144012451171875,23.470590591430664,2.1318233013153076
