0.18611139059066772,21.469375610351562,20.88445281982422,1.6157054901123047,21.178569793701172,20.71375846862793,23.601137161254883,24.296091079711914,2.0634984970092773,21.267736434936523,21.658029556274414,21.284690856933594,1.8845945596694946,21.653779983520508,20.78479766845703,3.125429630279541,22.65106773376465,1.3981865644454956,20.529882431030273,20.578697204589844,20.88801383972168,20.722158432006836,20.92330551147461,21.30402183532715,21.174461364746094,24.116443634033203,1.4728271961212158,20.478811264038086,20.68524932861328,21.017831802368164,21.027841567993164,22.094980239868164,1.7731449604034424,20.578271865844727,21.02605628967285,21.178524017333984,21.577543258666992,27.804771423339844,20.88058090209961,20.97433853149414,20.701828002929688,21.054033279418945,21.4759464263916,27.674062728881836,24.043725967407227,21.305835723876953,20.33934211730957,21.114757537841797,1.596896767616272,1.3688716888427734,20.821834564208984,21.109128952026367,21.33114242553711,21.63387107849121,25.142812728881836,2.044891119003296,21.348827362060547,1.753553867340088,21.491289138793945,21.18949317932129,2.6451399326324463,21.515331268310547,2.2468512058258057,1.6585148572921753,21.10051155090332,20.614503860473633,23.77176856994629,20.673654556274414,21.133132934570312,20.976261138916016,21.160173416137695,21.654407501220703,1.3070828914642334,21.159870147705078,21.215362548828125,20.450855255126953,23.96708106994629,1.4896289110183716,21.035158157348633,20.859060287475586,26.694316864013672,21.27988624572754,21.211566925048828,1.5368698835372925,21.317615509033203,21.494340896606445,21.12830924987793,24.361303329467773,21.6441707611084,21.128211975097656,20.98512840270996,20.741514205932617,21.600980758666992,20.858335494995117,20.865787506103516,22.147716522216797,21.385000228881836,2.5774857997894287,1.6266236305236816,20.935213088989258
21.469375610351562,0.14002013206481934,3.0386688709259033,21.740785598754883,2.707341194152832,2.5266082286834717,11.443090438842773,10.278167724609375,20.320083618164062,2.9635562896728516,3.293703079223633,3.209542989730835,22.09769630432129,6.064916610717773,1.7528386116027832,20.469640731811523,10.416488647460938,21.553068161010742,1.5967648029327393,3.2352771759033203,1.8251286745071411,2.2894811630249023,2.4971187114715576,2.3530309200286865,2.3926191329956055,13.607707023620605,21.034343719482422,2.723341941833496,2.959196090698242,1.921856164932251,2.1821367740631104,7.453597068786621,21.998842239379883,2.629534959793091,4.9939866065979,1.6036006212234497,3.491926431655884,17.883468627929688,1.910961389541626,1.4460315704345703,1.7230470180511475,3.2009148597717285,4.538952827453613,18.83062744140625,12.274121284484863,4.556890487670898,1.9733160734176636,2.166572093963623,22.524599075317383,22.45098304748535,2.9993295669555664,1.279527187347412,2.2149109840393066,3.792968511581421,15.00719165802002,21.514986038208008,1.6143715381622314,22.668407440185547,2.2332658767700195,2.8294711112976074,19.340675354003906,3.2665462493896484,23.15204620361328,20.98986053466797,2.968799114227295,2.0786802768707275,11.24865436553955,2.344552993774414,2.6447577476501465,3.8453927040100098,3.9578397274017334,2.1927614212036133,21.989980697631836,4.241847991943359,1.8824204206466675,3.441138505935669,14.16566276550293,21.76525115966797,2.4292240142822266,2.6624202728271484,16.589614868164062,4.011066913604736,3.614171028137207,21.943912506103516,3.04015851020813,4.109925746917725,1.230963945388794,12.894389152526855,1.4370800256729126,5.134001731872559,2.5078113079071045,2.378941059112549,3.779855966567993,2.607391119003296,3.551008939743042,1.800888180732727,4.872599124908447,22.610721588134766,20.708419799804688,1.9421331882476807
20.88445281982422,3.0386688709259033,0.0,21.21913719177246,3.2146553993225098,2.953564167022705,10.976423263549805,10.941926956176758,19.85947036743164,4.399896621704102,4.113731861114502,4.472790241241455,21.48707389831543,6.811440944671631,2.7341196537017822,19.858821868896484,11.049062728881836,20.994234085083008,3.1421024799346924,4.250351905822754,3.661693811416626,3.852980613708496,3.3644375801086426,3.578862190246582,3.6472015380859375,11.88986587524414,20.49970245361328,3.367330312728882,3.4195704460144043,3.3426706790924072,4.077290058135986,7.379635810852051,21.441625595092773,3.2118618488311768,5.274953365325928,2.8203885555267334,5.56663179397583,18.594497680664062,3.3059840202331543,2.346996545791626,2.689359188079834,3.7501657009124756,5.228738307952881,19.284881591796875,13.640349388122559,6.578448295593262,2.7785251140594482,3.384752035140991,21.97771644592285,21.79254913330078,3.652484178543091,3.1401901245117188,3.2822117805480957,5.504601955413818,15.490675926208496,21.07651138305664,3.8385136127471924,22.069740295410156,3.987252950668335,2.5732433795928955,18.785634994506836,3.7385449409484863,22.538352966308594,20.492774963378906,4.630276203155518,3.073122024536133,10.103291511535645,3.368461847305298,3.2432644367218018,3.708085298538208,5.124266624450684,3.289498805999756,21.402446746826172,4.413855075836182,2.5357930660247803,4.557720184326172,13.619607925415039,21.219463348388672,3.228126049041748,3.8128578662872314,15.927225112915039,2.5438554286956787,3.9795751571655273,21.324697494506836,3.9439713954925537,5.506425857543945,3.6253767013549805,14.64329719543457,3.2375104427337646,5.096830368041992,4.307463645935059,4.337154388427734,3.882591962814331,4.385815143585205,5.175622940063477,4.409693241119385,5.497498512268066,21.939882278442383,20.099464416503906,3.1600868701934814
1.6157054901123047,21.740785598754883,21.21913719177246,0.2401629090309143,21.412109375,20.946128845214844,24.398378372192383,24.478500366210938,2.1905252933502197,21.399709701538086,21.830842971801758,21.38406753540039,1.5599392652511597,21.682575225830078,21.090255737304688,3.481295108795166,22.391874313354492,1.6653732061386108,20.741838455200195,20.766963958740234,21.103622436523438,20.880704879760742,21.12884521484375,21.536251068115234,21.37542152404785,24.575233459472656,1.2122976779937744,20.72334861755371,20.89830780029297,21.251811981201172,21.214584350585938,22.087434768676758,1.2611563205718994,20.78803253173828,21.04043197631836,21.440792083740234,21.694673538208008,27.710079193115234,21.136737823486328,21.24559783935547,20.9206600189209,21.214174270629883,21.655338287353516,28.083593368530273,24.108060836791992,21.39515495300293,20.564882278442383,21.3229923248291,1.7880984544754028,2.256852626800537,20.961931228637695,21.40789222717285,21.623836517333984,21.959564208984375,25.33705711364746,1.75042724609375,21.5718936920166,1.8021914958953857,21.72171401977539,21.56174659729004,3.0719172954559326,21.692636489868164,2.7473630905151367,1.5299938917160034,21.405834197998047,20.86495590209961,24.170734405517578,20.953046798706055,21.408557891845703,21.251123428344727,21.36929702758789,21.86843490600586,2.093604326248169,21.423192977905273,21.4484920501709,20.64606285095215,24.040414810180664,2.438601493835449,21.375343322753906,21.117876052856445,26.712793350219727,21.549224853515625,21.347375869750977,1.5731182098388672,21.582683563232422,21.572237014770508,21.36690330505371,24.69516372680664,21.870359420776367,21.326393127441406,21.2158203125,21.052711486816406,21.967700958251953,21.015708923339844,20.970388412475586,22.344722747802734,21.7701473236084,2.544375419616699,2.515758514404297,21.127609252929688
21.178569793701172,2.707341194152832,3.2146553993225098,21.412109375,0.0,3.043905735015869,12.782949447631836,11.299131393432617,19.933452606201172,2.8221912384033203,3.436579942703247,4.139930725097656,21.82854652404785,6.319756984710693,3.3969504833221436,20.112163543701172,10.538273811340332,21.26841163635254,3.0115747451782227,3.3546440601348877,3.6311094760894775,3.336247682571411,3.6003286838531494,4.034660816192627,3.340531349182129,13.757044792175293,20.723175048828125,3.610501289367676,3.7589964866638184,2.6875038146972656,2.719294786453247,8.169707298278809,21.7357234954834,3.1427218914031982,4.413832187652588,2.636234760284424,4.2610883712768555,19.139049530029297,2.98525071144104,2.178744316101074,2.8977673053741455,2.7541420459747314,5.825465202331543,19.488759994506836,13.240507125854492,5.054327487945557,2.5686445236206055,3.0655925273895264,22.21186065673828,22.179332733154297,2.8942887783050537,3.083618640899658,3.4391727447509766,6.082240581512451,15.389632225036621,21.1812686920166,3.0966761112213135,22.3267822265625,3.5482537746429443,4.01631498336792,18.961406707763672,3.2944676876068115,22.84859848022461,20.691499710083008,4.517404556274414,3.0123889446258545,10.40742015838623,3.227964162826538,3.330144166946411,4.75153923034668,4.393923282623291,3.9553465843200684,21.712112426757812,5.525741100311279,2.8065831661224365,4.1036906242370605,14.603872299194336,21.595073699951172,3.6597039699554443,2.3855764865875244,15.083074569702148,3.5292224884033203,3.437436819076538,21.599143981933594,3.901387929916382,4.185420036315918,2.916560411453247,12.718951225280762,2.885906219482422,4.882155895233154,4.241439342498779,3.6178011894226074,4.6434478759765625,3.5299253463745117,4.716058731079102,3.6814539432525635,6.481253147125244,22.325702667236328,20.399560928344727,3.327190637588501
20.71375846862793,2.5266082286834717,2.953564167022705,20.946128845214844,3.043905735015869,0.0,11.623740196228027,12.105683326721191,19.595552444458008,2.3859031200408936,1.6657614707946777,2.7866830825805664,21.356103897094727,4.807240009307861,2.0123400688171387,19.82002067565918,9.386367797851562,20.733531951904297,1.6387253999710083,2.166555881500244,2.31587815284729,2.709550380706787,2.48038387298584,3.3248894214630127,2.9107909202575684,12.473601341247559,20.26129150390625,1.7019054889678955,1.731285810470581,2.1038641929626465,2.098315477371216,6.262729167938232,21.23752212524414,1.6176055669784546,4.404857158660889,1.8972761631011963,3.6735644340515137,17.63528823852539,1.8117411136627197,2.39668607711792,2.225255250930786,2.138115644454956,4.117876052856445,19.278711318969727,11.740671157836914,4.388422966003418,1.342621088027954,1.6367042064666748,21.786727905273438,21.693504333496094,2.8552985191345215,2.000908613204956,2.1915054321289062,4.490522384643555,15.281143188476562,20.80774688720703,2.0595571994781494,21.94199562072754,3.098085403442383,3.9311907291412354,18.602874755859375,1.7962884902954102,22.290475845336914,20.245697021484375,4.04487943649292,1.8104273080825806,9.93018913269043,1.884814739227295,1.6655874252319336,2.7422847747802734,4.458626747131348,2.447784662246704,21.277145385742188,3.125885486602783,1.8534703254699707,3.2491960525512695,13.151511192321777,21.05528450012207,2.378856897354126,2.6725406646728516,16.32016944885254,3.543403148651123,2.5670485496520996,21.196977615356445,2.2275757789611816,3.185781478881836,2.103734254837036,12.671683311462402,1.9219807386398315,4.636332035064697,3.192478895187378,2.7598519325256348,3.0712954998016357,2.4786572456359863,3.584169387817383,3.657423973083496,5.428472518920898,21.848669052124023,20.042924880981445,2.409229278564453
23.601137161254883,11.443090438842773,10.976423263549805,24.398378372192383,12.782949447631836,11.623740196228027,0.0,14.858805656433105,23.002260208129883,13.184030532836914,12.527386665344238,13.127537727355957,24.401283264160156,15.079425811767578,10.73652458190918,22.925264358520508,18.23635482788086,23.906293869018555,11.787782669067383,12.763036727905273,11.684514999389648,12.287632942199707,12.009346008300781,11.23335075378418,12.761369705200195,13.216546058654785,23.681867599487305,11.311400413513184,12.444913864135742,12.292377471923828,12.224263191223145,13.451957702636719,24.486465454101562,12.426066398620605,15.222509384155273,11.612271308898926,13.93601131439209,21.585308074951172,11.851951599121094,11.887526512145996,11.684404373168945,12.953693389892578,13.176033973693848,22.986953735351562,14.578367233276367,13.891294479370117,11.6417875289917,12.206415176391602,24.673824310302734,24.263654708862305,13.564115524291992,11.163125991821289,11.414905548095703,10.887046813964844,19.794084548950195,24.22709846496582,11.844563484191895,24.968076705932617,12.294357299804688,10.414632797241211,22.09491729736328,12.970450401306152,24.919889450073242,23.601411819458008,11.136341094970703,12.035628318786621,16.534711837768555,11.393990516662598,11.781789779663086,11.411425590515137,13.715073585510254,11.761967658996582,23.9113826751709,10.817639350891113,11.931020736694336,12.143614768981934,17.089168548583984,23.31786346435547,10.941701889038086,11.782611846923828,21.011240005493164,12.399404525756836,13.431438446044922,24.278804779052734,11.639815330505371,13.755280494689941,11.517524719238281,16.246234893798828,11.762940406799316,12.681331634521484,11.04328727722168,11.642702102661133,10.426473617553711,12.811639785766602,12.885404586791992,12.568570137023926,9.76484203338623,24.742900848388672,23.100955963134766,11.728682518005371
24.296091079711914,10.278167724609375,10.941926956176758,24.478500366210938,11.299131393432617,12.105683326721191,14.858805656433105,0.2055519074201584,23.22762680053711,11.990246772766113,12.591044425964355,11.255964279174805,24.60008430480957,13.699996948242188,10.88198184967041,23.228960037231445,14.751704216003418,24.595090866088867,10.863069534301758,12.18623161315918,10.940248489379883,10.178362846374512,11.148210525512695,9.979545593261719,11.286776542663574,18.379817962646484,23.91921043395996,11.745070457458496,12.399942398071289,11.537372589111328,11.551658630371094,12.769776344299316,24.66555404663086,12.185905456542969,12.594375610351562,11.264524459838867,12.49263858795166,21.453136444091797,11.661745071411133,10.868169784545898,10.078771591186523,12.251176834106445,12.980867385864258,22.588735580444336,17.187232971191406,13.007386207580566,11.248830795288086,11.759149551391602,25.214590072631836,25.173294067382812,11.366911888122559,11.301270484924316,12.099128723144531,12.066991806030273,20.19254493713379,24.398090362548828,11.17695426940918,25.123640060424805,11.314947128295898,10.247695922851562,22.541852951049805,12.890997886657715,26.307979583740234,23.837486267089844,11.269145965576172,11.88822078704834,20.10013771057129,11.90652084350586,12.278676986694336,12.432493209838867,11.987139701843262,11.140419960021973,24.631732940673828,12.207642555236816,10.894314765930176,12.08198356628418,20.14514923095703,24.238758087158203,12.103547096252441,11.928900718688965,19.824548721313477,12.094932556152344,12.39467716217041,24.59946632385254,12.271195411682129,13.139580726623535,10.811837196350098,19.983736038208008,10.883441925048828,11.864448547363281,10.254098892211914,12.018890380859375,12.56319808959961,11.890209197998047,11.011506080627441,9.879048347473145,11.774967193603516,25.277002334594727,23.432781219482422,10.347089767456055
2.0634984970092773,20.320083618164062,19.85947036743164,2.1905252933502197,19.933452606201172,19.595552444458008,23.002260208129883,23.22762680053711,0.1882309913635254,20.067384719848633,20.507673263549805,20.14122772216797,2.9223971366882324,20.525941848754883,19.705394744873047,3.4104628562927246,21.578248977661133,2.3262104988098145,19.391836166381836,19.430885314941406,19.769512176513672,19.58055305480957,19.848464965820312,20.221906661987305,20.086336135864258,23.736967086791992,2.132197141647339,19.354188919067383,19.642013549804688,19.840892791748047,19.807538986206055,21.191511154174805,2.9158055782318115,19.475351333618164,19.898147583007812,20.042713165283203,20.3531551361084,26.763103485107422,19.749826431274414,19.847829818725586,19.55131721496582,19.867406845092773,20.55479621887207,27.2779541015625,23.079532623291016,20.09688377380371,19.17534065246582,19.995716094970703,2.684540271759033,3.0624451637268066,19.688617706298828,20.011972427368164,20.232255935668945,20.64256477355957,24.445293426513672,1.9854743480682373,20.176101684570312,2.7186152935028076,20.33443832397461,20.134628295898438,1.755375862121582,20.394987106323242,3.745399236679077,2.0800697803497314,20.009422302246094,19.481191635131836,22.826980590820312,19.539230346679688,20.027584075927734,19.944965362548828,19.97869110107422,20.564918518066406,2.4340295791625977,20.21493148803711,20.113971710205078,19.342071533203125,23.374013900756836,2.7970550060272217,20.01520347595215,19.62548828125,25.354326248168945,20.184656143188477,20.124696731567383,2.599743604660034,20.194183349609375,20.24567222595215,19.948789596557617,22.991472244262695,20.492883682250977,20.073898315429688,19.900226593017578,19.619098663330078,20.52897834777832,19.687137603759766,19.76019287109375,20.97466468811035,20.349254608154297,3.8784360885620117,2.195854663848877,19.809127807617188
21.267736434936523,2.9635562896728516,4.399896621704102,21.399709701538086,2.8221912384033203,2.3859031200408936,13.184030532836914,11.990246772766113,20.067384719848633,0.10978404432535172,1.9109009504318237,2.7319884300231934,21.889102935791016,4.8502068519592285,3.4084959030151367,20.24881935119629,8.63630485534668,21.304187774658203,2.357668161392212,2.1696572303771973,2.7905383110046387,2.214604377746582,2.795888662338257,3.6709930896759033,2.7067811489105225,13.478297233581543,20.715892791748047,3.2184770107269287,2.680434465408325,2.7901432514190674,1.6233536005020142,6.315011501312256,21.72257423400879,2.4535136222839355,3.295011043548584,2.7103238105773926,2.959740161895752,18.451709747314453,2.6373541355133057,2.9546988010406494,3.078080892562866,2.199384927749634,4.2195892333984375,19.011796951293945,11.28974437713623,2.9671013355255127,2.470414876937866,2.0838584899902344,22.310523986816406,22.311368942260742,2.269254684448242,2.757078170776367,3.3627209663391113,5.237635612487793,14.79448127746582,21.245262145996094,2.305603504180908,22.4936466217041,3.445026159286499,5.175191879272461,19.134870529174805,2.1668365001678467,22.869094848632812,20.701885223388672,4.223326683044434,2.9441044330596924,11.209012031555176,3.1678097248077393,3.1795356273651123,4.4815168380737305,4.701190948486328,3.4203438758850098,21.867238998413086,4.41921329498291,2.6857056617736816,2.9548873901367188,13.61284351348877,21.659822463989258,3.3066821098327637,2.945953130722046,15.966102600097656,4.703929424285889,1.8302693367004395,21.70254135131836,3.5221400260925293,2.456728935241699,2.39406156539917,12.167323112487793,2.477937698364258,4.240961074829102,3.0803592205047607,3.0575203895568848,4.841615200042725,2.0082499980926514,2.720902681350708,3.28732967376709,6.745362281799316,22.371185302734375,20.600196838378906,2.713069438934326
21.658029556274414,3.293703079223633,4.113731861114502,21.830842971801758,3.436579942703247,1.6657614707946777,12.527386665344238,12.591044425964355,20.507673263549805,1.9109009504318237,0.0,2.9511618614196777,22.328868865966797,3.9932868480682373,3.213259220123291,20.802711486816406,8.342276573181152,21.65419578552246,2.648225784301758,1.8388663530349731,3.26845645904541,3.089047908782959,3.3286097049713135,4.257945537567139,3.539074182510376,12.465750694274902,21.172210693359375,2.8871803283691406,2.428623676300049,2.9694671630859375,2.4612555503845215,5.96283483505249,22.164953231811523,2.6046361923217773,4.359185218811035,2.8666632175445557,3.8060388565063477,17.8552303314209,2.520421028137207,3.4046688079833984,3.201460361480713,2.46541166305542,4.390145301818848,19.30161476135254,11.498353004455566,4.137516021728516,2.62866473197937,2.334550142288208,22.745298385620117,22.684934616088867,3.150963068008423,2.8854849338531494,3.3095943927764893,5.2633795738220215,15.542173385620117,21.74250602722168,2.560723304748535,22.882558822631836,3.9690914154052734,5.279508590698242,19.577632904052734,1.727601170539856,23.21781349182129,21.174440383911133,5.00795841217041,2.9993367195129395,10.15379810333252,3.0642213821411133,2.4524543285369873,3.6640896797180176,5.167551517486572,3.3687686920166016,22.27806282043457,3.6189157962799072,2.581437349319458,4.000554084777832,13.745600700378418,22.028982162475586,3.3428380489349365,3.5114495754241943,16.363183975219727,4.475488662719727,2.311845064163208,22.15873908996582,2.809105396270752,2.94720196723938,2.7435550689697266,12.201029777526855,2.4943509101867676,4.257156848907471,3.709756851196289,3.228764057159424,3.655602216720581,2.8767526149749756,3.531337261199951,3.9972074031829834,6.735872268676758,22.832916259765625,21.012725830078125,3.2221879959106445
21.284690856933594,3.209542989730835,4.472790241241455,21.38406753540039,4.139930725097656,2.7866830825805664,13.127537727355957,11.255964279174805,20.14122772216797,2.7319884300231934,2.9511618614196777,0.11567217111587524,21.80506134033203,4.128764629364014,2.926469326019287,20.38848304748535,8.44804859161377,21.283300399780273,2.1475467681884766,2.974985361099243,2.26516056060791,2.209728479385376,2.26995849609375,3.0027170181274414,2.6969923973083496,14.246390342712402,20.711864471435547,2.5432798862457275,2.534667491912842,2.6495018005371094,2.6911518573760986,5.565367698669434,21.675411224365234,2.4150660037994385,3.6096997261047363,2.8786239624023438,3.0080275535583496,17.881553649902344,3.354238510131836,3.4186112880706787,2.4947683811187744,2.3859033584594727,4.169156074523926,19.438751220703125,11.258267402648926,4.062366962432861,2.703530788421631,2.0423519611358643,22.291963577270508,22.2835750579834,2.3969850540161133,3.3043787479400635,3.2954213619232178,5.093708038330078,15.98855972290039,21.28499412536621,2.3060882091522217,22.443599700927734,2.824014902114868,4.688629150390625,19.147279739379883,2.869222402572632,22.960126876831055,20.66345977783203,4.452152729034424,3.0786991119384766,11.336639404296875,2.8518288135528564,2.941865921020508,3.307476043701172,3.6359264850616455,2.770174741744995,21.82457160949707,3.2634429931640625,2.332378387451172,3.5359084606170654,12.773332595825195,21.616262435913086,3.7254891395568848,3.8082008361816406,17.356470108032227,4.648369312286377,2.7804131507873535,21.670209884643555,2.8783490657806396,3.197652816772461,2.825266122817993,13.864763259887695,2.1709237098693848,5.959562301635742,3.2032244205474854,3.99178147315979,4.931362152099609,2.71096134185791,3.236680507659912,2.8223683834075928,5.794930934906006,22.36581802368164,20.651283264160156,2.820998191833496
1.8845945596694946,22.09769630432129,21.48707389831543,1.5599392652511597,21.82854652404785,21.356103897094727,24.401283264160156,24.60008430480957,2.9223971366882324,21.889102935791016,22.328868865966797,21.80506134033203,0.0,22.315879821777344,21.4359130859375,3.169651746749878,23.16868019104004,2.1809611320495605,21.123254776000977,21.302772521972656,21.442739486694336,21.287151336669922,21.460365295410156,21.800983428955078,21.724660873413086,24.866069793701172,1.7960171699523926,21.095754623413086,21.301137924194336,21.640161514282227,21.645009994506836,22.483646392822266,1.1279934644699097,21.168373107910156,21.461349487304688,21.801193237304688,22.130054473876953,27.875810623168945,21.54730224609375,21.577146530151367,21.275543212890625,21.642297744750977,22.002389907836914,28.49022102355957,24.580995559692383,21.891828536987305,20.934892654418945,21.716670989990234,1.5057263374328613,1.6534099578857422,21.37948226928711,21.78125762939453,21.94793701171875,22.239648818969727,25.43191146850586,1.9648243188858032,21.98771858215332,1.8724429607391357,22.042823791503906,21.746509552001953,3.373399257659912,22.132102966308594,2.726064443588257,1.9200083017349243,21.667680740356445,21.223297119140625,24.579753875732422,21.32329559326172,21.825668334960938,21.602949142456055,21.72950553894043,22.164480209350586,1.4937716722488403,21.80242919921875,21.83139419555664,20.973291397094727,23.964744567871094,2.270589828491211,21.72128677368164,21.488161087036133,26.93621826171875,21.828285217285156,21.800344467163086,1.064350962638855,22.008699417114258,22.043102264404297,21.769058227539062,25.492517471313477,22.260286331176758,21.820655822753906,21.581239700317383,21.507680892944336,22.368711471557617,21.428573608398438,21.410297393798828,22.7187442779541,21.889144897460938,1.3865151405334473,2.6219987869262695,21.457290649414062
21.653779983520508,6.064916610717773,6.811440944671631,21.682575225830078,6.319756984710693,4.807240009307861,15.079425811767578,13.699996948242188,20.525941848754883,4.8502068519592285,3.9932868480682373,4.128764629364014,22.315879821777344,0.0,5.711874961853027,21.104387283325195,6.328953266143799,21.50528335571289,5.177692890167236,3.664766550064087,5.7579803466796875,5.343461990356445,5.849358081817627,6.873356819152832,5.767652988433838,14.030571937561035,21.10340690612793,5.270798683166504,4.545042037963867,5.34022855758667,5.536572456359863,6.643723487854004,22.06062889099121,5.080678939819336,5.736506462097168,5.8126749992370605,5.494008541107178,17.88400650024414,5.198769569396973,6.202902793884277,5.499770641326904,4.974924564361572,6.039272785186768,19.89271354675293,12.798303604125977,6.023997783660889,5.548454761505127,5.046708583831787,22.73200798034668,22.738004684448242,5.059055805206299,5.877621173858643,6.052306652069092,7.435611724853516,17.504104614257812,21.74527931213379,5.192795753479004,22.74460792541504,6.216273307800293,7.887558937072754,19.669628143310547,4.563349723815918,23.249034881591797,21.11331558227539,7.922253131866455,5.574402332305908,10.442875862121582,5.534588813781738,4.691493988037109,5.2314133644104,6.142195701599121,5.859333515167236,22.349666595458984,5.135071754455566,5.0301337242126465,6.893352508544922,15.160612106323242,22.087678909301758,6.29301643371582,6.6313323974609375,19.074386596679688,6.9156341552734375,4.699469566345215,22.166940689086914,4.747049808502197,5.2783708572387695,5.635847568511963,13.786303520202637,5.175511837005615,6.736424446105957,6.36799955368042,5.707797050476074,5.991979598999023,5.477713584899902,5.431856155395508,5.979396343231201,9.04489803314209,22.942888259887695,21.049062728881836,6.085762977600098
20.78479766845703,1.7528386116027832,2.7341196537017822,21.090255737304688,3.3969504833221436,2.0123400688171387,10.73652458190918,10.88198184967041,19.705394744873047,3.4084959030151367,3.213259220123291,2.926469326019287,21.4359130859375,5.711874961853027,0.0,19.91640853881836,10.334952354431152,20.871122360229492,1.4837779998779297,3.1127848625183105,1.7996894121170044,2.5991411209106445,2.1120095252990723,2.345656394958496,2.850238084793091,13.18937873840332,20.377273559570312,1.480895757675171,2.4705519676208496,1.8460838794708252,2.5052506923675537,6.913967132568359,21.352888107299805,2.203648090362549,5.204921245574951,1.4568263292312622,3.926190137863159,18.07476043701172,2.393547773361206,2.1803550720214844,1.5603402853012085,2.8593406677246094,4.548483371734619,18.79532814025879,11.723360061645508,5.05092716217041,1.6838356256484985,1.8834389448165894,21.860998153686523,21.737476348876953,3.1414473056793213,1.5646103620529175,1.9889827966690063,3.982172966003418,15.855307579040527,20.928518295288086,1.6971189975738525,22.00670051574707,2.3968048095703125,2.587296485900879,18.672513961791992,3.1437432765960693,22.45419692993164,20.325042724609375,3.189161777496338,2.024726152420044,10.698081970214844,1.452085018157959,1.8031469583511353,2.4159908294677734,3.7819712162017822,2.3551740646362305,21.303030014038086,2.8430540561676025,1.5348548889160156,3.428373098373413,13.302947998046875,21.052724838256836,1.9333713054656982,2.8209376335144043,17.009485244750977,3.6578664779663086,3.6164710521698,21.27568817138672,1.9766117334365845,4.212996482849121,1.7327890396118164,13.14387321472168,1.4725098609924316,5.584766864776611,2.608947992324829,2.62141489982605,3.0182440280914307,2.9633700847625732,4.053996562957764,2.812112331390381,4.217615604400635,21.96576499938965,20.09820556640625,2.3501439094543457
3.125429630279541,20.469640731811523,19.858821868896484,3.481295108795166,20.112163543701172,19.82002067565918,22.925264358520508,23.228960037231445,3.4104628562927246,20.24881935119629,20.802711486816406,20.38848304748535,3.169651746749878,21.104387283325195,19.91640853881836,0.07328774780035019,22.178571701049805,3.539484977722168,19.583162307739258,19.73276138305664,19.880666732788086,19.678176879882812,19.917020797729492,20.209938049316406,20.00806427001953,23.333839416503906,2.6906578540802,19.674785614013672,19.77170753479004,20.136266708374023,20.058795928955078,21.188474655151367,3.0118277072906494,19.624217987060547,19.843292236328125,20.2547550201416,20.619792938232422,27.668014526367188,19.892093658447266,19.8675479888916,19.792722702026367,20.136878967285156,20.409587860107422,27.54587745666504,23.495338439941406,20.147869110107422,19.39183235168457,20.173141479492188,3.320404529571533,3.7401645183563232,19.80791664123535,20.142807006835938,20.329633712768555,20.639108657836914,22.9475154876709,2.8213131427764893,20.461143493652344,4.1650519371032715,20.480928421020508,20.150413513183594,3.2546939849853516,20.603727340698242,4.129702568054199,2.7416532039642334,19.99102210998535,19.67705535888672,23.23236846923828,19.785863876342773,20.359363555908203,20.31818199157715,20.25885581970215,20.64460563659668,3.2436037063598633,20.440832138061523,20.318557739257812,19.269100189208984,22.860631942749023,3.7283596992492676,20.05889892578125,19.795265197753906,25.658605575561523,20.368656158447266,20.183979034423828,2.711629629135132,20.625049591064453,20.605236053466797,20.207950592041016,23.89937400817871,20.736175537109375,20.051565170288086,19.9478702545166,19.859989166259766,21.01788330078125,19.87807846069336,19.75736427307129,21.150800704956055,20.46583366394043,2.806286573410034,2.6978390216827393,19.893585205078125
22.65106773376465,10.416488647460938,11.049062728881836,22.391874313354492,10.538273811340332,9.386367797851562,18.23635482788086,14.751704216003418,21.578248977661133,8.63630485534668,8.342276573181152,8.44804859161377,23.16868019104004,6.328953266143799,10.334952354431152,22.178571701049805,0.22117793560028076,22.517780303955078,9.483675956726074,8.241461753845215,10.061525344848633,8.810994148254395,9.921329498291016,10.652810096740723,10.142626762390137,14.436325073242188,21.97334861755371,9.956793785095215,9.304723739624023,10.292532920837402,9.660272598266602,6.927164554595947,22.8454532623291,9.818282127380371,8.935342788696289,10.369043350219727,10.056909561157227,19.263463973999023,9.842304229736328,10.693379402160645,9.665879249572754,9.494004249572754,9.748560905456543,21.354154586791992,13.158404350280762,9.504110336303711,9.864290237426758,9.635444641113281,23.737987518310547,23.791362762451172,9.125767707824707,10.37243938446045,11.10543441772461,11.722554206848145,19.468284606933594,22.786033630371094,9.728986740112305,23.655105590820312,11.072891235351562,12.447746276855469,21.037824630737305,9.210171699523926,24.199064254760742,22.082435607910156,12.016013145446777,10.435527801513672,15.926328659057617,10.583159446716309,9.981433868408203,10.253445625305176,11.485701560974121,10.26395034790039,23.478403091430664,9.296000480651855,9.50408935546875,10.616238594055176,17.60965919494629,23.00470733642578,10.912798881530762,11.164353370666504,19.83901023864746,11.399581909179688,8.518503189086914,23.127586364746094,9.973357200622559,9.226668357849121,9.866872787475586,16.248868942260742,9.716597557067871,8.434809684753418,9.65892505645752,10.32042407989502,10.7437744140625,9.54585075378418,8.155590057373047,10.138882637023926,13.729715347290039,23.815704345703125,22.192779541015625,9.66062068939209
1.3981865644454956,21.553068161010742,20.994234085083008,1.6653732061386108,21.26841163635254,20.733531951904297,23.906293869018555,24.595090866088867,2.3262104988098145,21.304187774658203,21.65419578552246,21.283300399780273,2.1809611320495605,21.50528335571289,20.871122360229492,3.539484977722168,22.517780303955078,0.7958978414535522,20.58155059814453,20.57115936279297,20.942428588867188,20.796480178833008,21.02001953125,21.427003860473633,21.212011337280273,24.248462677001953,1.7597038745880127,20.53141212463379,20.69413185119629,21.066038131713867,21.09054183959961,22.110708236694336,1.775527000427246,20.609710693359375,21.04789161682129,21.27049446105957,21.567909240722656,27.465282440185547,20.883337020874023,21.044994354248047,20.780813217163086,21.099748611450195,21.479551315307617,28.114423751831055,24.236589431762695,21.278043746948242,20.402114868164062,21.165693283081055,1.8193398714065552,2.1274328231811523,20.88786506652832,21.187191009521484,21.361055374145508,21.657203674316406,25.0513916015625,1.9723197221755981,21.40656280517578,1.991314172744751,21.540693283081055,21.330446243286133,2.979987382888794,21.5228328704834,2.3116486072540283,1.9309680461883545,21.249162673950195,20.64412498474121,23.56095314025879,20.71529769897461,21.15810203552246,21.015758514404297,21.173452377319336,21.67733383178711,1.9356404542922974,21.216293334960938,21.29030990600586,20.543516159057617,24.055883407592773,2.304760217666626,21.135276794433594,20.93035888671875,27.05116844177246,21.38145637512207,21.251049041748047,1.9990689754486084,21.35042953491211,21.496519088745117,21.20477294921875,24.39153480529785,21.705720901489258,21.225967407226562,21.10483741760254,20.798526763916016,21.665822982788086,20.899869918823242,20.884796142578125,22.221450805664062,21.491397857666016,2.8421289920806885,2.0716607570648193,21.025354385375977
20.529882431030273,1.5967648029327393,3.1421024799346924,20.741838455200195,3.0115747451782227,1.6387253999710083,11.787782669067383,10.863069534301758,19.391836166381836,2.357668161392212,2.648225784301758,2.1475467681884766,21.123254776000977,5.177692890167236,1.4837779998779297,19.583162307739258,9.483675956726074,20.58155059814453,0.10244601219892502,2.5099475383758545,1.1201103925704956,1.576836109161377,1.6983277797698975,2.207336664199829,2.145146608352661,13.392412185668945,20.048490524291992,1.7339603900909424,2.000171184539795,1.6395801305770874,1.6597965955734253,6.413796424865723,21.014541625976562,1.658288836479187,4.185545921325684,1.4915316104888916,3.0710742473602295,17.632829666137695,1.839545726776123,1.8639363050460815,1.2348353862762451,2.3700876235961914,3.9607152938842773,18.93876075744629,11.59378719329834,4.03680419921875,1.0418846607208252,1.3368558883666992,21.5794734954834,21.5145263671875,2.3169331550598145,1.549704670906067,2.1651973724365234,3.9684598445892334,15.162252426147461,20.5737247467041,1.3079872131347656,21.734432220458984,2.237504005432129,3.3548851013183594,18.404626846313477,2.5817131996154785,22.18978500366211,20.01102638244629,3.1700780391693115,1.6339057683944702,11.091785430908203,1.813417673110962,2.194451332092285,3.1004021167755127,3.7817342281341553,1.9418197870254517,21.065673828125,3.3637592792510986,1.4649381637573242,2.7511210441589355,13.299635887145996,20.837177276611328,2.359527349472046,2.6078908443450928,16.619163513183594,3.8665475845336914,2.812938690185547,20.983673095703125,2.519237518310547,3.305692195892334,1.2270747423171997,13.02832317352295,1.3025784492492676,4.9697980880737305,2.1981284618377686,2.4989755153656006,3.7870020866394043,1.8776721954345703,2.8895115852355957,2.3803610801696777,4.935117721557617,21.645891189575195,19.83172035217285,1.458161473274231
20.578697204589844,3.2352771759033203,4.250351905822754,20.766963958740234,3.3546440601348877,2.166555881500244,12.763036727905273,12.18623161315918,19.430885314941406,2.1696572303771973,1.8388663530349731,2.974985361099243,21.302772521972656,3.664766550064087,3.1127848625183105,19.73276138305664,8.241461753845215,20.57115936279297,2.5099475383758545,0.0,3.3129067420959473,2.7269959449768066,3.5613677501678467,4.440351486206055,3.2981324195861816,12.92591667175293,20.094532012939453,3.092010259628296,2.4999499320983887,2.998192548751831,2.7398905754089355,6.5615339279174805,21.095184326171875,2.7644383907318115,4.435977935791016,3.1755058765411377,3.9325404167175293,18.547630310058594,2.2631423473358154,3.254727840423584,3.1094796657562256,2.899038314819336,4.6609344482421875,19.196533203125,12.015725135803223,3.979917287826538,2.7725653648376465,2.6397545337677,21.66878890991211,21.653173446655273,2.961205005645752,2.89048433303833,3.5562758445739746,5.360745429992676,15.50997543334961,20.668960571289062,2.6580121517181396,21.788022994995117,4.036765098571777,5.3377485275268555,18.522388458251953,2.6707682609558105,22.193849563598633,20.084665298461914,5.149998188018799,3.1022095680236816,10.357582092285156,3.000859260559082,2.5748722553253174,4.008732795715332,4.724060535430908,3.9021520614624023,21.22303009033203,3.870570182800293,2.678276777267456,4.215093612670898,14.526982307434082,20.964813232421875,3.446359872817993,3.633035182952881,17.31120491027832,5.020903587341309,2.641420841217041,21.095003128051758,3.022191047668457,3.8120856285095215,2.8128767013549805,12.150666236877441,2.770813226699829,4.307370662689209,3.6386542320251465,2.701862335205078,4.187173843383789,3.153153419494629,3.2966387271881104,3.874544382095337,6.9953694343566895,21.828733444213867,19.893442153930664,3.559849500656128
20.88801383972168,1.8251286745071411,3.661693811416626,21.103622436523438,3.6311094760894775,2.31587815284729,11.684514999389648,10.940248489379883,19.769512176513672,2.7905383110046387,3.26845645904541,2.26516056060791,21.442739486694336,5.7579803466796875,1.7996894121170044,19.880666732788086,10.061525344848633,20.942428588867188,1.1201103925704956,3.3129067420959473,0.131412073969841,1.9606690406799316,1.482556939125061,1.6335254907608032,1.9307576417922974,13.907137870788574,20.385828018188477,2.0512239933013916,2.333050489425659,1.9423246383666992,1.877444863319397,6.5479021072387695,21.341846466064453,1.9147292375564575,4.351744174957275,1.761366844177246,2.7357733249664307,17.580081939697266,2.3509509563446045,2.1762914657592773,1.9591528177261353,2.760324001312256,3.6883749961853027,18.950565338134766,11.225211143493652,3.771293878555298,1.7469007968902588,1.4898535013198853,21.903627395629883,21.851354598999023,2.752570867538452,1.7090641260147095,1.8833163976669312,3.3539376258850098,14.798887252807617,20.887163162231445,1.465005874633789,22.117557525634766,1.6549798250198364,3.236339569091797,18.74835777282715,2.9747812747955322,22.528717041015625,20.329315185546875,2.4175469875335693,1.8903298377990723,11.4401216506958,1.9253369569778442,2.6748576164245605,3.329132556915283,3.611922264099121,1.6235620975494385,21.38741683959961,3.4700775146484375,2.1136598587036133,2.2422375679016113,12.697662353515625,21.17241668701172,2.265315532684326,2.6778643131256104,16.943058013916016,4.257095813751221,3.230459690093994,21.31149673461914,2.8266260623931885,3.339189291000366,1.5527098178863525,13.172965049743652,1.6094413995742798,5.684066295623779,2.0144407749176025,2.756751537322998,4.283222198486328,1.8223729133605957,2.9902119636535645,2.15433669090271,4.280945777893066,21.939083099365234,20.20680809020996,1.6447741985321045
