0.279781311750412,21.70444107055664,21.62477684020996,3.029714345932007,21.62116241455078,20.862384796142578,26.193538665771484,26.07756233215332,3.434760093688965,21.596561431884766,21.992076873779297,21.818161010742188,4.167018413543701,21.933095932006836,20.94492530822754,5.851231098175049,25.50162124633789,2.5759222507476807,20.59559440612793,20.802433013916016,21.03384780883789,21.125017166137695,21.231544494628906,22.548067092895508,22.06566047668457,25.02068519592285,2.2679810523986816,20.57225799560547,21.201457977294922,21.07391929626465,21.379934310913086,25.662755966186523,2.5375475883483887,20.751827239990234,21.851131439208984,21.264968872070312,21.773178100585938,27.947952270507812,21.19700813293457,22.101858139038086,20.89727210998535,21.417816162109375,23.71906280517578,27.999134063720703,26.098142623901367,22.545726776123047,20.559268951416016,21.22231101989746,2.735842227935791,3.241994619369507,21.695659637451172,21.357934951782227,21.408729553222656,21.8991641998291,25.523418426513672,2.5988454818725586,21.43941879272461,4.299445152282715,21.89240074157715,22.936246871948242,4.085076808929443,21.764158248901367,3.3803622722625732,4.323564052581787,23.201263427734375,20.764516830444336,25.632862091064453,20.791933059692383,21.275062561035156,21.10999298095703,22.068851470947266,22.0322208404541,2.427903175354004,24.373437881469727,21.401992797851562,20.7447566986084,24.626562118530273,4.294154167175293,21.31355094909668,21.232358932495117,27.083948135375977,21.759794235229492,22.72241973876953,4.130833148956299,22.380306243896484,22.151779174804688,21.339387893676758,25.737998962402344,21.743383407592773,23.337614059448242,21.46417999267578,21.144420623779297,24.525835037231445,21.595428466796875,21.331493377685547,22.46401023864746,23.13224220275879,4.236388683319092,4.794577598571777,21.15958023071289
21.70444107055664,0.0,6.011146068572998,21.802738189697266,6.947659969329834,3.6272175312042236,15.951181411743164,14.075026512145996,20.561115264892578,5.5646653175354,4.999818801879883,6.673809051513672,22.629636764526367,6.784405708312988,3.4049179553985596,20.751876831054688,15.205388069152832,21.72937774658203,3.814171314239502,4.989766597747803,4.0212883949279785,4.202245712280273,3.410477876663208,8.02367115020752,7.523476600646973,16.353797912597656,21.145517349243164,3.8611843585968018,5.210242748260498,3.501816511154175,4.809034824371338,14.782089233398438,22.139694213867188,3.54976749420166,8.116727828979492,3.0409815311431885,5.472957134246826,17.790679931640625,4.609083652496338,6.970149993896484,3.8446381092071533,6.11555290222168,10.391093254089355,19.079875946044922,14.416641235351562,9.106917381286621,4.699995994567871,3.2360010147094727,22.816076278686523,22.570907592773438,6.233381748199463,4.1762800216674805,3.774340867996216,5.828919410705566,16.38233757019043,21.864606857299805,3.25730037689209,22.88141441345215,6.232993125915527,10.206429481506348,19.767520904541016,4.577892780303955,23.371347427368164,21.070844650268555,9.987619400024414,3.915595293045044,13.67733097076416,3.0650527477264404,3.6079483032226562,5.518324851989746,7.705259799957275,6.169859886169434,22.20804214477539,11.21562671661377,3.1844730377197266,5.172934532165527,14.780391693115234,22.45351791381836,4.420862197875977,5.278242111206055,17.334199905395508,7.943201065063477,9.249886512756348,22.312728881835938,6.998111248016357,6.908084869384766,4.197900295257568,15.819985389709473,3.517258644104004,10.001380920410156,5.270249843597412,4.733938694000244,13.253467559814453,5.534486293792725,5.2467360496521,3.967170476913452,11.801288604736328,22.790634155273438,21.119766235351562,3.1591997146606445
21.62477684020996,6.011146068572998,0.0,21.851348876953125,7.1905107498168945,6.045385837554932,16.34563446044922,15.44880485534668,20.65125846862793,8.08495044708252,7.505273342132568,8.536334037780762,22.836984634399414,8.595613479614258,5.530969619750977,20.192890167236328,17.835206985473633,21.71836280822754,6.38057279586792,7.058143138885498,6.876689434051514,6.531472682952881,6.822607040405273,9.623917579650879,7.9037394523620605,15.097270965576172,21.247957229614258,5.736184597015381,7.185723304748535,5.974355220794678,5.473902225494385,15.743406295776367,22.1016845703125,5.293261528015137,7.781404495239258,5.7195305824279785,8.66885757446289,19.446340560913086,7.367705821990967,7.292459487915039,6.851158142089844,7.843480587005615,12.060585021972656,20.221315383911133,17.528270721435547,11.189851760864258,5.987327575683594,5.942991256713867,22.600021362304688,22.414709091186523,5.90395975112915,5.2688679695129395,6.784121036529541,8.297584533691406,16.729413986206055,21.9071044921875,6.292721271514893,22.792221069335938,7.673971652984619,12.283109664916992,20.169580459594727,7.395038604736328,23.168447494506836,21.12883186340332,9.850081443786621,6.284810543060303,13.940760612487793,5.661657810211182,7.468179225921631,7.812904357910156,10.040437698364258,9.52417278289795,22.342178344726562,12.913863182067871,6.3261799812316895,7.79512357711792,14.894828796386719,22.366043090820312,6.849813938140869,7.230985164642334,17.978675842285156,10.456720352172852,13.136272430419922,22.371469497680664,8.901963233947754,10.342886924743652,7.782166957855225,17.07262420654297,6.795350551605225,12.753332138061523,8.681665420532227,6.311186790466309,13.786394119262695,8.450875282287598,7.493529319763184,7.161268711090088,13.297298431396484,22.58072280883789,21.00214195251465,5.817873001098633
3.029714345932007,21.802738189697266,21.851348876953125,0.0,21.721384048461914,21.083656311035156,26.196439743041992,26.297243118286133,3.9117422103881836,21.65070152282715,22.30854606628418,22.254480361938477,5.011507034301758,22.138174057006836,21.311927795410156,5.127071857452393,25.055200576782227,3.3149819374084473,20.866287231445312,21.11130714416504,21.284873962402344,21.06175422668457,21.289377212524414,23.02088165283203,22.45064926147461,25.827098846435547,2.2842044830322266,20.79323387145996,21.33489418029785,21.43706512451172,21.627714157104492,25.975282669067383,2.9257943630218506,20.93313980102539,22.119159698486328,21.473472595214844,21.888763427734375,27.907840728759766,21.23271369934082,21.824495315551758,21.104286193847656,21.871519088745117,23.499086380004883,28.491867065429688,25.967144012451172,22.687955856323242,20.853605270385742,21.436405181884766,3.066120147705078,3.4279520511627197,21.712175369262695,21.517578125,21.70343780517578,22.136747360229492,25.689285278320312,4.093612194061279,21.665002822875977,4.507132053375244,22.20673942565918,23.431774139404297,4.782125949859619,21.920133590698242,3.8567488193511963,3.808130979537964,22.951248168945312,21.096643447875977,26.35590362548828,20.976716995239258,21.49692153930664,21.520835876464844,22.365161895751953,22.42290687561035,3.390413522720337,24.39274787902832,21.62493324279785,20.967302322387695,25.112173080444336,4.560851097106934,21.651874542236328,21.441102981567383,27.053430557250977,22.40816307067871,23.136716842651367,4.506268501281738,22.538423538208008,22.280683517456055,21.597211837768555,26.234786987304688,22.045835494995117,23.62307357788086,21.76551628112793,21.38115119934082,25.342620849609375,21.5262508392334,21.290672302246094,22.546289443969727,23.654800415039062,4.0618462562561035,3.9712905883789062,21.326915740966797
21.62116241455078,6.947659969329834,7.1905107498168945,21.721384048461914,0.0,5.145942211151123,16.518857955932617,15.988044738769531,20.70305824279785,4.9981279373168945,6.666693687438965,7.5317840576171875,22.574750900268555,8.311437606811523,6.415058135986328,21.159093856811523,15.162671089172363,21.68170166015625,5.392946243286133,4.863617897033691,6.150448799133301,5.733407497406006,6.63670539855957,10.89530086517334,7.6320366859436035,15.239531517028809,21.082250595092773,5.341419219970703,6.9204864501953125,5.942705154418945,5.930769920349121,14.916776657104492,22.14098358154297,5.64892578125,8.504925727844238,5.386841773986816,6.77784538269043,19.757734298706055,5.645992279052734,5.960890293121338,5.521893501281738,6.528543472290039,10.357672691345215,19.967140197753906,17.08564567565918,9.291036605834961,5.509222984313965,5.483486175537109,22.633167266845703,22.83559226989746,7.950237274169922,5.070852279663086,6.460386276245117,7.833491802215576,15.701604843139648,21.914152145385742,5.185096263885498,23.18495750427246,7.806214809417725,12.785001754760742,19.824892044067383,6.109426975250244,23.33356475830078,21.429931640625,10.439502716064453,6.409853935241699,15.568218231201172,5.682679653167725,6.226221561431885,6.767108917236328,9.570491790771484,7.5479230880737305,22.276866912841797,14.853711128234863,6.072955131530762,6.882943153381348,16.424196243286133,22.05942153930664,7.160165786743164,6.70015811920166,16.321195602416992,8.399243354797363,10.87014102935791,22.459440231323242,8.348708152770996,8.233449935913086,6.176929950714111,14.673226356506348,5.743250370025635,14.184026718139648,8.254301071166992,7.753413677215576,14.012068748474121,8.303873062133789,5.960299968719482,7.447458267211914,11.447025299072266,22.927576065063477,21.020153045654297,5.894007205963135
20.862384796142578,3.6272175312042236,6.045385837554932,21.083656311035156,5.145942211151123,0.0,15.997973442077637,14.844428062438965,19.70284652709961,4.896035194396973,3.701035976409912,5.108788967132568,21.689537048339844,7.178356647491455,3.3749735355377197,20.21390151977539,14.645487785339355,20.86041259765625,2.1160128116607666,3.168431043624878,2.8958425521850586,3.441007375717163,3.3719546794891357,7.545639514923096,6.362700462341309,14.94638729095459,20.322912216186523,2.6604628562927246,4.226134300231934,3.121659278869629,3.629399299621582,15.116003036499023,21.333147048950195,2.5214452743530273,6.913173198699951,2.449469566345215,4.7933807373046875,17.741737365722656,3.913712978363037,6.91376256942749,3.217052698135376,3.861629009246826,9.372030258178711,19.612136840820312,15.707645416259766,8.656255722045898,2.6980178356170654,1.993666648864746,21.968544006347656,21.79848861694336,6.782690525054932,3.481649875640869,3.7363853454589844,5.899825096130371,16.204954147338867,21.01892852783203,2.2172610759735107,22.115493774414062,6.062410354614258,10.196309089660645,18.853660583496094,4.648006916046143,22.503128051757812,20.336078643798828,9.402006149291992,2.353403329849243,14.32011604309082,3.022052049636841,3.1824965476989746,4.247922420501709,7.54355525970459,5.384470462799072,21.399478912353516,11.0648193359375,2.5280470848083496,3.728003740310669,14.377684593200684,21.603256225585938,4.269423484802246,3.955098867416382,16.99289321899414,6.805965900421143,8.674554824829102,21.45026969909668,6.266443252563477,6.846519947052002,3.6442389488220215,14.283466339111328,2.4149389266967773,11.809075355529785,5.7557549476623535,4.9720635414123535,12.423811912536621,5.459792137145996,4.634355068206787,4.485804557800293,10.90129566192627,21.96513557434082,20.235919952392578,3.415628433227539
26.193538665771484,15.951181411743164,16.34563446044922,26.196439743041992,16.518857955932617,15.997973442077637,0.4900125563144684,21.178102493286133,24.936105728149414,17.382959365844727,16.212369918823242,16.883901596069336,26.669639587402344,16.93399429321289,15.245532035827637,25.550600051879883,22.23365020751953,25.684335708618164,15.955140113830566,15.899435043334961,15.725566864013672,15.369032859802246,15.464689254760742,17.16184425354004,17.55055046081543,20.959360122680664,25.76628875732422,15.866559982299805,16.99745750427246,16.709209442138672,16.43349266052246,21.96800994873047,26.713722229003906,15.807378768920898,18.682659149169922,15.472193717956543,16.764657974243164,24.34439468383789,15.653162956237793,15.144742012023926,16.004180908203125,17.552696228027344,18.7993221282959,24.822614669799805,21.135547637939453,18.049917221069336,15.177970886230469,16.115365982055664,27.062761306762695,26.67339515686035,16.915843963623047,15.681714057922363,16.17819595336914,16.30989646911621,22.396806716918945,26.81328582763672,16.10794448852539,26.850269317626953,16.24296760559082,18.9350643157959,24.430015563964844,17.199310302734375,27.091880798339844,25.78436851501465,19.16510581970215,16.376909255981445,21.543867111206055,15.552501678466797,15.25705623626709,15.744417190551758,16.53018569946289,15.255373001098633,26.448328018188477,18.950838088989258,16.147451400756836,16.938430786132812,20.429216384887695,26.292972564697266,16.715776443481445,15.502260208129883,22.811485290527344,17.911277770996094,18.02874755859375,26.374874114990234,17.877017974853516,17.548295974731445,15.347766876220703,21.499658584594727,16.057937622070312,19.55137062072754,16.200807571411133,17.480688095092773,19.053333282470703,15.845553398132324,17.613649368286133,16.96756935119629,19.12225914001465,27.063573837280273,24.897790908813477,15.98027515411377
26.07756233215332,14.075026512145996,15.44880485534668,26.297243118286133,15.988044738769531,14.844428062438965,21.178102493286133,0.0,24.766633987426758,16.183137893676758,15.438302040100098,15.473495483398438,26.49244499206543,17.41685676574707,13.314657211303711,24.782909393310547,21.01080322265625,25.96150779724121,14.39706039428711,14.454065322875977,14.022972106933594,14.25993824005127,14.410537719726562,15.271766662597656,14.972126007080078,21.7027645111084,25.621110916137695,14.02402400970459,14.919649124145508,14.26452350616455,14.166019439697266,20.039657592773438,26.02327537536621,15.006452560424805,15.7399263381958,14.324095726013184,15.952997207641602,22.85945701599121,15.097373962402344,16.809938430786133,13.339395523071289,15.92501163482666,17.138484954833984,24.155309677124023,19.771169662475586,16.4346866607666,14.730634689331055,14.614283561706543,26.47496795654297,26.495574951171875,14.674056053161621,14.323273658752441,15.226879119873047,16.49917221069336,21.9633731842041,26.048452377319336,13.843225479125977,26.446073532104492,15.297593116760254,17.728055953979492,24.579235076904297,15.878786087036133,27.452966690063477,25.407373428344727,18.881319046020508,14.462066650390625,21.122764587402344,14.886404991149902,14.980669975280762,14.812959671020508,15.969793319702148,14.433575630187988,25.9086856842041,19.03327751159668,14.440518379211426,15.239799499511719,22.31207847595215,27.074466705322266,15.252728462219238,15.860610961914062,22.07839584350586,16.127546310424805,17.50693702697754,26.071149826049805,15.878170013427734,17.598731994628906,14.955452919006348,21.46161651611328,14.278770446777344,18.74971580505371,13.167186737060547,15.665600776672363,17.772808074951172,15.867368698120117,14.62569522857666,15.14188003540039,16.753633499145508,26.55350112915039,25.119585037231445,13.807295799255371
3.434760093688965,20.561115264892578,20.65125846862793,3.9117422103881836,20.70305824279785,19.70284652709961,24.936105728149414,24.766633987426758,0.1056133285164833,20.51142120361328,20.650882720947266,20.369739532470703,4.506525993347168,20.98212432861328,19.758657455444336,5.713694095611572,24.758991241455078,3.0667171478271484,19.46761131286621,19.712907791137695,19.847637176513672,19.842641830444336,20.05419921875,21.319162368774414,20.95704460144043,25.12514877319336,2.9990181922912598,19.507326126098633,19.938325881958008,19.991695404052734,20.07476234436035,25.125904083251953,3.2887330055236816,19.51504898071289,20.77210235595703,20.122159957885742,20.799455642700195,26.90793800354004,20.18637466430664,20.987911224365234,19.786556243896484,20.238563537597656,22.308536529541016,27.47007942199707,25.02802085876465,21.582889556884766,19.343841552734375,20.05443000793457,4.178840637207031,3.1841089725494385,20.610504150390625,20.229419708251953,20.255979537963867,21.019983291625977,24.995201110839844,3.1683902740478516,20.299741744995117,3.6750028133392334,20.91600799560547,22.111604690551758,3.471104860305786,20.84646987915039,4.240669250488281,3.5195159912109375,21.737098693847656,19.628366470336914,24.831392288208008,19.720077514648438,20.077192306518555,19.925174713134766,20.470531463623047,20.934999465942383,3.134117603302002,23.130281448364258,20.199190139770508,19.370635986328125,24.02080535888672,6.1870856285095215,20.102554321289062,19.722713470458984,25.874584197998047,20.85515785217285,21.527936935424805,3.5939877033233643,21.160064697265625,20.981552124023438,20.11446762084961,24.643207550048828,20.622371673583984,22.713167190551758,20.518314361572266,20.26348114013672,22.928333282470703,20.30531120300293,20.240615844726562,21.50750160217285,22.690608978271484,4.433949947357178,4.062060356140137,20.13210678100586
21.596561431884766,5.5646653175354,8.08495044708252,21.65070152282715,4.9981279373168945,4.896035194396973,17.382959365844727,16.183137893676758,20.51142120361328,0.15111181139945984,5.075168609619141,6.400742530822754,22.466110229492188,7.359377861022949,5.40866756439209,21.16259765625,15.483565330505371,21.749095916748047,4.330124378204346,6.005532741546631,5.072563171386719,5.089066505432129,5.352070331573486,11.126875877380371,8.737046241760254,16.013940811157227,21.009767532348633,4.765124797821045,5.0603556632995605,4.665431976318359,5.704990386962891,15.385400772094727,22.11887550354004,4.357657432556152,8.2916841506958,4.109224796295166,4.577218532562256,18.749814987182617,4.186465263366699,6.000988483428955,5.031586647033691,5.714599609375,10.290493965148926,19.691282272338867,14.93061351776123,8.022093772888184,4.94194221496582,4.136022567749023,22.59501075744629,22.720678329467773,6.972366809844971,4.2444844245910645,4.395904064178467,7.000047206878662,16.869932174682617,21.632675170898438,4.131192684173584,23.19522476196289,5.507409572601318,10.89350414276123,19.532541275024414,3.292489528656006,23.20801544189453,21.324674606323242,9.937058448791504,5.564246654510498,15.831165313720703,3.949535846710205,4.214818477630615,6.057711601257324,7.246260643005371,6.169345855712891,22.161664962768555,14.098221778869629,4.578392028808594,5.47313117980957,16.474817276000977,22.320274353027344,5.829278469085693,5.642496585845947,17.139312744140625,7.760649681091309,9.995068550109863,22.226333618164062,6.753875255584717,4.147152423858643,4.766871452331543,15.42737865447998,4.558096885681152,12.144241333007812,7.6067328453063965,6.722527503967285,12.955278396606445,6.235198974609375,6.105228900909424,6.1581549644470215,11.249382972717285,22.86321449279785,21.172346115112305,5.9181623458862305
21.992076873779297,4.999818801879883,7.505273342132568,22.30854606628418,6.666693687438965,3.701035976409912,16.212369918823242,15.438302040100098,20.650882720947266,5.075168609619141,0.0,4.523680210113525,22.614839553833008,7.3418378829956055,4.175798416137695,21.421175003051758,15.315214157104492,21.96291732788086,3.872469902038574,4.849398612976074,4.134338855743408,4.854185104370117,4.312338352203369,8.829048156738281,7.441327095031738,15.916336059570312,21.4529972076416,4.447118282318115,3.8660151958465576,3.8725194931030273,4.525939464569092,16.98655891418457,22.475561141967773,3.6179616451263428,7.318456172943115,3.6797304153442383,4.667294979095459,18.719209671020508,5.14033317565918,8.0299654006958,4.55345344543457,4.1033501625061035,10.42248821258545,19.843881607055664,15.815345764160156,8.148518562316895,3.7437832355499268,3.2259089946746826,23.092679977416992,22.883939743041992,6.945971965789795,4.3102593421936035,3.632887125015259,6.813369274139404,17.051395416259766,22.007400512695312,3.707120656967163,23.163972854614258,6.074273586273193,11.494780540466309,19.721986770629883,4.659176826477051,23.530174255371094,21.39115333557129,11.279038429260254,3.874682664871216,13.97726058959961,4.099498271942139,3.0037682056427,5.010426044464111,5.816995620727539,5.644205093383789,22.4635009765625,12.16112232208252,3.486398935317993,4.569031238555908,14.79574966430664,22.973535537719727,5.244434833526611,4.784042835235596,17.510055541992188,7.366407871246338,8.106779098510742,22.26569938659668,5.182287216186523,6.053973197937012,4.413506031036377,15.038128852844238,3.279808759689331,12.124475479125977,6.87089729309082,6.437526226043701,11.601180076599121,6.850477695465088,6.06267786026001,6.542418003082275,12.310317039489746,23.03648567199707,21.4488582611084,5.316427707672119
21.818161010742188,6.673809051513672,8.536334037780762,22.254480361938477,7.5317840576171875,5.108788967132568,16.883901596069336,15.473495483398438,20.369739532470703,6.400742530822754,4.523680210113525,0.0,22.308073043823242,7.937047004699707,5.308437824249268,21.668315887451172,16.94036865234375,21.623544692993164,4.761031150817871,4.939859390258789,4.520701885223389,5.970548152923584,6.106411933898926,8.27642822265625,6.530812740325928,16.818687438964844,21.27479362487793,5.525299072265625,5.714593887329102,5.316896438598633,5.295247554779053,16.168697357177734,22.256216049194336,4.6997599601745605,9.291646957397461,5.350901126861572,6.209123611450195,19.025033950805664,6.60174560546875,8.937006950378418,5.069086074829102,4.254868030548096,10.005133628845215,20.02745246887207,16.03940200805664,10.9271240234375,4.653091907501221,4.8562493324279785,22.90920639038086,22.792455673217773,9.15202522277832,5.905449867248535,5.322536945343018,7.698184013366699,17.487119674682617,21.791677474975586,4.955581188201904,22.993873596191406,7.329872131347656,11.422173500061035,19.548206329345703,6.384727954864502,23.472423553466797,21.3677978515625,9.973336219787598,5.181232452392578,14.824463844299316,5.680805683135986,4.875356197357178,4.701551914215088,6.30880069732666,5.791931629180908,22.256587982177734,13.15964412689209,4.525485992431641,4.596339225769043,15.388797760009766,22.541488647460938,5.715529441833496,4.667281627655029,18.834875106811523,7.414261817932129,8.503873825073242,22.09217071533203,7.145210266113281,7.320109844207764,5.011324882507324,16.26418113708496,4.760132312774658,14.987054824829102,7.4186553955078125,7.526100158691406,11.521492958068848,7.422900199890137,7.545476913452148,7.425480842590332,11.534968376159668,22.910106658935547,21.328022003173828,6.4289021492004395
4.167018413543701,22.629636764526367,22.836984634399414,5.011507034301758,22.574750900268555,21.689537048339844,26.669639587402344,26.49244499206543,4.506525993347168,22.466110229492188,22.614839553833008,22.308073043823242,0.0,23.164827346801758,21.846765518188477,7.447263240814209,26.475786209106445,3.6730923652648926,21.39288902282715,21.655460357666016,21.68421173095703,21.703460693359375,21.76190757751465,23.403465270996094,23.017250061035156,25.936927795410156,3.7254855632781982,21.446277618408203,21.7305908203125,21.99786376953125,22.19350814819336,26.06843376159668,3.9814021587371826,21.557048797607422,22.696191787719727,22.12592124938965,22.434709548950195,28.444095611572266,22.000774383544922,23.291065216064453,21.68193244934082,21.920154571533203,23.715221405029297,28.807844161987305,26.75634002685547,22.910972595214844,21.20705223083496,22.025360107421875,4.746455192565918,5.110465049743652,22.637142181396484,22.276933670043945,22.32901382446289,22.56232452392578,25.860286712646484,4.338076591491699,22.17953872680664,4.2978515625,22.885826110839844,24.05034065246582,3.2415261268615723,22.468971252441406,5.165058135986328,5.1246843338012695,24.283288955688477,21.61526107788086,26.492111206054688,21.65689468383789,21.98753547668457,21.901363372802734,22.167922973632812,22.323257446289062,2.824486255645752,24.284318923950195,22.05691146850586,21.479084014892578,24.970478057861328,6.958337306976318,22.359148025512695,22.203035354614258,27.19314193725586,22.278894424438477,23.071027755737305,2.6802284717559814,22.586894989013672,22.634489059448242,21.971149444580078,26.967994689941406,22.446378707885742,24.704177856445312,22.38313102722168,22.629758834838867,25.115821838378906,22.185012817382812,22.20417022705078,23.409826278686523,23.86041259765625,4.716955184936523,5.361694812774658,21.90073585510254
21.933095932006836,6.784405708312988,8.595613479614258,22.138174057006836,8.311437606811523,7.178356647491455,16.93399429321289,17.41685676574707,20.98212432861328,7.359377861022949,7.3418378829956055,7.937047004699707,23.164827346801758,0.0,7.137226581573486,22.064870834350586,14.958281517028809,21.927265167236328,6.81682014465332,7.071298122406006,7.426337242126465,8.538601875305176,8.236536026000977,9.970212936401367,8.211596488952637,16.112653732299805,21.60196304321289,6.616809844970703,8.247404098510742,6.932618141174316,7.265227317810059,15.647642135620117,22.49240493774414,6.678100109100342,11.216567039489746,6.813648223876953,7.0646233558654785,18.13719940185547,7.510159492492676,8.985145568847656,7.2553629875183105,8.492743492126465,14.384156227111816,20.634246826171875,15.944890022277832,11.808442115783691,7.60071325302124,6.986248016357422,23.243541717529297,23.088043212890625,9.0028715133667,7.522852420806885,6.163876056671143,8.314035415649414,17.856220245361328,22.252105712890625,6.9540557861328125,23.491121292114258,8.78735637664795,13.451363563537598,20.37967872619629,7.0142083168029785,23.610794067382812,22.057104110717773,11.489392280578613,7.707345485687256,15.032986640930176,6.820194721221924,6.523362159729004,5.619400501251221,9.48907470703125,9.162593841552734,22.87973403930664,14.761856079101562,7.2574663162231445,8.457159996032715,17.199064254760742,22.295377731323242,6.528635025024414,7.453014373779297,18.833118438720703,9.932377815246582,9.699758529663086,22.91061019897461,9.813624382019043,9.310593605041504,7.249568462371826,18.417924880981445,7.090693473815918,12.894895553588867,8.870046615600586,7.024449348449707,13.245035171508789,9.647089004516602,8.255912780761719,8.739243507385254,14.656937599182129,23.606441497802734,22.08949089050293,7.668910503387451
20.94492530822754,3.4049179553985596,5.530969619750977,21.311927795410156,6.415058135986328,3.3749735355377197,15.245532035827637,13.314657211303711,19.758657455444336,5.40866756439209,4.175798416137695,5.308437824249268,21.846765518188477,7.137226581573486,0.0,20.189437866210938,15.908119201660156,21.008819580078125,2.965210199356079,4.555568695068359,3.041658401489258,4.412036895751953,3.930297613143921,7.877754211425781,6.679880142211914,14.900450706481934,20.503273010253906,2.885132074356079,4.31626558303833,2.866037368774414,3.721255302429199,15.341476440429688,21.40241241455078,2.592918634414673,7.330977439880371,2.3002498149871826,5.638587474822998,18.10887336730957,4.68329381942749,7.281443119049072,3.6030304431915283,4.890085697174072,10.219414710998535,18.930561065673828,14.528342247009277,8.758156776428223,2.8743159770965576,2.557443618774414,21.978673934936523,21.831998825073242,6.0129923820495605,3.046182870864868,3.305363178253174,6.2157301902771,16.270545959472656,21.048412322998047,2.860424041748047,22.241161346435547,5.144629955291748,9.902158737182617,19.057710647583008,4.92157506942749,22.48223114013672,20.54392433166504,10.137507438659668,2.8045096397399902,13.801533699035645,2.7721915245056152,3.357496500015259,4.174682140350342,7.044933795928955,5.316986083984375,21.453292846679688,12.304801940917969,3.1552703380584717,4.6373162269592285,14.622064590454102,21.851533889770508,3.7418434619903564,4.429188251495361,17.451854705810547,7.54452657699585,9.74838638305664,21.481971740722656,6.636659622192383,6.949584007263184,4.059034824371338,15.356780052185059,3.321869134902954,11.316377639770508,5.3160719871521,5.125729560852051,10.98632526397705,5.632534980773926,6.146602630615234,5.546665191650391,10.822067260742188,22.005197525024414,20.463533401489258,3.713897943496704
5.851231098175049,20.751876831054688,20.192890167236328,5.127071857452393,21.159093856811523,20.21390151977539,25.550600051879883,24.782909393310547,5.713694095611572,21.16259765625,21.421175003051758,21.668315887451172,7.447263240814209,22.064870834350586,20.189437866210938,0.515565812587738,25.556072235107422,6.1113152503967285,20.11272430419922,20.466398239135742,20.356950759887695,19.968828201293945,20.25119400024414,21.85696792602539,21.341922760009766,25.03037452697754,5.3996357917785645,19.941043853759766,20.213220596313477,20.53243064880371,20.4355525970459,26.183324813842773,5.449553489685059,19.956348419189453,20.78510093688965,20.5277099609375,21.408260345458984,27.773347854614258,20.460304260253906,20.97907829284668,20.317537307739258,21.117467880249023,22.432519912719727,27.968870162963867,25.07278823852539,21.69530487060547,19.898527145385742,20.47494888305664,5.373384475708008,4.741585731506348,20.308927536010742,20.439266204833984,20.819927215576172,21.228939056396484,24.41168785095215,6.007911682128906,20.82025146484375,6.01384162902832,21.355552673339844,22.62333869934082,6.7480387687683105,21.19632911682129,5.700328350067139,3.943366527557373,21.963125228881836,19.97863006591797,25.228591918945312,20.039854049682617,20.887420654296875,21.17777442932129,21.747900009155273,21.952259063720703,5.595154762268066,23.23284912109375,20.774831771850586,19.994434356689453,23.614591598510742,7.821073532104492,20.671123504638672,20.60711097717285,26.459102630615234,22.09208106994629,23.045391082763672,5.851067066192627,21.482954025268555,21.779449462890625,20.908302307128906,25.19523811340332,21.231752395629883,22.233781814575195,20.66546058654785,20.352039337158203,24.61636734008789,20.631258010864258,20.2549991607666,21.485944747924805,23.276931762695312,4.210875988006592,5.145837783813477,20.176895141601562
25.50162124633789,15.205388069152832,17.835206985473633,25.055200576782227,15.162671089172363,14.645487785339355,22.23365020751953,21.01080322265625,24.758991241455078,15.483565330505371,15.315214157104492,16.94036865234375,26.475786209106445,14.958281517028809,15.908119201660156,25.556072235107422,0.0,25.71491050720215,15.046337127685547,15.10324478149414,15.656352043151855,15.648943901062012,15.146599769592285,17.132511138916016,17.53325653076172,22.056007385253906,24.66445541381836,14.836718559265137,15.664137840270996,15.337239265441895,16.379831314086914,21.856637954711914,25.4576416015625,15.441341400146484,15.11794662475586,15.372014045715332,15.145442962646484,23.279605865478516,15.77802562713623,16.95030403137207,15.639724731445312,15.502360343933105,17.424070358276367,24.313037872314453,20.679784774780273,15.777926445007324,15.912221908569336,14.872746467590332,26.203386306762695,26.405986785888672,16.176136016845703,15.472521781921387,15.609633445739746,17.123334884643555,21.730546951293945,25.892105102539062,15.194098472595215,26.718517303466797,16.4073543548584,18.72907066345215,24.211637496948242,16.053451538085938,26.676610946655273,25.296730041503906,18.71575927734375,15.078418731689453,21.397239685058594,15.573371887207031,14.583937644958496,14.498577117919922,18.22318458557129,16.170944213867188,26.231914520263672,18.4719181060791,15.647834777832031,15.851036071777344,21.091970443725586,25.81945037841797,15.837174415588379,15.719575881958008,22.75684928894043,16.864547729492188,16.633249282836914,26.47332191467285,17.117219924926758,17.51943016052246,16.158185958862305,21.29970359802246,15.441400527954102,19.527812957763672,16.21450424194336,15.089410781860352,19.165199279785156,15.140918731689453,15.450063705444336,16.26042366027832,18.857114791870117,26.688737869262695,24.74081802368164,15.932995796203613
2.5759222507476807,21.72937774658203,21.71836280822754,3.3149819374084473,21.68170166015625,20.86041259765625,25.684335708618164,25.96150779724121,3.0667171478271484,21.749095916748047,21.96291732788086,21.623544692993164,3.6730923652648926,21.927265167236328,21.008819580078125,6.1113152503967285,25.71491050720215,0.7235530614852905,20.660018920898438,20.666004180908203,20.993623733520508,20.985326766967773,21.206375122070312,22.50798797607422,21.822111129760742,25.399656295776367,2.385551691055298,20.645090103149414,21.18951988220215,21.246747970581055,21.321752548217773,25.52800750732422,2.758559226989746,20.74489402770996,22.1588134765625,21.34364891052246,21.787748336791992,27.524423599243164,21.146303176879883,22.065277099609375,20.83573341369629,21.443145751953125,23.445541381835938,28.306270599365234,26.058990478515625,22.650407791137695,20.54534149169922,21.29267692565918,3.517204523086548,3.5008978843688965,21.909730911254883,21.46233367919922,21.535024642944336,21.901683807373047,25.466970443725586,3.6610419750213623,21.45148277282715,3.6826305389404297,22.237743377685547,23.53145408630371,3.819952964782715,21.88800048828125,3.9739561080932617,3.6665310859680176,23.164520263671875,20.84001350402832,25.661104202270508,20.834720611572266,21.303346633911133,21.144582748413086,21.783723831176758,22.027328491210938,2.6131439208984375,24.12799835205078,21.392215728759766,20.70256805419922,24.694538116455078,4.835539817810059,21.43204116821289,21.161556243896484,27.400896072387695,22.077789306640625,22.524799346923828,3.4365365505218506,22.19352149963379,22.271509170532227,21.295429229736328,25.754152297973633,21.75213623046875,23.90266227722168,21.535511016845703,21.486482620239258,24.705825805664062,21.647472381591797,21.220256805419922,22.575654983520508,23.552492141723633,4.054100513458252,4.46879768371582,21.128299713134766
20.59559440612793,3.814171314239502,6.38057279586792,20.866287231445312,5.392946243286133,2.1160128116607666,15.955140113830566,14.39706039428711,19.46761131286621,4.330124378204346,3.872469902038574,4.761031150817871,21.39288902282715,6.81682014465332,2.965210199356079,20.11272430419922,15.046337127685547,20.660018920898438,0.04764183983206749,3.706148147583008,1.9948056936264038,3.3279924392700195,3.199442148208618,7.5490946769714355,6.542416572570801,15.052447319030762,20.106796264648438,1.7759441137313843,4.176854133605957,2.2198925018310547,3.2360451221466064,14.898454666137695,21.089086532592773,2.387521266937256,6.833225250244141,1.8495088815689087,4.122062683105469,17.90220069885254,3.7933332920074463,7.0184149742126465,2.953861951828003,4.3906683921813965,10.108829498291016,19.320232391357422,15.506916046142578,8.252483367919922,2.4920730590820312,1.7166818380355835,21.685171127319336,21.60757827758789,5.986905097961426,2.7427124977111816,2.7734322547912598,5.26011848449707,16.03196144104004,20.67495346069336,1.524349331855774,21.937795639038086,4.739131927490234,9.666291236877441,18.591001510620117,3.994882822036743,22.26482582092285,20.301340103149414,9.346541404724121,2.55981707572937,15.324464797973633,2.7590765953063965,2.741882562637329,3.4574167728424072,6.716824531555176,4.246060848236084,21.133182525634766,11.797836303710938,2.598245143890381,3.4812967777252197,14.274497032165527,21.330791473388672,4.08022403717041,4.234579086303711,17.05982780456543,5.824271202087402,8.359885215759277,21.211462020874023,6.757943153381348,6.253437042236328,2.8554885387420654,15.256204605102539,1.9095964431762695,11.74548625946045,5.056700706481934,4.9225921630859375,11.90312671661377,5.286392688751221,4.825247764587402,4.5329365730285645,10.540329933166504,21.82600212097168,20.140575408935547,3.461752414703369
20.802433013916016,4.989766597747803,7.058143138885498,21.11130714416504,4.863617897033691,3.168431043624878,15.899435043334961,14.454065322875977,19.712907791137695,6.005532741546631,4.849398612976074,4.939859390258789,21.655460357666016,7.071298122406006,4.555568695068359,20.466398239135742,15.10324478149414,20.666004180908203,3.706148147583008,0.10709289461374283,3.878366708755493,4.680172920227051,4.9992804527282715,7.69100284576416,5.061968803405762,15.506765365600586,20.308727264404297,4.188368320465088,5.764646530151367,4.412529468536377,4.647785186767578,15.285901069641113,21.338430404663086,4.406921863555908,8.835148811340332,4.185164928436279,5.554143905639648,18.54325294494629,4.651705265045166,7.146581649780273,2.8949055671691895,5.1782989501953125,10.037793159484863,19.29749298095703,16.459766387939453,9.886821746826172,4.176804065704346,4.07434606552124,21.997629165649414,21.888713836669922,8.316976547241211,4.915495872497559,5.078695297241211,6.399666786193848,15.969829559326172,21.085859298706055,3.5871715545654297,22.100797653198242,7.5421342849731445,11.638808250427246,18.86729621887207,5.78017520904541,22.62311363220215,20.379573822021484,10.582477569580078,4.118474006652832,14.19189739227295,4.661703586578369,4.3031392097473145,4.834753513336182,8.16386890411377,5.910933017730713,21.379531860351562,12.783167839050293,4.029471397399902,4.9806342124938965,15.46087646484375,21.293184280395508,5.489643573760986,5.183403491973877,17.887577056884766,7.245100975036621,7.748790264129639,21.474872589111328,7.225536823272705,8.150517463684082,4.177978038787842,14.523834228515625,3.5480475425720215,13.164308547973633,5.527530670166016,6.0364460945129395,13.426010131835938,7.599694728851318,4.56071138381958,5.873175144195557,11.197930335998535,22.068864822387695,20.253725051879883,4.041339874267578
21.03384780883789,4.0212883949279785,6.876689434051514,21.284873962402344,6.150448799133301,2.8958425521850586,15.725566864013672,14.022972106933594,19.847637176513672,5.072563171386719,4.134338855743408,4.520701885223389,21.68421173095703,7.426337242126465,3.041658401489258,20.356950759887695,15.656352043151855,20.993623733520508,1.9948056936264038,3.878366708755493,0.15807044506072998,3.111870527267456,2.9167444705963135,7.015148639678955,5.7430830001831055,14.956695556640625,20.495389938354492,2.7282891273498535,3.628359794616699,3.430799961090088,3.3469786643981934,15.534165382385254,21.452119827270508,2.8138532638549805,7.951143741607666,2.458655834197998,4.234021186828613,17.976024627685547,3.6017980575561523,7.4121832847595215,2.9931936264038086,4.517420768737793,9.257712364196777,19.287822723388672,14.64584732055664,8.498634338378906,2.4582297801971436,2.1919023990631104,22.088586807250977,21.96167755126953,6.781052112579346,3.484417676925659,3.1562862396240234,4.643807411193848,15.36981201171875,21.090429306030273,2.1681432723999023,22.312143325805664,5.638980865478516,9.943774223327637,18.913372039794922,4.193487644195557,22.600357055664062,20.566450119018555,9.40440559387207,2.410722494125366,15.449090957641602,3.3105154037475586,3.114844560623169,3.980189085006714,6.951493740081787,4.030521392822266,21.46177101135254,11.7014741897583,2.921654462814331,3.442561149597168,14.258395195007324,21.775365829467773,3.9462344646453857,4.609512805938721,17.422513961791992,6.510624408721924,8.066638946533203,21.418643951416016,6.3245439529418945,6.27140474319458,2.51896333694458,15.63975715637207,2.4020471572875977,12.048540115356445,4.19197416305542,5.5240020751953125,12.046896934509277,5.094761371612549,4.854569911956787,4.63008451461792,10.613593101501465,22.013540267944336,20.470365524291992,3.0106444358825684
