0.494476318359375,21.96015739440918,20.70987892150879,1.956497073173523,21.74460792541504,21.279422760009766,21.994810104370117,21.468538284301758,2.4578354358673096,22.0474910736084,21.309654235839844,21.76253318786621,2.173693895339966,22.35381507873535,21.8568058013916,2.742170810699463,21.7056827545166,2.1667473316192627,20.997970581054688,21.215932846069336,21.943069458007812,21.355735778808594,21.783302307128906,21.80755615234375,21.618600845336914,21.132823944091797,1.6785879135131836,21.359256744384766,21.427385330200195,21.695676803588867,22.08109474182129,22.765775680541992,2.536332607269287,21.391569137573242,21.731592178344727,22.044647216796875,21.529630661010742,25.39293098449707,21.867717742919922,21.490367889404297,21.765169143676758,21.782617568969727,21.88612174987793,21.94818878173828,27.989238739013672,21.958240509033203,21.591121673583984,21.735218048095703,2.2393887042999268,2.706470251083374,21.682924270629883,21.669588088989258,21.45322608947754,21.818138122558594,21.37175178527832,2.8094491958618164,23.436853408813477,3.2944581508636475,21.94406509399414,21.474905014038086,2.8996481895446777,21.527690887451172,5.5281596183776855,2.2355287075042725,21.482955932617188,21.473844528198242,21.79975128173828,21.10181427001953,22.369382858276367,21.45916175842285,21.759035110473633,22.24463653564453,2.3703761100769043,21.106088638305664,21.50029754638672,21.821346282958984,22.010784149169922,2.1795475482940674,21.691349029541016,21.707141876220703,21.29803466796875,21.693805694580078,21.407180786132812,3.233426570892334,23.639371871948242,21.693021774291992,21.631032943725586,21.932226181030273,21.87929916381836,22.842443466186523,22.1605167388916,21.3691463470459,21.812604904174805,21.644887924194336,21.975305557250977,21.913570404052734,26.92647933959961,2.384963274002075,3.2653353214263916,21.186767578125
21.96015739440918,0.17562927305698395,1.6960740089416504,20.10223960876465,0.7283689975738525,1.4931720495224,3.8236145973205566,1.2745296955108643,21.556867599487305,0.6080699563026428,0.7732981443405151,0.6944190263748169,22.706663131713867,2.5318474769592285,1.2045873403549194,23.36449432373047,2.278245210647583,22.35628890991211,1.4151883125305176,1.1996798515319824,0.7523728013038635,1.5140876770019531,0.9212002754211426,1.0740171670913696,0.4339059591293335,1.080683708190918,20.97089195251465,1.0028369426727295,1.5360344648361206,1.1443153619766235,1.4164607524871826,2.07788348197937,22.661293029785156,0.783010721206665,1.328095555305481,1.0389982461929321,1.5469927787780762,14.491016387939453,1.8674356937408447,0.9347922205924988,1.0230562686920166,1.4637359380722046,1.0048785209655762,2.9453072547912598,18.256738662719727,1.830492377281189,1.4070242643356323,0.7540782690048218,21.091304779052734,22.135303497314453,0.9354224801063538,1.4407259225845337,0.7223909497261047,1.8538979291915894,2.1739501953125,21.112215042114258,9.86587142944336,21.71881675720215,0.6127352118492126,0.9614931344985962,21.170101165771484,1.5396355390548706,19.786392211914062,20.143199920654297,0.9965120553970337,1.3933955430984497,1.131177306175232,1.5459986925125122,1.3880618810653687,2.345046043395996,0.8973987698554993,1.032665729522705,22.991945266723633,2.021768808364868,1.076305627822876,0.8143770098686218,2.0159993171691895,20.5612735748291,2.881228446960449,1.269499659538269,2.248476505279541,2.258641481399536,2.4990739822387695,22.98815155029297,8.822332382202148,1.0751460790634155,1.0089218616485596,2.97949481010437,1.0858250856399536,8.029646873474121,2.767148971557617,2.21423602104187,1.744541883468628,1.1794594526290894,1.3065179586410522,0.3658422529697418,14.891276359558105,20.65188217163086,23.331214904785156,1.2481828927993774
20.70987892150879,1.6960740089416504,0.0,18.83390235900879,1.1809455156326294,1.0541023015975952,3.155796527862549,0.8508319854736328,20.186582565307617,1.6282199621200562,1.1370739936828613,1.2054072618484497,21.36724281311035,3.6988792419433594,1.219452142715454,22.128225326538086,1.5286438465118408,21.00617790222168,0.502365231513977,1.3808162212371826,1.5234318971633911,1.5443264245986938,1.2122937440872192,1.1974316835403442,1.4148472547531128,0.8132889866828918,19.657230377197266,0.9759119153022766,0.8508533239364624,1.1375963687896729,2.057990789413452,3.085876703262329,21.3017520904541,1.0784363746643066,1.8807812929153442,1.924304485321045,2.2095820903778076,14.840449333190918,2.0293662548065186,1.048124074935913,1.3007651567459106,1.8598194122314453,1.3539996147155762,3.567814826965332,18.097761154174805,2.5530076026916504,1.4140698909759521,1.279990315437317,19.7523136138916,20.782812118530273,1.1071501970291138,1.3646429777145386,1.1956487894058228,2.382755994796753,2.673288583755493,19.782041549682617,9.263895988464355,20.319318771362305,1.6656363010406494,0.9815794229507446,19.802207946777344,1.2349685430526733,18.642108917236328,18.86279296875,0.9319696426391602,0.820906937122345,1.1659375429153442,0.9582123756408691,1.8867814540863037,1.562162160873413,1.3575469255447388,1.6749296188354492,21.694656372070312,2.024691343307495,1.579904317855835,1.4863518476486206,1.9575550556182861,19.235361099243164,2.294154167175293,1.0694478750228882,1.3346261978149414,1.7277237176895142,2.1938986778259277,21.623729705810547,8.572774887084961,1.3699079751968384,0.9546806216239929,2.3495595455169678,1.2070339918136597,9.05079174041748,3.90761137008667,2.077230930328369,1.5168728828430176,1.3000134229660034,1.8451781272888184,1.4511035680770874,14.274439811706543,19.38240623474121,22.04033851623535,0.6845355033874512
1.956497073173523,20.10223960876465,18.83390235900879,0.0,19.877790451049805,19.392669677734375,20.1126708984375,19.598356246948242,2.4493963718414307,20.177295684814453,19.441753387451172,19.89666748046875,3.073044776916504,20.560462951660156,19.989328384399414,3.875598430633545,19.817501068115234,2.718188762664795,19.119558334350586,19.367050170898438,20.077760696411133,19.50177574157715,19.919431686401367,19.927980422973633,19.759363174438477,19.267932891845703,1.3083488941192627,19.496519088745117,19.557538986206055,19.82274055480957,20.22951889038086,20.902517318725586,3.3366281986236572,19.528564453125,19.858654022216797,20.17081642150879,19.67676544189453,24.165117263793945,20.03068733215332,19.631689071655273,19.891883850097656,19.911056518554688,20.02661895751953,20.099788665771484,26.690736770629883,20.14225959777832,19.735515594482422,19.86590576171875,2.065612316131592,2.9287030696868896,19.80498504638672,19.779136657714844,19.594642639160156,19.975717544555664,19.543527603149414,2.437725305557251,21.748939514160156,3.2138681411743164,20.077922821044922,19.61241912841797,2.59686017036438,19.666276931762695,4.929885387420654,1.261803388595581,19.613201141357422,19.60030746459961,19.926753997802734,19.230743408203125,20.506715774536133,19.565868377685547,19.89388656616211,20.367626190185547,3.316417694091797,19.272768020629883,19.636911392211914,19.954866409301758,20.150985717773438,1.3555138111114502,19.799152374267578,19.827722549438477,19.395856857299805,19.787477493286133,19.52984619140625,4.018413066864014,21.99272918701172,19.818626403808594,19.758955001831055,20.041601181030273,20.000591278076172,21.243898391723633,20.34206771850586,19.532459259033203,19.945648193359375,19.77680015563965,20.117517471313477,20.05115509033203,25.269489288330078,1.9124236106872559,4.071744441986084,19.316680908203125
21.74460792541504,0.7283689975738525,1.1809455156326294,19.877790451049805,0.0,1.0580098628997803,3.4202849864959717,0.78763747215271,21.276874542236328,0.663700520992279,0.7804219126701355,0.01746928133070469,22.443729400634766,3.0709002017974854,0.7102369070053101,23.15329933166504,1.6064521074295044,22.089797973632812,0.9642238020896912,1.0210380554199219,0.5657256245613098,1.3463082313537598,0.5768864750862122,0.5587132573127747,0.6016037464141846,0.7966619729995728,20.720510482788086,0.6917675137519836,0.882451593875885,0.6666052937507629,1.2954682111740112,2.2399303913116455,22.38292121887207,0.735978364944458,1.2640129327774048,1.1077301502227783,1.8873605728149414,14.707404136657715,1.7643238306045532,0.5252889394760132,0.6777217388153076,1.478449821472168,0.5820083022117615,3.1820640563964844,17.906391143798828,1.9653979539871216,1.2435150146484375,0.4144722819328308,20.828689575195312,21.861743927001953,0.5797557830810547,1.1555206775665283,0.48033374547958374,2.01678204536438,2.269914388656616,20.854778289794922,9.518136978149414,21.42003631591797,0.6768078207969666,0.43802937865257263,20.900733947753906,1.0137226581573486,19.620569229125977,19.9165096282959,0.3572724163532257,0.806316614151001,0.6376945376396179,1.102583646774292,1.2381503582000732,1.8504382371902466,0.6529867053031921,0.8304112553596497,22.744977951049805,1.9461437463760376,1.2702679634094238,0.9087479710578918,1.736803650856018,20.301048278808594,2.417085886001587,0.8290296792984009,1.6971341371536255,1.8495619297027588,2.151780128479004,22.71796989440918,8.64912223815918,0.8392212390899658,0.40234848856925964,2.4355273246765137,0.5391756892204285,8.61917495727539,3.204318046569824,2.101808547973633,1.2962747812271118,0.6035598516464233,1.3798023462295532,0.4131217300891876,14.545393943786621,20.40972900390625,23.097896575927734,0.7063186764717102
21.279422760009766,1.4931720495224,1.0541023015975952,19.392669677734375,1.0580098628997803,0.10368592292070389,3.573399782180786,1.2149877548217773,20.776330947875977,1.2722889184951782,0.9951023459434509,1.0572243928909302,21.94080924987793,3.91194224357605,1.377442717552185,22.61443328857422,1.5916446447372437,21.565141677856445,0.6880948543548584,1.4651315212249756,1.3917807340621948,2.0168581008911133,1.420032024383545,0.8625750541687012,1.227133870124817,1.2639899253845215,20.234634399414062,1.123055338859558,1.313935399055481,1.2571511268615723,2.121133804321289,2.2418386936187744,21.906763076782227,1.2676514387130737,1.3564274311065674,1.1373368501663208,1.964611291885376,15.435385704040527,2.5212554931640625,1.3877300024032593,0.8223711848258972,1.8743284940719604,1.5554227828979492,2.9098901748657227,18.07320785522461,2.9557087421417236,1.7949367761611938,0.8834323287010193,20.35492706298828,21.347137451171875,0.8739006519317627,0.6196348667144775,1.2249270677566528,2.7460575103759766,2.859245538711548,20.308414459228516,9.983838081359863,20.925048828125,1.1425447463989258,1.1071746349334717,20.398103713989258,1.6985794305801392,19.094669342041016,19.45204734802246,0.8303216695785522,1.1131904125213623,1.2720940113067627,0.904954195022583,1.8412277698516846,1.7755275964736938,1.0889710187911987,1.1108509302139282,22.198453903198242,2.6572086811065674,1.4228471517562866,1.3078064918518066,2.046060800552368,19.802310943603516,1.8447599411010742,1.0313711166381836,0.9823684692382812,1.2752066850662231,2.254023551940918,22.25353240966797,9.391985893249512,0.773594081401825,0.9632570147514343,2.046400547027588,0.9145861268043518,8.874186515808105,3.3685500621795654,2.502976894378662,1.5447742938995361,1.0310558080673218,2.1227481365203857,1.2858573198318481,14.222723960876465,19.9045352935791,22.529504776000977,0.8250334858894348
21.994810104370117,3.8236145973205566,3.155796527862549,20.1126708984375,3.4202849864959717,3.573399782180786,0.07204093039035797,2.987107753753662,21.27510643005371,3.482053756713867,3.695200204849243,3.504925012588501,22.541318893432617,4.982001781463623,3.042184829711914,23.599021911621094,2.429738998413086,22.132118225097656,3.3509511947631836,4.2159271240234375,3.334908962249756,2.958444595336914,3.0607032775878906,3.1133296489715576,3.8963024616241455,3.1959564685821533,20.86066436767578,3.6226279735565186,2.8577373027801514,2.8079593181610107,3.423252820968628,5.337363243103027,22.411685943603516,3.4310269355773926,3.900665283203125,4.1683735847473145,4.702802658081055,15.956220626831055,3.4812111854553223,3.2768967151641846,3.711766004562378,2.9131948947906494,3.1421990394592285,6.215760231018066,19.41683006286621,3.9481096267700195,3.3706166744232178,3.699315071105957,20.919090270996094,21.77144432067871,3.135706663131714,3.40558123588562,3.6931893825531006,3.11645770072937,4.270997524261475,21.082778930664062,6.8352532386779785,21.220426559448242,3.968900203704834,3.532127618789673,20.88370704650879,2.79244327545166,20.445873260498047,20.153257369995117,3.4661669731140137,2.973881721496582,2.787419080734253,3.82885479927063,3.462540626525879,1.8649035692214966,3.8156023025512695,3.596081495285034,23.028484344482422,3.309002637863159,4.000518321990967,3.657081127166748,3.7262022495269775,20.468759536743164,4.143134117126465,2.941744089126587,2.95906662940979,2.786276340484619,2.909022569656372,22.667037963867188,7.066383361816406,3.864617347717285,3.1699604988098145,3.8036904335021973,3.098921537399292,11.55558967590332,6.449182987213135,4.133603096008301,3.5480775833129883,3.642347812652588,2.827758312225342,3.598862886428833,14.409229278564453,20.835250854492188,23.39447784423828,3.510842800140381
21.468538284301758,1.2745296955108643,0.8508319854736328,19.598356246948242,0.78763747215271,1.2149877548217773,2.987107753753662,0.02435539849102497,20.939632415771484,1.2617300748825073,1.0604933500289917,0.7680426836013794,22.120553970336914,3.3442628383636475,0.4352007806301117,22.89283561706543,1.4660515785217285,21.7681884765625,0.7565624713897705,1.3302996158599854,1.189610242843628,1.4639743566513062,0.5397979617118835,0.8926069736480713,1.1617556810379028,0.8090583086013794,20.416431427001953,0.6415978670120239,0.5263209939002991,0.8093612194061279,1.812093734741211,2.8294951915740967,22.049528121948242,0.7484266757965088,1.9180622100830078,1.72933030128479,1.9672753810882568,14.533397674560547,1.3900275230407715,0.6726396083831787,0.9345769286155701,1.6971908807754517,0.7679743766784668,3.4611828327178955,18.243162155151367,2.206225633621216,0.7601621747016907,0.9730032682418823,20.495983123779297,21.561161041259766,0.7707806825637817,1.2137937545776367,1.0490326881408691,2.112427234649658,2.7534396648406982,20.536211013793945,9.160149574279785,21.07962417602539,1.3955429792404175,0.6351351141929626,20.539226531982422,1.0269594192504883,19.34852409362793,19.60340690612793,0.7402382493019104,0.2871758043766022,0.6688048839569092,1.017221450805664,1.0797946453094482,1.5804673433303833,0.9293027520179749,1.137047529220581,22.468965530395508,2.0069785118103027,1.26738703250885,0.9415825009346008,1.3488049507141113,19.996843338012695,2.224818468093872,0.48980817198753357,1.5090759992599487,1.6993130445480347,2.403468132019043,22.348669052124023,8.260274887084961,1.1120684146881104,0.45634421706199646,2.188891649246216,0.7663769721984863,8.939973831176758,3.8654048442840576,1.6713972091674805,0.9972859621047974,1.2141731977462769,1.3342546224594116,0.9472293853759766,14.058725357055664,20.15195655822754,22.798694610595703,0.6882375478744507
2.4578354358673096,21.556867599487305,20.186582565307617,2.4493963718414307,21.276874542236328,20.776330947875977,21.27510643005371,20.939632415771484,0.0,21.614185333251953,20.884550094604492,21.29475212097168,1.410042643547058,22.134933471679688,21.3266544342041,3.830336570739746,21.084247589111328,0.9957796931266785,20.489831924438477,20.793853759765625,21.50311851501465,20.91911506652832,21.29334831237793,21.307891845703125,21.21009635925293,20.676645278930664,1.3145793676376343,20.883203506469727,20.878074645996094,21.19835662841797,21.665355682373047,22.385770797729492,1.3345319032669067,20.943748474121094,21.337108612060547,21.629444122314453,21.14444923400879,25.347145080566406,21.354801177978516,21.02273178100586,21.275341033935547,21.351116180419922,21.39883804321289,21.603883743286133,27.58867835998535,21.593534469604492,21.079967498779297,21.275672912597656,0.9389474391937256,2.097325325012207,21.19636344909668,21.155031204223633,21.028179168701172,21.428525924682617,21.083740234375,1.9013608694076538,22.540584564208984,1.5372371673583984,21.52800750732422,20.995607376098633,0.8823456764221191,21.017961502075195,5.912459850311279,2.2223713397979736,20.999881744384766,20.9293155670166,21.28944206237793,20.590984344482422,21.840858459472656,20.85660743713379,21.286882400512695,21.74810028076172,2.7347209453582764,20.706071853637695,21.06560707092285,21.358835220336914,21.432025909423828,1.441612720489502,21.037372589111328,21.17034149169922,20.692731857299805,21.097272872924805,20.92981719970703,1.9889066219329834,22.92636489868164,21.21610450744629,21.126211166381836,21.23895835876465,21.366374969482422,23.15293312072754,22.00290298461914,20.847902297973633,21.243112564086914,21.174928665161133,21.518905639648438,21.472209930419922,25.500106811523438,2.7881486415863037,3.394479513168335,20.688953399658203
22.0474910736084,0.6080699563026428,1.6282199621200562,20.177295684814453,0.663700520992279,1.2722889184951782,3.482053756713867,1.2617300748825073,21.614185333251953,0.11958803981542587,0.8686050176620483,0.7190776467323303,22.777462005615234,2.8647263050079346,1.186711072921753,23.4578914642334,1.9027858972549438,22.40902328491211,1.357619285583496,1.511755347251892,0.44398272037506104,1.4124321937561035,0.9284464716911316,0.6897905468940735,0.7519112825393677,1.0715352296829224,21.041460037231445,1.2116917371749878,1.4303557872772217,0.8329328298568726,1.2387624979019165,2.1257131099700928,22.73136329650879,0.9648308753967285,0.9678744673728943,0.8993127942085266,1.9365694522857666,15.017598152160645,2.160552740097046,1.0199352502822876,1.0369281768798828,1.1097075939178467,1.0057512521743774,3.1978237628936768,18.26805877685547,2.0785701274871826,1.653769850730896,0.7549883127212524,21.17148208618164,22.154346466064453,0.6506926417350769,1.1761153936386108,0.8509597778320312,1.8271903991699219,2.1518313884735107,21.18712615966797,9.670390129089355,21.742887496948242,0.604519784450531,1.0858426094055176,21.238800048828125,1.389578104019165,19.954219818115234,20.243671417236328,0.9422841668128967,1.3161686658859253,0.8673370480537415,1.628775715827942,1.5285271406173706,1.93048894405365,1.0770807266235352,0.9117527604103088,23.05765724182129,2.068735122680664,1.3796972036361694,1.0390148162841797,2.1930649280548096,20.630212783813477,2.7752108573913574,1.112028956413269,1.9000879526138306,1.8400951623916626,2.049445629119873,23.070444107055664,8.888885498046875,1.100172996520996,0.9075045585632324,2.833936929702759,0.7836961150169373,8.507182121276855,2.99814510345459,2.577719211578369,1.8261854648590088,1.0179744958877563,1.272528052330017,0.5788882374763489,14.92485237121582,20.739612579345703,23.408613204956055,1.2738037109375
21.309654235839844,0.7732981443405151,1.1370739936828613,19.441753387451172,0.7804219126701355,0.9951023459434509,3.695200204849243,1.0604933500289917,20.884550094604492,0.8686050176620483,0.06403748691082001,0.7647837400436401,22.037015914916992,2.9698073863983154,1.243455171585083,22.696073532104492,2.1026272773742676,21.676546096801758,0.8188748955726624,1.0957545042037964,1.0074679851531982,1.5052205324172974,1.0098657608032227,0.9628450870513916,0.5162146687507629,0.7176312804222107,20.307897567749023,0.7507956027984619,1.3653199672698975,1.083650827407837,1.7496168613433838,2.3084893226623535,22.000802993774414,0.5057745575904846,1.2830537557601929,1.0985082387924194,1.4149855375289917,14.745994567871094,2.0423710346221924,0.9229915738105774,0.8958895206451416,1.4500904083251953,1.2169708013534546,2.8643927574157715,18.391340255737305,2.2424094676971436,1.3717210292816162,0.7049158215522766,20.430639266967773,21.459081649780273,0.7116051912307739,1.0707552433013916,0.6871253848075867,2.0418663024902344,2.309133291244507,20.42984390258789,9.899992942810059,21.04579734802246,0.8290549516677856,0.8442471623420715,20.493738174438477,1.5312347412109375,19.138887405395508,19.488296508789062,0.7849266529083252,1.1631548404693604,1.1159234046936035,1.1337709426879883,1.6322435140609741,2.057894229888916,0.8903026580810547,1.159956455230713,22.315332412719727,2.05090069770813,0.8300700783729553,0.7968929409980774,2.033128499984741,19.89484214782715,2.588923454284668,1.0625628232955933,1.7982662916183472,1.8959064483642578,2.349452257156372,22.327152252197266,9.011103630065918,0.8672952651977539,0.8633817434310913,2.768958568572998,1.020124077796936,8.18557071685791,2.966519355773926,2.156388521194458,1.688020944595337,1.1463887691497803,1.4998016357421875,0.7207679748535156,14.725800514221191,19.99567222595215,22.645050048828125,0.8542605638504028
21.76253318786621,0.6944190263748169,1.2054072618484497,19.89666748046875,0.01746928133070469,1.0572243928909302,3.504925012588501,0.7680426836013794,21.29475212097168,0.7190776467323303,0.7647837400436401,0.0,22.458513259887695,3.0822601318359375,0.674504280090332,23.16083526611328,1.6801353693008423,22.107925415039062,0.9515648484230042,0.9385288953781128,0.6775950789451599,1.4576025009155273,0.5897790789604187,0.6314244866371155,0.5460582375526428,0.8588665723800659,20.738615036010742,0.5841754078865051,0.9133026599884033,0.783430814743042,1.4054698944091797,2.166579484939575,22.399646759033203,0.711871862411499,1.3479923009872437,1.0812139511108398,1.7750086784362793,14.630607604980469,1.7018635272979736,0.5558279156684875,0.5554898381233215,1.5902618169784546,0.6144169569015503,3.067028760910034,17.90847396850586,1.9992769956588745,1.1611939668655396,0.31984174251556396,20.843183517456055,21.892152786254883,0.6239126324653625,1.1402913331985474,0.5007776021957397,2.102513551712036,2.3681437969207764,20.86294937133789,9.608860969543457,21.448015213012695,0.6446022391319275,0.3451481759548187,20.91420555114746,1.1119800806045532,19.60314178466797,19.927993774414062,0.33857297897338867,0.7943457961082458,0.7242578864097595,1.0161948204040527,1.1373594999313354,1.947084903717041,0.49460360407829285,0.7503241896629333,22.758563995361328,2.033792734146118,1.169329047203064,0.8039547204971313,1.620147466659546,20.317445755004883,2.344484806060791,0.8154103755950928,1.7269723415374756,1.887657642364502,2.2961292266845703,22.731103897094727,8.68639087677002,0.7326887249946594,0.3968762457370758,2.3784396648406982,0.5722622871398926,8.537320137023926,3.167144298553467,1.9904203414916992,1.1927063465118408,0.648527204990387,1.4355236291885376,0.34159034490585327,14.450882911682129,20.421077728271484,23.10474967956543,0.660557746887207
2.173693895339966,22.706663131713867,21.36724281311035,3.073044776916504,22.443729400634766,21.94080924987793,22.541318893432617,22.120553970336914,1.410042643547058,22.777462005615234,22.037015914916992,22.458513259887695,0.6645678281784058,23.259143829345703,22.507671356201172,2.8298346996307373,22.297706604003906,0.8645088076591492,21.659669876098633,21.935110092163086,22.673625946044922,22.10516929626465,22.470720291137695,22.48538589477539,22.357267379760742,21.84925651550293,2.002516031265259,22.041942596435547,22.068588256835938,22.38498878479004,22.8424072265625,23.494359970092773,1.151714563369751,22.105409622192383,22.4921875,22.77115821838379,22.25835609436035,26.17967987060547,22.528100967407227,22.194730758666992,22.43254852294922,22.534130096435547,22.577224731445312,22.666118621826172,28.450544357299805,22.755817413330078,22.248903274536133,22.432430267333984,1.8403122425079346,2.5134708881378174,22.369808197021484,22.32232093811035,22.185434341430664,22.610700607299805,22.237415313720703,2.186013698577881,23.88245964050293,2.541633367538452,22.675508499145508,22.159643173217773,1.9626408815383911,22.212072372436523,5.912431716918945,2.86037278175354,22.166473388671875,22.11285400390625,22.47637939453125,21.74791145324707,23.01055908203125,22.076887130737305,22.43996810913086,22.910417556762695,1.886836051940918,21.88885498046875,22.205947875976562,22.512937545776367,22.599151611328125,2.294628381729126,22.203815460205078,22.3515682220459,21.886171340942383,22.292707443237305,22.134471893310547,1.7884483337402344,24.18756866455078,22.367237091064453,22.301132202148438,22.423067092895508,22.54450035095215,23.979454040527344,23.058719635009766,21.99930763244629,22.414457321166992,22.34060287475586,22.702796936035156,22.63055992126465,26.547685623168945,2.9720582962036133,2.507903814315796,21.854755401611328
22.35381507873535,2.5318474769592285,3.6988792419433594,20.560462951660156,3.0709002017974854,3.91194224357605,4.982001781463623,3.3442628383636475,22.134933471679688,2.8647263050079346,2.9698073863983154,3.0822601318359375,23.259143829345703,0.0,3.2984626293182373,23.914737701416016,4.368122577667236,22.93996238708496,3.6337997913360596,3.1513519287109375,2.806483030319214,2.607330322265625,2.912341833114624,3.4043309688568115,2.7720720767974854,2.918687582015991,21.474048614501953,3.18727707862854,3.5559680461883545,3.1439895629882812,2.6672773361206055,4.065587520599365,23.19394874572754,2.800758123397827,3.292259693145752,3.391014337539673,3.182840347290039,13.202619552612305,2.965959072113037,2.871188163757324,3.505293607711792,2.7882957458496094,2.91867733001709,4.658211708068848,19.12860107421875,1.8035424947738647,3.1091229915618896,3.2298758029937744,21.608308792114258,22.67496681213379,3.2350146770477295,3.8441309928894043,2.851569175720215,1.970900535583496,2.4406116008758545,21.770832061767578,9.743958473205566,22.28496742248535,3.045396089553833,3.1853177547454834,21.743804931640625,3.1975345611572266,20.379304885864258,20.594514846801758,3.3381381034851074,3.548130989074707,3.178661584854126,3.837092399597168,3.327132225036621,4.155624866485596,3.2854673862457275,3.4767444133758545,23.601655960083008,2.39189076423645,3.072707414627075,3.0203046798706055,3.94110369682312,21.119550704956055,5.325795650482178,3.501176357269287,4.581871509552002,4.495972156524658,3.894787311553955,23.48590660095215,8.116232872009277,3.5534539222717285,3.2951009273529053,5.37149715423584,3.4372663497924805,7.2004499435424805,3.5573549270629883,3.5858428478240967,3.9118103981018066,3.4523305892944336,2.3903234004974365,2.782362222671509,16.702526092529297,21.22281837463379,23.968198776245117,3.5087084770202637
21.8568058013916,1.2045873403549194,1.219452142715454,19.989328384399414,0.7102369070053101,1.377442717552185,3.042184829711914,0.4352007806301117,21.3266544342041,1.186711072921753,1.243455171585083,0.674504280090332,22.507671356201172,3.2984626293182373,0.03726325184106827,23.281034469604492,1.4433513879776,22.159809112548828,1.088208794593811,1.3711180686950684,1.0910847187042236,1.548121690750122,0.45950767397880554,0.8720741271972656,1.1774314641952515,1.0603679418563843,20.804119110107422,0.7877391576766968,0.5964342951774597,0.8257042169570923,1.670796513557434,2.6746087074279785,22.431137084960938,0.9434372186660767,1.9249807596206665,1.6736116409301758,2.0733301639556885,14.48303508758545,1.2979151010513306,0.7055878639221191,0.9007792472839355,1.7698497772216797,0.5480073094367981,3.480384111404419,18.067495346069336,2.0937321186065674,0.8253911733627319,0.9361847639083862,20.880966186523438,21.952880859375,0.8591163754463196,1.328283667564392,1.0804842710494995,2.1455893516540527,2.7731049060821533,20.925460815429688,9.147557258605957,21.466867446899414,1.3151705265045166,0.6592151522636414,20.9310359954834,1.0022966861724854,19.72562026977539,19.991880416870117,0.7839930057525635,0.4788702428340912,0.6270930767059326,1.1842107772827148,0.795448362827301,1.7213630676269531,0.8651208281517029,0.964739978313446,22.856367111206055,2.093968152999878,1.4108701944351196,0.9729160666465759,1.227353811264038,20.382423400878906,2.242281913757324,0.599620521068573,1.6762381792068481,1.824326992034912,2.4680471420288086,22.734575271606445,8.19637393951416,1.1292922496795654,0.4876108765602112,2.1399471759796143,0.6909122467041016,8.971565246582031,3.8241336345672607,1.7225394248962402,0.874908447265625,1.1381516456604004,1.3328572511672974,0.8492254018783569,14.029928207397461,20.529644012451172,23.19203758239746,0.8820549249649048
2.742170810699463,23.36449432373047,22.128225326538086,3.875598430633545,23.15329933166504,22.61443328857422,23.599021911621094,22.89283561706543,3.830336570739746,23.4578914642334,22.696073532104492,23.16083526611328,2.8298346996307373,23.914737701416016,23.281034469604492,0.0,23.144329071044922,2.9779412746429443,22.376548767089844,22.58983039855957,23.386760711669922,22.8957576751709,23.23039436340332,23.21060562133789,23.006668090820312,22.587064743041992,3.5297372341156006,22.7447509765625,22.871427536010742,23.153810501098633,23.58908462524414,23.982255935668945,3.6511006355285645,22.811939239501953,23.122446060180664,23.36640739440918,22.821035385131836,26.915782928466797,23.34127426147461,22.94109535217285,23.106273651123047,23.27777862548828,23.343318939208984,23.042322158813477,28.97237777709961,23.521501541137695,23.012971878051758,23.103008270263672,3.8625288009643555,4.226620197296143,23.087148666381836,23.002592086791992,22.87096405029297,23.401819229125977,22.92214584350586,3.0330464839935303,25.540250778198242,4.959008693695068,23.307188034057617,22.875638961791992,4.13743257522583,23.02815055847168,5.0004730224609375,3.9686577320098877,22.8746337890625,22.888229370117188,23.250274658203125,22.43556022644043,23.758304595947266,22.939428329467773,23.113147735595703,23.591659545898438,1.3604297637939453,22.70159339904785,22.843952178955078,23.190988540649414,23.361108779907227,3.711430788040161,22.90729522705078,23.106595993041992,22.646488189697266,23.049348831176758,22.93076515197754,4.206234931945801,25.665605545043945,23.01658821105957,23.0390682220459,23.192474365234375,23.27773094177246,23.873430252075195,23.40375518798828,22.75252342224121,23.168506622314453,23.03693199157715,23.489423751831055,23.317121505737305,27.506061553955078,3.111278533935547,1.4943946599960327,22.568090438842773
21.7056827545166,2.278245210647583,1.5286438465118408,19.817501068115234,1.6064521074295044,1.5916446447372437,2.429738998413086,1.4660515785217285,21.084247589111328,1.9027858972549438,2.1026272773742676,1.6801353693008423,22.297706604003906,4.368122577667236,1.4433513879776,23.144329071044922,0.0,21.917308807373047,1.6221158504486084,2.3153975009918213,1.7289949655532837,1.975289225578308,1.628969430923462,1.2926493883132935,2.182887077331543,1.7786946296691895,20.603721618652344,1.9166545867919922,1.0976076126098633,1.2746456861495972,2.0317649841308594,3.2955591678619385,22.2059268951416,2.0240697860717773,2.1171414852142334,2.2677249908447266,3.2434380054473877,15.63878345489502,2.546851873397827,1.7009559869766235,1.7892229557037354,2.0742969512939453,1.5834044218063354,4.337864875793457,17.709022521972656,2.9837002754211426,2.1533143520355225,1.8007606267929077,20.693147659301758,21.638473510742188,1.525086760520935,1.6996548175811768,1.930349588394165,2.761186122894287,3.1102564334869385,20.736988067626953,8.63709545135498,21.14851951599121,2.10194993019104,1.7008763551712036,20.72833824157715,1.293389081954956,19.783782958984375,19.870731353759766,1.520338773727417,1.2726343870162964,1.2597066164016724,1.8647756576538086,2.071420431137085,1.0215104818344116,1.9597208499908447,1.8055814504623413,22.64259910583496,2.582540512084961,2.5614585876464844,2.190734624862671,2.2796449661254883,20.172592163085938,2.2501440048217773,1.3913578987121582,1.1544307470321655,1.4316985607147217,1.8445241451263428,22.548364639282227,8.378837585449219,1.94684636592865,1.4029461145401,1.9670194387435913,1.275091528892517,10.20573616027832,4.590926647186279,2.931122064590454,1.777496099472046,1.5082248449325562,2.1816275119781494,1.971330165863037,14.05163288116455,20.357593536376953,23.02111053466797,1.6054468154907227
2.1667473316192627,22.35628890991211,21.00617790222168,2.718188762664795,22.089797973632812,21.565141677856445,22.132118225097656,21.7681884765625,0.9957796931266785,22.40902328491211,21.676546096801758,22.107925415039062,0.8645088076591492,22.93996238708496,22.159809112548828,2.9779412746429443,21.917308807373047,0.0,21.2967586517334,21.609209060668945,22.310558319091797,21.743946075439453,22.11957550048828,22.113222122192383,22.00885581970215,21.490507125854492,1.7021212577819824,21.700557708740234,21.716550827026367,22.01613426208496,22.485061645507812,23.143367767333984,1.4684382677078247,21.753019332885742,22.109800338745117,22.402931213378906,21.921695709228516,26.29328155517578,22.217147827148438,21.849292755126953,22.07935905456543,22.144054412841797,22.23161506652832,22.334442138671875,28.39797019958496,22.43914031982422,21.917335510253906,22.0780029296875,1.7972655296325684,1.7468669414520264,21.99866485595703,21.9403076171875,21.837501525878906,22.24675941467285,21.88136100769043,1.9352856874465942,23.5289249420166,1.976979374885559,22.318256378173828,21.817184448242188,1.6717015504837036,21.858238220214844,6.022115230560303,2.7759342193603516,21.81268310546875,21.758262634277344,22.11098289489746,21.40369415283203,22.673871994018555,21.675628662109375,22.09683609008789,22.549869537353516,1.7955073118209839,21.544376373291016,21.858110427856445,22.16238021850586,22.276899337768555,1.9908620119094849,21.844158172607422,21.986373901367188,21.491600036621094,21.884721755981445,21.727989196777344,2.155726194381714,23.95193862915039,22.011585235595703,21.94417953491211,22.0660343170166,22.177122116088867,23.778778076171875,22.72417449951172,21.70069122314453,22.080780029296875,21.985389709472656,22.34126091003418,22.280208587646484,26.33500862121582,2.919304609298706,2.488590955734253,21.50489044189453
20.997970581054688,1.4151883125305176,0.502365231513977,19.119558334350586,0.9642238020896912,0.6880948543548584,3.3509511947631836,0.7565624713897705,20.489831924438477,1.357619285583496,0.8188748955726624,0.9515648484230042,21.659669876098633,3.6337997913360596,1.088208794593811,22.376548767089844,1.6221158504486084,21.2967586517334,0.08967375010251999,1.2411675453186035,1.379072904586792,1.7048109769821167,1.0999137163162231,0.9607022404670715,1.1302862167358398,0.8390445113182068,19.95305633544922,0.7197563648223877,0.9581894874572754,1.0964469909667969,2.072145462036133,2.668410539627075,21.610698699951172,0.867795467376709,1.6852514743804932,1.5279055833816528,1.818490982055664,14.912582397460938,2.0246427059173584,1.0248780250549316,0.8874046802520752,1.8027957677841187,1.2995027303695679,3.1308672428131104,18.223854064941406,2.6264452934265137,1.2940607070922852,0.9344396591186523,20.053546905517578,21.091142654418945,0.8184718489646912,0.9361236691474915,1.0557231903076172,2.4444124698638916,2.7652571201324463,20.04864501953125,9.628948211669922,20.64191436767578,1.3283993005752563,0.8081808686256409,20.096752166748047,1.4137907028198242,18.838237762451172,19.149093627929688,0.7099871039390564,0.7375109791755676,1.085424542427063,0.6846211552619934,1.6343986988067627,1.6839723587036133,1.0009708404541016,1.2772295475006104,21.962242126464844,2.261540174484253,1.185365080833435,1.1034551858901978,1.7606704235076904,19.528127670288086,2.0426833629608154,0.8114106059074402,1.209679126739502,1.5261750221252441,2.3434972763061523,21.93098258972168,8.877671241760254,0.9206897616386414,0.7415093779563904,2.1810898780822754,0.9521379470825195,8.793091773986816,3.6066884994506836,1.9993911981582642,1.3265033960342407,1.1624104976654053,1.8040976524353027,1.1700302362442017,14.164908409118652,19.65603256225586,22.288644790649414,0.4723908603191376
21.215932846069336,1.1996798515319824,1.3808162212371826,19.367050170898438,1.0210380554199219,1.4651315212249756,4.2159271240234375,1.3302996158599854,20.793853759765625,1.511755347251892,1.0957545042037964,0.9385288953781128,21.935110092163086,3.1513519287109375,1.3711180686950684,22.58983039855957,2.3153975009918213,21.609209060668945,1.2411675453186035,0.025540422648191452,1.4288561344146729,1.8638195991516113,1.3239306211471558,1.4978578090667725,0.8425601124763489,1.2315278053283691,20.214508056640625,0.7685993313789368,1.4100443124771118,1.5798747539520264,1.8864315748214722,2.28584885597229,21.877517700195312,1.128967046737671,1.7871274948120117,1.5254606008529663,1.6897116899490356,14.131519317626953,1.8589636087417603,1.0146065950393677,1.087356686592102,2.281266212463379,1.2821897268295288,2.831601142883301,17.49771499633789,2.069842576980591,1.428022861480713,0.964078426361084,20.315828323364258,21.433218002319336,1.4514905214309692,1.781430721282959,0.7715919017791748,2.567481517791748,2.428316354751587,20.332244873046875,10.02803897857666,20.994163513183594,1.1424028873443604,0.719157874584198,20.41840934753418,1.6049530506134033,18.96276092529297,19.37936019897461,0.9067644476890564,1.3603876829147339,1.5711194276809692,0.9534411430358887,1.6912235021591187,2.6565985679626465,0.8786436319351196,1.5195274353027344,22.21881103515625,2.1777703762054443,1.3465319871902466,1.3113666772842407,1.8345781564712524,19.789222717285156,2.5629589557647705,1.5738967657089233,2.2729616165161133,2.6036460399627686,2.8179495334625244,22.219755172729492,8.889147758483887,1.1315152645111084,1.1820634603500366,2.6916918754577637,1.4691200256347656,8.03230094909668,2.8953521251678467,1.804243564605713,1.469840407371521,1.0606448650360107,2.0879299640655518,1.0850712060928345,14.528058052062988,19.84340476989746,22.56886863708496,0.8624219298362732
21.943069458007812,0.7523728013038635,1.5234318971633911,20.077760696411133,0.5657256245613098,1.3917807340621948,3.334908962249756,1.189610242843628,21.50311851501465,0.44398272037506104,1.0074679851531982,0.6775950789451599,22.673625946044922,2.806483030319214,1.0910847187042236,23.386760711669922,1.7289949655532837,22.310558319091797,1.379072904586792,1.4288561344146729,0.0,1.0780205726623535,0.796212911605835,0.7087112665176392,0.8320415616035461,0.9227673411369324,20.933443069458008,1.2105916738510132,1.2181810140609741,0.6134305000305176,0.8445148468017578,2.382396697998047,22.610897064208984,0.9954195022583008,1.0145022869110107,1.1977347135543823,2.204087972640991,14.88616943359375,2.0370373725891113,0.7824661135673523,1.1820690631866455,1.0724283456802368,0.7395989298820496,3.5055108070373535,18.00249481201172,1.7739956378936768,1.633301854133606,0.8539512753486633,21.05904197692871,22.041248321533203,0.763663113117218,1.4275052547454834,0.6966361999511719,1.6461814641952515,1.8800053596496582,21.106626510620117,9.34904670715332,21.61795997619629,0.7998398542404175,0.9835938215255737,21.13955307006836,1.0105019807815552,19.919628143310547,20.143251419067383,0.8673667311668396,1.231152892112732,0.7040751576423645,1.6508285999298096,1.5861899852752686,1.8259891271591187,1.1708394289016724,1.14457368850708,22.972148895263672,1.7278594970703125,1.615045428276062,1.2551651000976562,2.224376678466797,20.523799896240234,2.8937182426452637,1.1716268062591553,1.9563196897506714,1.9851466417312622,1.8138586282730103,22.956405639648438,8.581975936889648,1.2963587045669556,0.8533904552459717,2.8826744556427,0.8087930679321289,8.686445236206055,3.1624841690063477,2.5595786571502686,1.8169511556625366,0.8452812433242798,1.1779271364212036,0.6589025855064392,15.029095649719238,20.640239715576172,23.344871520996094,1.221142053604126
