0.4661712944507599,20.70354652404785,20.60719871520996,2.9150257110595703,20.717369079589844,20.304508209228516,20.362600326538086,20.84681510925293,4.405397891998291,20.714643478393555,20.487884521484375,21.211650848388672,4.35274076461792,20.645708084106445,21.0039005279541,9.339040756225586,20.34356117248535,4.137967109680176,19.888389587402344,21.04201316833496,20.42715072631836,20.389028549194336,20.99060821533203,21.01311492919922,21.613351821899414,20.468008041381836,3.4637138843536377,20.838932037353516,20.934677124023438,20.571979522705078,25.857702255249023,24.09049415588379,3.7697598934173584,20.297334671020508,21.0018367767334,21.03072738647461,20.973819732666016,20.33592414855957,22.235502243041992,20.60405158996582,20.687955856323242,20.926206588745117,21.808929443359375,24.859891891479492,25.66455078125,21.306093215942383,21.190717697143555,20.615657806396484,7.344431400299072,3.2436838150024414,20.512157440185547,20.936004638671875,20.56903076171875,20.71532440185547,26.21644401550293,5.5290069580078125,20.82563591003418,3.0999927520751953,20.870437622070312,20.751506805419922,5.124507427215576,20.493101119995117,2.7655091285705566,2.316020965576172,20.72980499267578,20.470979690551758,20.768678665161133,20.15206527709961,20.41091537475586,20.759233474731445,20.6949405670166,21.206640243530273,2.9107933044433594,20.274845123291016,20.741775512695312,20.6373348236084,20.85460090637207,5.669413089752197,20.337345123291016,20.85898780822754,24.954177856445312,24.999267578125,26.096948623657227,3.6698548793792725,20.646940231323242,21.615812301635742,20.97588348388672,21.45256233215332,20.68204689025879,20.65329360961914,23.181861877441406,20.995281219482422,20.743377685546875,20.777280807495117,20.761802673339844,21.067218780517578,21.299400329589844,4.797310829162598,3.6076581478118896,20.900184631347656
20.70354652404785,0.06577131897211075,3.146141767501831,21.97878646850586,2.2112839221954346,3.0702786445617676,2.711009979248047,2.213949680328369,22.16232681274414,2.3211443424224854,2.3113362789154053,1.8594242334365845,21.446025848388672,2.7222657203674316,2.591848850250244,23.470672607421875,2.8062198162078857,23.25908088684082,3.0775928497314453,3.5336754322052,2.0067079067230225,2.52180814743042,2.7950525283813477,2.614271879196167,5.350241661071777,2.0853500366210938,21.692590713500977,5.468392848968506,2.724475622177124,2.6581313610076904,16.712379455566406,13.069612503051758,21.983922958374023,2.3494412899017334,2.673492908477783,2.173288106918335,2.597374677658081,4.38203763961792,7.270876884460449,2.7148654460906982,1.4408020973205566,2.6233608722686768,4.6593780517578125,11.976417541503906,16.557973861694336,2.8830039501190186,2.063810348510742,1.8863487243652344,23.047285079956055,22.753328323364258,3.444288492202759,2.6576125621795654,2.547358274459839,1.8974682092666626,15.611347198486328,21.282817840576172,3.6819264888763428,21.879596710205078,2.1724791526794434,2.240976572036743,19.864343643188477,2.473010778427124,20.185632705688477,19.191143035888672,2.0568413734436035,2.7884364128112793,4.467181205749512,2.8650665283203125,2.44149112701416,4.234795093536377,2.963639259338379,2.260507106781006,21.731229782104492,2.580585241317749,2.105147123336792,2.590644121170044,2.80511736869812,23.47102928161621,1.728670597076416,2.4327926635742188,14.042875289916992,15.964739799499512,16.821996688842773,21.505508422851562,3.1544251441955566,5.618860721588135,2.372591495513916,6.130725383758545,2.497044563293457,4.079256534576416,9.651253700256348,3.202815294265747,2.532092571258545,2.2952816486358643,2.7473950386047363,2.3863308429718018,5.648972988128662,21.753469467163086,20.308364868164062,2.2742154598236084
20.60719871520996,3.146141767501831,0.0,21.77014923095703,2.1511616706848145,2.202559232711792,2.0385873317718506,3.8948476314544678,21.974689483642578,1.7020176649093628,1.720841646194458,2.7269392013549805,21.619232177734375,2.316645383834839,2.052609920501709,23.424875259399414,3.231818675994873,22.988744735717773,2.908958911895752,4.651065826416016,1.9898346662521362,1.8079832792282104,2.110849618911743,2.0050153732299805,6.1362762451171875,2.0503017902374268,21.70123863220215,3.83545184135437,1.961601734161377,1.4393935203552246,14.150897979736328,13.532971382141113,21.848737716674805,1.3655563592910767,2.9610202312469482,2.1844701766967773,2.1223604679107666,2.159480094909668,6.1542229652404785,2.1598215103149414,2.6418352127075195,2.8562958240509033,6.481341361999512,12.516938209533691,16.5340633392334,3.221498727798462,2.111414909362793,2.4400315284729004,22.92760467529297,22.537044525146484,2.273707628250122,1.8900312185287476,1.5747965574264526,1.9290003776550293,15.418169975280762,21.54729652404785,2.176823377609253,21.596616744995117,2.790792942047119,1.7235993146896362,19.529245376586914,1.7347582578659058,19.851551055908203,19.227365493774414,1.835533857345581,1.8719574213027954,3.318014144897461,1.6917710304260254,1.7030616998672485,3.5285799503326416,2.535615921020508,2.0366880893707275,21.44148826599121,2.3188869953155518,1.6267216205596924,2.122514009475708,1.9649170637130737,23.204927444458008,2.4701786041259766,1.8268449306488037,13.824134826660156,16.201953887939453,16.388628005981445,21.471641540527344,2.2179744243621826,4.3848466873168945,1.6669948101043701,4.124486446380615,1.866237759590149,2.38209867477417,9.122010231018066,1.4206684827804565,1.6100722551345825,2.2256205081939697,3.4688186645507812,1.7151634693145752,5.913074493408203,21.762413024902344,20.307300567626953,1.7631646394729614
2.9150257110595703,21.97878646850586,21.77014923095703,0.0,22.00030517578125,21.606098175048828,21.645915985107422,22.08230209350586,4.864264965057373,21.98305320739746,21.772748947143555,22.459548950195312,5.342556476593018,21.85625648498535,22.264921188354492,9.657503128051758,21.7084903717041,3.062166213989258,21.030717849731445,22.300249099731445,21.745742797851562,21.644285202026367,22.272037506103516,22.249746322631836,22.87684440612793,21.68511962890625,4.095851898193359,22.020551681518555,22.21177864074707,21.810701370239258,26.76981544494629,25.61562156677246,4.026667594909668,21.543073654174805,22.344003677368164,22.243633270263672,22.108041763305664,21.423925399780273,23.551090240478516,21.948148727416992,21.900089263916016,22.260072708129883,23.26915740966797,25.56491470336914,27.58226776123047,22.544452667236328,22.331443786621094,21.834129333496094,7.22003698348999,2.1509077548980713,21.858346939086914,22.192054748535156,21.838226318359375,21.972169876098633,27.537805557250977,6.733153820037842,22.025421142578125,2.7632956504821777,22.05638885498047,22.009212493896484,5.602295398712158,21.730085372924805,2.783465623855591,4.164553642272949,21.89910316467285,21.71855354309082,22.157106399536133,21.42351531982422,21.662763595581055,22.024658203125,21.869091033935547,22.45340919494629,2.282226324081421,21.479665756225586,21.981830596923828,21.879337310791016,22.224342346191406,4.359675884246826,21.635854721069336,22.163705825805664,26.204830169677734,26.678794860839844,27.061046600341797,4.693495750427246,21.869022369384766,22.88042449951172,22.164974212646484,22.741806030273438,22.000686645507812,21.686357498168945,23.61285400390625,22.123558044433594,21.990161895751953,22.06340789794922,22.099939346313477,22.28591537475586,22.770368576049805,4.217842102050781,3.6377696990966797,22.151412963867188
20.717369079589844,2.2112839221954346,2.1511616706848145,22.00030517578125,0.0,1.3635995388031006,1.1102317571640015,2.51427960395813,21.943689346313477,1.108963131904602,1.0111416578292847,1.533914566040039,21.477806091308594,0.9052992463111877,1.160082221031189,23.467613220214844,1.5357307195663452,23.308979034423828,2.140345573425293,3.3510332107543945,0.9116847515106201,0.8270256519317627,1.2276155948638916,1.2030242681503296,5.493441581726074,1.686238169670105,21.746118545532227,4.289803504943848,1.3223752975463867,1.2863659858703613,15.277626991271973,13.183653831481934,21.901479721069336,1.0884873867034912,1.421557068824768,1.3345954418182373,1.7634403705596924,3.067349433898926,6.152632713317871,1.1426615715026855,2.085143566131592,1.242403268814087,5.661141872406006,12.945948600769043,16.70970916748047,2.0289132595062256,1.5665042400360107,1.5013351440429688,22.826953887939453,22.786945343017578,1.8352895975112915,1.327932596206665,1.0174975395202637,1.2767993211746216,15.78375244140625,21.34238052368164,2.3901402950286865,21.72750473022461,1.528600811958313,0.7874630689620972,19.858858108520508,0.8626679182052612,20.10729217529297,19.194982528686523,1.9267619848251343,1.2887346744537354,2.67557954788208,1.3472386598587036,1.1048535108566284,3.115931272506714,2.311199426651001,1.2348167896270752,21.679922103881836,1.8548955917358398,0.8058859705924988,0.6080652475357056,1.4794087409973145,23.655963897705078,1.893070936203003,0.9022940993309021,14.229896545410156,15.774749755859375,16.003618240356445,21.4614200592041,1.9072613716125488,3.9657161235809326,1.5587669610977173,5.081409454345703,1.3691364526748657,3.6524157524108887,10.342958450317383,2.459566116333008,1.2045327425003052,0.8847753405570984,2.231733560562134,1.062610387802124,4.993978500366211,21.800092697143555,20.34629249572754,0.8198612928390503
20.304508209228516,3.0702786445617676,2.202559232711792,21.606098175048828,1.3635995388031006,0.0,0.7623319625854492,3.526292085647583,21.619224548339844,1.1864973306655884,1.0627014636993408,2.230576992034912,21.259870529174805,1.5444860458374023,1.4629603624343872,23.191814422607422,1.342344045639038,22.85588264465332,2.061840057373047,3.7804408073425293,1.479647159576416,1.1700258255004883,0.9878199100494385,1.5241128206253052,6.14889669418335,1.771260380744934,21.43842887878418,4.285224437713623,1.3926891088485718,1.6384865045547485,15.107034683227539,13.209333419799805,21.572607040405273,1.2255548238754272,1.9866411685943604,1.8154709339141846,2.793078899383545,2.684563159942627,5.8913469314575195,1.2980855703353882,2.651120662689209,1.6814982891082764,6.447400093078613,13.423789024353027,16.42943572998047,2.615323305130005,2.4062411785125732,1.9012324810028076,22.578022003173828,22.37285804748535,1.7323734760284424,1.4155945777893066,1.3051069974899292,1.550750494003296,15.681988716125488,21.077245712280273,2.6244027614593506,21.32147979736328,2.3014633655548096,1.2851659059524536,19.522897720336914,0.9899921417236328,19.731603622436523,18.845224380493164,2.3097543716430664,1.2920106649398804,2.3169100284576416,1.3655637502670288,1.2979955673217773,2.5400257110595703,2.8823587894439697,1.6539428234100342,21.24747085571289,1.839320182800293,1.385556697845459,1.3966182470321655,1.527336835861206,23.163084030151367,2.2400784492492676,1.2601879835128784,13.914721488952637,15.770550727844238,15.06222152709961,21.04727554321289,1.7271744012832642,3.7191319465637207,1.9400194883346558,4.366088390350342,1.2526026964187622,3.3089523315429688,10.355334281921387,2.290372848510742,1.1823304891586304,2.038933515548706,2.4696426391601562,1.3849942684173584,5.0725178718566895,21.535703659057617,20.064260482788086,1.3667221069335938
20.362600326538086,2.711009979248047,2.0385873317718506,21.645915985107422,1.1102317571640015,0.7623319625854492,0.0,3.368009567260742,21.678871154785156,0.9677197337150574,1.0546232461929321,2.0929441452026367,21.25702667236328,1.4300416707992554,1.1319340467453003,23.34261131286621,1.5819770097732544,22.892345428466797,2.1308436393737793,3.9446873664855957,1.1626172065734863,0.7816880941390991,1.0075712203979492,1.486932396888733,6.155900001525879,1.5586695671081543,21.51329803466797,3.966665267944336,1.2377527952194214,1.5687137842178345,15.285551071166992,13.36663818359375,21.655616760253906,0.9562706351280212,1.9789754152297974,1.8577570915222168,2.4876015186309814,2.6204192638397217,6.230147838592529,1.2663278579711914,2.5650155544281006,1.9416828155517578,6.153162956237793,13.360363960266113,16.5760555267334,2.350613832473755,2.0231151580810547,1.6150654554367065,22.702239990234375,22.396303176879883,1.98977530002594,0.9469273090362549,1.185096263885498,1.2816741466522217,15.428923606872559,21.04170799255371,2.8567659854888916,21.388948440551758,1.9085254669189453,0.9692922830581665,19.54804229736328,0.8053829073905945,19.78374671936035,18.895986557006836,2.0021564960479736,0.8961641192436218,2.4802792072296143,1.1840746402740479,1.0032296180725098,2.3948774337768555,2.822817802429199,1.1936925649642944,21.29258918762207,1.77008056640625,0.9334017038345337,1.1648945808410645,1.5138930082321167,23.192941665649414,1.7144721746444702,1.0213611125946045,14.297250747680664,15.85299015045166,15.527300834655762,21.166627883911133,1.510693907737732,3.852964401245117,1.7960277795791626,4.27433443069458,0.9720413088798523,3.4808509349823,10.173558235168457,2.0504491329193115,1.1375045776367188,1.7509790658950806,1.9191845655441284,1.099887728691101,4.5888776779174805,21.606468200683594,20.122011184692383,1.3063077926635742
20.84681510925293,2.213949680328369,3.8948476314544678,22.08230209350586,2.51427960395813,3.526292085647583,3.368009567260742,0.0,21.942720413208008,3.1145145893096924,2.986358880996704,2.449580430984497,21.327747344970703,2.4790101051330566,2.8700039386749268,23.389896392822266,2.8443491458892822,23.56414031982422,3.278764247894287,3.2863783836364746,2.9227705001831055,3.0090086460113525,3.3804025650024414,3.122840642929077,5.878391742706299,3.2063868045806885,21.65523910522461,6.0217084884643555,3.2434656620025635,2.817410469055176,16.825130462646484,13.448341369628906,21.97761344909668,3.1393253803253174,2.7512357234954834,2.418656826019287,2.7189340591430664,4.45462703704834,6.652583122253418,2.9808473587036133,2.2968201637268066,2.6350176334381104,5.94688606262207,12.809967041015625,17.239017486572266,2.9983150959014893,2.3227972984313965,2.8308117389678955,22.59925651550293,22.937532424926758,3.554072618484497,3.5746471881866455,3.029785394668579,3.0814340114593506,17.02362823486328,21.236064910888672,3.40128231048584,21.82686424255371,2.5627589225769043,2.7873129844665527,19.89679527282715,2.9932894706726074,20.276226043701172,19.25718116760254,2.8599395751953125,3.22225022315979,4.536508560180664,3.1620240211486816,2.95438551902771,5.073214530944824,2.9086549282073975,3.2026989459991455,21.852054595947266,3.162640333175659,2.882323741912842,2.569993019104004,3.6019742488861084,23.84564971923828,3.0576908588409424,3.0133602619171143,13.81944465637207,16.46194839477539,17.26344108581543,21.520132064819336,3.3372581005096436,5.497356414794922,2.979665517807007,7.290977954864502,3.358118772506714,4.945842742919922,10.528023719787598,4.137004375457764,3.017289161682129,2.523157835006714,3.477828025817871,3.045405387878418,6.479824542999268,21.640480041503906,20.320167541503906,2.6998026371002197
4.405397891998291,22.16232681274414,21.974689483642578,4.864264965057373,21.943689346313477,21.619224548339844,21.678871154785156,21.942720413208008,0.0,22.073671340942383,21.829219818115234,22.5801944732666,3.2477598190307617,21.78252601623535,22.25771141052246,9.025959968566895,21.593618392944336,6.994085788726807,21.23219108581543,22.301206588745117,21.783132553100586,21.628524780273438,22.292842864990234,22.317895889282227,23.00382423400879,21.94459342956543,3.7770347595214844,21.99650764465332,22.23459815979004,21.80912208557129,26.52985191345215,25.87238121032715,3.968665361404419,21.64954948425293,22.17378807067871,22.332317352294922,22.145055770874023,21.49761962890625,23.002105712890625,21.81961441040039,22.112388610839844,22.16158103942871,23.42853546142578,26.726953506469727,27.83380126953125,22.491455078125,22.454349517822266,22.048707962036133,4.476518154144287,5.092806339263916,21.685705184936523,22.28254508972168,21.848447799682617,22.156408309936523,27.87820816040039,5.693715572357178,21.98946189880371,2.6562728881835938,22.169946670532227,22.03902816772461,5.556931495666504,21.776500701904297,4.427106857299805,4.380346775054932,22.155166625976562,21.719940185546875,21.835535049438477,21.373815536499023,21.70014762878418,22.18937873840332,21.882553100585938,22.573413848876953,4.843724727630615,21.707529067993164,22.071041107177734,21.792104721069336,22.202375411987305,8.585841178894043,21.77025604248047,22.142366409301758,26.31498908996582,26.239295959472656,27.859230041503906,4.709959030151367,21.889135360717773,22.541114807128906,22.286911010742188,23.055099487304688,22.087669372558594,22.25083351135254,25.335533142089844,22.48467254638672,22.059724807739258,21.948402404785156,22.07933807373047,22.398662567138672,22.59232521057129,4.881187438964844,4.804271221160889,22.176313400268555
20.714643478393555,2.3211443424224854,1.7020176649093628,21.98305320739746,1.108963131904602,1.1864973306655884,0.9677197337150574,3.1145145893096924,22.073671340942383,0.15316161513328552,0.5860693454742432,1.632240653038025,21.644506454467773,1.6320991516113281,1.1492044925689697,23.44464111328125,1.8133642673492432,23.247201919555664,2.3049514293670654,3.765791654586792,0.922675371170044,0.9645323753356934,0.9852988123893738,0.964486837387085,5.858260631561279,1.5410552024841309,21.799314498901367,4.122846603393555,0.7380667924880981,1.1775999069213867,15.332906723022461,13.438773155212402,21.96028709411621,0.6524460911750793,1.6060775518417358,1.2314836978912354,2.1895999908447266,2.658146381378174,5.840266227722168,1.079803466796875,1.9912149906158447,1.7937328815460205,5.89839506149292,12.71589183807373,16.239709854125977,2.05409836769104,1.6897794008255005,1.3463287353515625,22.98369026184082,22.744543075561523,1.678763508796692,0.8264488577842712,0.6744251251220703,0.7055256962776184,15.297516822814941,21.486377716064453,2.51231050491333,21.76262092590332,1.9974305629730225,0.508658766746521,19.8161678314209,0.7227407097816467,20.11086654663086,19.26306915283203,1.582104206085205,1.048678994178772,2.9809041023254395,1.2284131050109863,0.6503862142562866,2.8309385776519775,2.158850908279419,0.9151448607444763,21.67432403564453,1.8903076648712158,0.6296942830085754,1.2631012201309204,1.2052608728408813,23.45982551574707,1.5272232294082642,0.585828423500061,13.94580078125,16.16526222229004,15.664412498474121,21.470842361450195,1.489121675491333,3.942093849182129,1.1021510362625122,4.560819625854492,1.0124142169952393,3.096755027770996,9.965716361999512,1.9284298419952393,0.5379077792167664,1.515887975692749,2.3631484508514404,0.6747997403144836,5.073301792144775,21.867475509643555,20.450571060180664,0.7779790163040161
20.487884521484375,2.3113362789154053,1.720841646194458,21.772748947143555,1.0111416578292847,1.0627014636993408,1.0546232461929321,2.986358880996704,21.829219818115234,0.5860693454742432,0.15442043542861938,1.788651943206787,21.392459869384766,1.5341688394546509,1.356488585472107,23.201107025146484,1.6492714881896973,23.053794860839844,2.2868094444274902,3.6560399532318115,0.9497290253639221,0.8618173599243164,0.9154428243637085,1.1824973821640015,5.753225803375244,1.4710662364959717,21.52959632873535,4.2465338706970215,1.0858285427093506,1.1344016790390015,15.246286392211914,13.34179401397705,21.72140884399414,0.6259225010871887,1.6271876096725464,1.2017472982406616,2.227802038192749,2.7342662811279297,5.784611701965332,0.9783421158790588,1.8509365320205688,1.4838769435882568,5.847374439239502,12.64642333984375,16.319936752319336,2.4053235054016113,1.866621971130371,1.5575721263885498,22.72392463684082,22.528295516967773,1.5126370191574097,1.185011863708496,0.7501385807991028,0.9081590175628662,15.458752632141113,21.306119918823242,2.35662841796875,21.529951095581055,2.116417646408081,0.7353081107139587,19.57306480407715,0.6625960469245911,19.875822067260742,19.02227783203125,1.7911274433135986,1.1546578407287598,2.7211952209472656,1.1015009880065918,0.8246583342552185,2.951964855194092,2.2466349601745605,1.3279613256454468,21.443687438964844,1.9054086208343506,0.8442099094390869,1.2478680610656738,1.1004962921142578,23.28647804260254,1.6631584167480469,0.7398168444633484,13.642925262451172,15.77299976348877,15.676156997680664,21.234619140625,1.7520205974578857,3.8767459392547607,1.104242205619812,4.701818466186523,1.133258581161499,3.0095748901367188,10.092106819152832,2.1283371448516846,0.6640983819961548,1.4906445741653442,2.5781733989715576,1.008080244064331,5.336246967315674,21.643491744995117,20.19541358947754,0.6686323285102844
21.211650848388672,1.8594242334365845,2.7269392013549805,22.459548950195312,1.533914566040039,2.230576992034912,2.0929441452026367,2.449580430984497,22.5801944732666,1.632240653038025,1.788651943206787,0.10813859105110168,22.089412689208984,1.889453411102295,1.861416220664978,23.79517364501953,2.1270620822906494,23.72684097290039,2.0637097358703613,2.611020565032959,1.515516757965088,2.0986857414245605,2.121335744857788,1.3006294965744019,4.971007347106934,1.8841108083724976,22.269588470458984,5.278271675109863,1.8531255722045898,1.9811601638793945,15.849120140075684,12.667344093322754,22.382205963134766,1.874171257019043,1.788207769393921,1.1472809314727783,2.015146017074585,3.8493423461914062,6.533390522003174,2.147158622741699,1.681422233581543,1.7853235006332397,5.512075901031494,12.50976276397705,16.44987678527832,1.6680288314819336,1.589841365814209,1.1648626327514648,23.335519790649414,23.32326889038086,2.661404609680176,2.000368118286133,1.7658793926239014,1.362659215927124,15.860316276550293,21.80615234375,2.661168098449707,22.301864624023438,1.6356136798858643,1.509518027305603,20.485855102539062,1.7692644596099854,20.65998077392578,19.704084396362305,1.661024570465088,2.352008104324341,4.032721996307373,2.5191681385040283,1.8890712261199951,3.82710599899292,2.19101619720459,1.422405481338501,22.25206756591797,1.7843232154846191,1.5084227323532104,1.7674130201339722,2.3084280490875244,24.034679412841797,2.2951574325561523,1.761420488357544,14.337783813476562,16.66309928894043,15.763949394226074,21.87833595275879,2.4847848415374756,5.02369499206543,1.9975541830062866,5.6748528480529785,2.0043439865112305,3.5962183475494385,9.784651756286621,2.6965506076812744,1.7913031578063965,1.7259161472320557,2.6280765533447266,1.4444286823272705,5.55389928817749,22.150426864624023,20.795541763305664,1.4772495031356812
4.35274076461792,21.446025848388672,21.619232177734375,5.342556476593018,21.477806091308594,21.259870529174805,21.25702667236328,21.327747344970703,3.2477598190307617,21.644506454467773,21.392459869384766,22.089412689208984,0.0,21.380950927734375,21.83432960510254,10.058409690856934,21.14093017578125,7.284430503845215,20.861112594604492,21.878829956054688,21.299015045166016,21.191213607788086,21.873476028442383,21.940351486206055,22.452781677246094,21.439592361450195,3.6167571544647217,21.588123321533203,21.83572006225586,21.43893814086914,27.223495483398438,25.538169860839844,4.847232818603516,21.217256546020508,21.750389099121094,21.910879135131836,21.705059051513672,21.294038772583008,23.086563110351562,21.418975830078125,21.556867599487305,21.705596923828125,22.35138702392578,25.753725051879883,27.32288360595703,22.098756790161133,21.967872619628906,21.52680206298828,6.396159648895264,5.218057155609131,21.389833450317383,21.84400749206543,21.459184646606445,21.662813186645508,27.521982192993164,5.140346050262451,21.758106231689453,4.344115257263184,21.614234924316406,21.612194061279297,5.925342082977295,21.37220573425293,4.945188999176025,3.9050233364105225,21.692188262939453,21.295387268066406,21.49571990966797,20.972631454467773,21.278322219848633,21.710039138793945,21.53313446044922,22.109811782836914,5.024834632873535,21.284561157226562,21.607784271240234,21.388751983642578,21.761207580566406,8.6640625,21.166784286499023,21.716297149658203,26.07598876953125,24.97454833984375,28.118043899536133,5.706329345703125,21.53299903869629,22.266525268554688,21.841222763061523,22.817331314086914,21.62764549255371,21.955564498901367,24.821577072143555,22.085769653320312,21.664777755737305,21.486797332763672,21.521713256835938,21.975296020507812,21.92984962463379,5.676067352294922,4.683315277099609,21.757490158081055
20.645708084106445,2.7222657203674316,2.316645383834839,21.85625648498535,0.9052992463111877,1.5444860458374023,1.4300416707992554,2.4790101051330566,21.78252601623535,1.6320991516113281,1.5341688394546509,1.889453411102295,21.380950927734375,0.0,1.2770062685012817,23.465015411376953,1.728724718093872,23.21171760559082,1.8377217054367065,3.3922882080078125,1.6815431118011475,1.193291425704956,1.6033610105514526,1.5772007703781128,5.870177268981934,1.9327008724212646,21.667497634887695,4.439321994781494,1.7404048442840576,1.4154679775238037,15.210784912109375,13.336274147033691,21.814088821411133,1.5233166217803955,1.9561851024627686,1.5132313966751099,1.8061469793319702,2.7662570476531982,6.165807247161865,1.6366890668869019,2.391474485397339,1.5854166746139526,6.370011329650879,13.293886184692383,17.20886993408203,2.2517969608306885,1.5147784948349,1.8222264051437378,22.632598876953125,22.68665313720703,2.189023971557617,1.8404526710510254,1.4797574281692505,1.871427059173584,16.353322982788086,21.24057388305664,2.2548294067382812,21.567514419555664,1.5171897411346436,1.263724684715271,19.7740421295166,1.1545133590698242,19.991533279418945,19.11722183227539,2.050476551055908,1.4772095680236816,2.7478082180023193,1.54217529296875,1.4520634412765503,3.2847299575805664,2.4729416370391846,1.7297488451004028,21.54144859313965,1.7776072025299072,1.3075679540634155,0.583585798740387,2.1873631477355957,23.577116012573242,2.441633939743042,1.5303983688354492,14.238815307617188,16.050460815429688,15.934317588806152,21.386730194091797,1.848816156387329,3.9795145988464355,1.8633785247802734,5.30771541595459,1.8313512802124023,3.6593570709228516,10.166582107543945,2.4916062355041504,1.4828662872314453,1.4639841318130493,2.527909755706787,1.3739550113677979,5.3830132484436035,21.661169052124023,20.223770141601562,1.2525014877319336
21.0039005279541,2.591848850250244,2.052609920501709,22.264921188354492,1.160082221031189,1.4629603624343872,1.1319340467453003,2.8700039386749268,22.25771141052246,1.1492044925689697,1.356488585472107,1.861416220664978,21.83432960510254,1.2770062685012817,0.0,23.966745376586914,1.8458658456802368,23.54698371887207,2.446197986602783,3.9773738384246826,1.4752410650253296,1.2577040195465088,1.3987067937850952,1.562996745109558,6.42689323425293,1.8756951093673706,22.124765396118164,4.179443359375,1.1324622631072998,1.189090609550476,15.386314392089844,13.411493301391602,22.312110900878906,1.3532027006149292,1.9900867938995361,1.6226232051849365,2.262416124343872,2.4618332386016846,5.961841106414795,1.2541199922561646,2.4634485244750977,2.025533676147461,6.399528503417969,13.523335456848145,16.462242126464844,2.109196901321411,1.4118709564208984,1.7257215976715088,23.23090171813965,23.042499542236328,2.092939615249634,1.4037296772003174,1.2459827661514282,1.586202621459961,15.89183521270752,21.575265884399414,2.5360095500946045,22.006067276000977,1.775612473487854,0.8606546521186829,20.103179931640625,1.227792739868164,20.422468185424805,19.553125381469727,1.5834158658981323,1.0574373006820679,2.7991535663604736,1.3042546510696411,1.0656672716140747,2.969937324523926,2.5890913009643555,1.203190803527832,21.92332649230957,1.813812255859375,1.003523349761963,1.0579088926315308,1.7691932916641235,23.814189910888672,1.82952880859375,0.9958093762397766,14.037047386169434,16.30878448486328,16.111698150634766,21.82537841796875,1.0526419878005981,4.045248031616211,1.7453688383102417,4.619678020477295,1.0066280364990234,3.698781728744507,9.937368392944336,1.9544111490249634,1.0030328035354614,1.6716405153274536,1.9738292694091797,0.9958016872406006,4.881270408630371,22.18548011779785,20.768537521362305,1.2427754402160645
9.339040756225586,23.470672607421875,23.424875259399414,9.657503128051758,23.467613220214844,23.191814422607422,23.34261131286621,23.389896392822266,9.025959968566895,23.44464111328125,23.201107025146484,23.79517364501953,10.058409690856934,23.465015411376953,23.966745376586914,0.1495639830827713,23.14373207092285,11.237154006958008,22.763172149658203,23.13515281677246,23.166839599609375,23.202075958251953,23.76764488220215,23.537853240966797,23.142637252807617,23.460927963256836,7.38054084777832,24.024839401245117,23.645326614379883,23.281381607055664,27.81546974182129,26.717042922973633,6.84282922744751,23.099225997924805,23.30026626586914,23.52824592590332,23.509103775024414,23.33243179321289,23.518741607666016,23.26215934753418,23.204282760620117,23.486289978027344,24.272342681884766,25.41927146911621,28.156352996826172,23.692676544189453,24.00760841369629,23.46723747253418,6.637184143066406,10.059103965759277,22.901777267456055,23.742984771728516,23.211273193359375,23.4475154876709,26.99551010131836,11.825990676879883,23.24432373046875,8.934225082397461,23.899791717529297,23.481786727905273,9.234586715698242,23.22968292236328,9.035118103027344,9.072345733642578,23.628690719604492,23.408679962158203,23.773046493530273,23.025203704833984,23.18998146057129,24.14324188232422,22.812593460083008,24.015872955322266,10.874541282653809,23.355937957763672,23.56854248046875,23.3802547454834,23.558408737182617,11.567916870117188,23.30644989013672,23.56548309326172,26.688127517700195,28.78404998779297,27.953140258789062,6.537139415740967,23.608720779418945,24.14698600769043,23.536081314086914,25.005496978759766,23.74002456665039,23.299373626708984,27.135913848876953,24.18007469177246,23.485301971435547,23.31910514831543,23.9642391204834,23.849441528320312,24.905174255371094,6.708221912384033,8.450297355651855,23.506338119506836
20.34356117248535,2.8062198162078857,3.231818675994873,21.7084903717041,1.5357307195663452,1.342344045639038,1.5819770097732544,2.8443491458892822,21.593618392944336,1.8133642673492432,1.6492714881896973,2.1270620822906494,21.14093017578125,1.728724718093872,1.8458658456802368,23.14373207092285,0.0,23.034021377563477,2.2921464443206787,3.3044748306274414,1.845507025718689,1.7790417671203613,1.646120548248291,2.0156960487365723,6.122942924499512,2.293905258178711,21.396636962890625,5.018775463104248,1.9073967933654785,2.2029013633728027,16.10264015197754,13.201550483703613,21.591690063476562,2.0103111267089844,1.6998023986816406,1.9358843564987183,3.1594552993774414,3.566455602645874,5.972286701202393,1.593869686126709,2.59723162651062,1.3877712488174438,6.195124626159668,13.56088924407959,16.416122436523438,2.5098161697387695,2.6316325664520264,2.0312561988830566,22.471553802490234,22.486988067626953,2.2003166675567627,2.156259775161743,1.934673547744751,1.9997692108154297,16.137548446655273,20.950119018554688,3.1531758308410645,21.38636589050293,2.2877655029296875,1.7763609886169434,19.645662307739258,1.6881678104400635,19.868568420410156,18.818477630615234,2.7382144927978516,1.9137321710586548,2.7865874767303467,2.0090062618255615,1.8414740562438965,3.06996750831604,3.0683531761169434,2.1488196849823,21.368331909179688,2.2815067768096924,1.9515677690505981,1.669752836227417,2.1420867443084717,23.350175857543945,2.3834428787231445,1.767886757850647,13.869932174682617,15.742131233215332,15.144462585449219,21.014863967895508,2.194411277770996,4.0236005783081055,2.4210903644561768,5.493952751159668,1.9175515174865723,4.220919609069824,10.992191314697266,3.2683162689208984,1.8201543092727661,2.1972577571868896,2.3682682514190674,1.9974162578582764,5.105090618133545,21.50482749938965,20.07392120361328,1.799047589302063
4.137967109680176,23.25908088684082,22.988744735717773,3.062166213989258,23.308979034423828,22.85588264465332,22.892345428466797,23.56414031982422,6.994085788726807,23.247201919555664,23.053794860839844,23.72684097290039,7.284430503845215,23.21171760559082,23.54698371887207,11.237154006958008,23.034021377563477,0.0,22.298158645629883,23.626182556152344,22.981733322143555,22.958251953125,23.55531120300293,23.526575088500977,24.019363403320312,22.889375686645508,6.279641628265381,23.252872467041016,23.49153709411621,23.119915008544922,27.31524658203125,25.91387939453125,5.7178425788879395,22.802947998046875,23.711963653564453,23.58149528503418,23.44185447692871,22.768062591552734,25.142187118530273,23.265230178833008,23.22597312927246,23.580320358276367,24.35868263244629,26.778827667236328,27.854825973510742,23.889406204223633,23.66259002685547,23.079757690429688,9.601014137268066,3.4655020236968994,23.183685302734375,23.432697296142578,23.125694274902344,23.207866668701172,28.253955841064453,7.594547748565674,23.329313278198242,5.089038848876953,23.33795738220215,23.301651000976562,7.655087947845459,23.031190872192383,4.838886737823486,5.9374895095825195,23.138151168823242,23.029512405395508,23.44401741027832,22.74285888671875,22.96706199645996,23.19249725341797,23.269163131713867,23.685022354125977,3.6866722106933594,22.663429260253906,23.24692153930664,23.223163604736328,23.441104888916016,3.917386531829834,22.897329330444336,23.442873001098633,27.556758880615234,27.45144271850586,27.837377548217773,6.202155590057373,23.1851806640625,24.331905364990234,23.508155822753906,23.599842071533203,23.1866397857666,22.85481071472168,24.3292179107666,23.27090835571289,23.283645629882812,23.38993263244629,23.324777603149414,23.55179786682129,23.8251953125,6.338208198547363,5.605881214141846,23.462724685668945
19.888389587402344,3.0775928497314453,2.908958911895752,21.030717849731445,2.140345573425293,2.061840057373047,2.1308436393737793,3.278764247894287,21.23219108581543,2.3049514293670654,2.2868094444274902,2.0637097358703613,20.861112594604492,1.8377217054367065,2.446197986602783,22.763172149658203,2.2921464443206787,22.298158645629883,0.0,3.0084621906280518,2.2863869667053223,2.291003704071045,2.544506788253784,2.0334765911102295,5.515316009521484,2.049949884414673,21.029361724853516,5.220634460449219,2.5451085567474365,2.430460214614868,15.479554176330566,12.809345245361328,21.049663543701172,2.1355979442596436,2.835437774658203,2.0871405601501465,2.548283576965332,3.4782087802886963,7.063198566436768,2.8027329444885254,2.635500192642212,2.402765989303589,6.581783294677734,13.027533531188965,17.14493179321289,2.6935858726501465,2.362653970718384,1.7158247232437134,22.031700134277344,21.95764923095703,3.1132915019989014,2.5357398986816406,2.3165547847747803,2.182539939880371,16.572717666625977,20.59168243408203,2.8490655422210693,20.88851547241211,1.8879698514938354,2.225616216659546,19.32169532775879,1.972031593322754,19.276437759399414,18.38821029663086,2.3062407970428467,2.5207769870758057,4.010817527770996,2.640254497528076,2.2789194583892822,3.5552589893341064,2.8887834548950195,2.360170841217041,20.816078186035156,1.3920907974243164,2.1359782218933105,2.0386171340942383,3.080170154571533,22.69014549255371,3.0584561824798584,2.583737373352051,14.723071098327637,16.674015045166016,14.976334571838379,20.584671020507812,2.669111728668213,5.05672025680542,2.6825127601623535,5.636842250823975,2.5409553050994873,3.307013511657715,9.508255958557129,2.735891342163086,2.3086698055267334,2.6050102710723877,3.1544809341430664,2.110016107559204,5.873137950897217,20.8245792388916,19.416465759277344,2.2460556030273438
21.04201316833496,3.5336754322052,4.651065826416016,22.300249099731445,3.3510332107543945,3.7804408073425293,3.9446873664855957,3.2863783836364746,22.301206588745117,3.765791654586792,3.6560399532318115,2.611020565032959,21.878829956054688,3.3922882080078125,3.9773738384246826,23.13515281677246,3.3044748306274414,23.626182556152344,3.0084621906280518,0.2007020115852356,3.4634249210357666,3.9156837463378906,3.9024453163146973,3.3078675270080566,4.174123287200928,3.476396322250366,21.960737228393555,7.441476345062256,4.077775478363037,3.8902218341827393,16.35126304626465,11.387845039367676,22.03070068359375,3.8656716346740723,3.2531256675720215,2.957334280014038,3.634082317352295,5.641927242279053,7.137178897857666,3.882077693939209,3.0066614151000977,2.91435170173645,6.410265922546387,13.103772163391113,17.691537857055664,3.351914405822754,3.7218692302703857,3.416349172592163,22.75818634033203,23.27145767211914,4.111717224121094,4.142993927001953,3.7696704864501953,3.5167624950408936,16.306997299194336,21.48675537109375,3.6958866119384766,22.06641960144043,3.6031816005706787,3.6099941730499268,20.455957412719727,3.5540666580200195,20.547983169555664,19.411823272705078,3.7601256370544434,4.417537689208984,5.1691203117370605,4.401604652404785,4.0001044273376465,5.750940799713135,3.7476229667663574,3.693671464920044,22.222003936767578,3.2419588565826416,3.698239803314209,3.50089168548584,4.194655895233154,24.139205932617188,4.34906530380249,3.8119280338287354,14.296523094177246,16.91059112548828,15.374408721923828,21.37568473815918,4.559856414794922,6.526566505432129,4.001029014587402,7.301308631896973,4.101988315582275,4.738476753234863,10.812610626220703,4.802633285522461,3.863957166671753,3.4472644329071045,4.226513862609863,3.680525541305542,7.305802822113037,21.6474609375,20.356632232666016,3.347827672958374
20.42715072631836,2.0067079067230225,1.9898346662521362,21.745742797851562,0.9116847515106201,1.479647159576416,1.1626172065734863,2.9227705001831055,21.783132553100586,0.922675371170044,0.9497290253639221,1.515516757965088,21.299015045166016,1.6815431118011475,1.4752410650253296,23.166839599609375,1.845507025718689,22.981733322143555,2.2863869667053223,3.4634249210357666,0.0,1.12366783618927,1.5101135969161987,1.2158536911010742,5.283596038818359,1.5777629613876343,21.514009475708008,4.3321452140808105,1.3078327178955078,1.3984367847442627,15.233231544494629,12.900018692016602,21.648269653320312,0.87682044506073,1.5627734661102295,1.5631706714630127,1.9809598922729492,3.248210906982422,6.297524452209473,1.2255481481552124,2.0120315551757812,1.690142273902893,5.35260009765625,12.7445068359375,16.184017181396484,2.075144052505493,1.8817940950393677,1.387553334236145,22.706451416015625,22.517057418823242,1.822617769241333,1.2282835245132446,0.9184932708740234,0.9128848314285278,15.254624366760254,21.095151901245117,2.5446486473083496,21.522663116455078,1.8934738636016846,0.8603798151016235,19.60698890686035,1.0709645748138428,19.857147216796875,18.943504333496094,1.7528254985809326,1.5107355117797852,3.062487840652466,1.486329436302185,1.09469473361969,3.2049026489257812,2.261932611465454,1.1449410915374756,21.4488468170166,1.8156245946884155,0.8227004408836365,1.2881284952163696,1.2130494117736816,23.309894561767578,1.5492411851882935,0.8750196099281311,14.285624504089355,15.92065715789795,16.050334930419922,21.18205451965332,2.0650808811187744,4.403225898742676,1.6853923797607422,4.79750919342041,1.1526548862457275,3.5033955574035645,10.185785293579102,2.3751683235168457,1.2828433513641357,1.073049783706665,2.211109161376953,1.2032597064971924,4.866048812866211,21.562557220458984,20.12196922302246,1.080540657043457
