0.0,20.906431198120117,21.176729202270508,1.8184590339660645,20.60894775390625,20.63375473022461,20.94351577758789,20.23727798461914,3.1677398681640625,20.838865280151367,20.817392349243164,20.988107681274414,3.7130627632141113,20.708982467651367,20.953853607177734,15.824134826660156,20.530704498291016,2.0523579120635986,20.03050994873047,20.797494888305664,20.845163345336914,20.29579734802246,20.963132858276367,21.628822326660156,20.6445369720459,20.73313331604004,1.036253809928894,20.700902938842773,21.170448303222656,20.979433059692383,21.15196990966797,21.56291389465332,2.246429920196533,21.22705841064453,21.000381469726562,21.26300048828125,21.038639068603516,27.059141159057617,20.985858917236328,20.48716163635254,20.981107711791992,21.428861618041992,22.137174606323242,21.240089416503906,21.222814559936523,21.712860107421875,28.15081787109375,20.994638442993164,1.89583158493042,3.1483163833618164,20.533355712890625,21.12542152404785,20.573440551757812,21.046382904052734,21.17816925048828,1.4367461204528809,21.254697799682617,0.996576189994812,20.932817459106445,20.78374481201172,2.5037143230438232,20.706024169921875,1.810124397277832,2.0687642097473145,20.484472274780273,20.73357582092285,20.887815475463867,20.66431427001953,20.658323287963867,21.37054443359375,21.071317672729492,21.20784568786621,3.2524030208587646,20.380617141723633,20.877885818481445,20.622722625732422,20.691091537475586,3.349216938018799,20.948104858398438,20.953752517700195,26.160045623779297,20.59214210510254,20.201723098754883,2.2772600650787354,20.577531814575195,21.116077423095703,20.90372657775879,21.13863182067871,20.71034049987793,20.845596313476562,20.59558868408203,20.805723190307617,21.038434982299805,20.994388580322266,20.711366653442383,21.245651245117188,20.258209228515625,1.9960592985153198,3.030449628829956,20.620357513427734
20.906431198120117,0.08950342983007431,1.0299341678619385,21.682022094726562,0.7515941262245178,0.47756004333496094,0.8522912263870239,0.9573291540145874,22.274974822998047,0.5464196801185608,0.7108315229415894,0.4718828499317169,20.77749252319336,0.3797057867050171,0.6983002424240112,26.668075561523438,1.7232595682144165,19.2659969329834,1.403723955154419,1.3226853609085083,0.5948251485824585,1.1965899467468262,0.9275328516960144,1.2243508100509644,1.9420197010040283,0.6969701051712036,21.657196044921875,0.48738980293273926,0.5844626426696777,0.11834551393985748,0.7770811915397644,0.739493191242218,22.50609016418457,1.000806450843811,1.359418511390686,0.8226529359817505,1.0167661905288696,17.316049575805664,1.5410540103912354,0.611030101776123,0.34998559951782227,0.7076258659362793,2.044796943664551,2.052225112915039,1.3487612009048462,1.6305856704711914,19.265377044677734,1.0754573345184326,22.162334442138672,22.59027862548828,0.6357444524765015,0.6933978796005249,0.5885764360427856,0.5544828772544861,3.003504991531372,21.82636260986328,0.4975526034832001,21.608945846557617,0.4312891960144043,0.6480447053909302,21.89767074584961,0.6204639077186584,21.21881675720215,20.448396682739258,0.8545552492141724,0.3059276044368744,0.9286940097808838,0.4294499456882477,0.5530586242675781,1.6327307224273682,0.7587469816207886,0.915492832660675,22.21915054321289,0.7303799390792847,0.6699190139770508,1.3979463577270508,0.9190423488616943,21.02078628540039,0.4964473247528076,0.47920867800712585,16.799583435058594,0.40908995270729065,2.4277851581573486,20.194387435913086,0.8392701148986816,0.41875746846199036,0.3223632574081421,0.5535050630569458,0.3049502968788147,2.835486888885498,1.5163459777832031,0.7899153232574463,1.9101592302322388,0.5525393486022949,0.8497777581214905,0.562347412109375,1.390453577041626,22.122678756713867,21.740018844604492,0.7159781455993652
21.176729202270508,1.0299341678619385,0.1958732157945633,21.910449981689453,1.1700172424316406,1.127095341682434,0.9318995475769043,1.404567837715149,22.57186508178711,1.2202975749969482,0.5477793216705322,1.0637388229370117,20.933320999145508,0.9025709629058838,0.47299307584762573,26.3603572845459,1.24441659450531,19.494192123413086,1.6262047290802002,0.6293761730194092,1.2745543718338013,0.9906946420669556,0.8098276853561401,0.6731612086296082,2.364180088043213,0.7273863554000854,21.9306640625,1.0754493474960327,0.6821049451828003,0.9631233215332031,1.6027934551239014,1.1352344751358032,22.716571807861328,0.5067333579063416,1.4176849126815796,0.44152507185935974,1.1400060653686523,17.718982696533203,2.0645015239715576,1.099387288093567,0.9770779609680176,0.8348472714424133,1.2877819538116455,1.5449928045272827,0.9959683418273926,1.1904821395874023,19.448293685913086,0.8944459557533264,22.37247657775879,22.73914337158203,0.8654305338859558,1.2500755786895752,0.841006875038147,0.5538891553878784,3.4002532958984375,22.106176376342773,1.0940594673156738,21.89422607421875,0.992253839969635,0.8593339323997498,22.262720108032227,1.072191834449768,21.464580535888672,20.669937133789062,1.0388283729553223,1.1163283586502075,0.906373143196106,1.2276326417922974,1.3672740459442139,2.2617411613464355,0.47707852721214294,0.5205142498016357,22.355039596557617,1.3962814807891846,0.6947361826896667,1.0396579504013062,1.3599634170532227,21.188562393188477,1.3783832788467407,0.7149357795715332,16.958026885986328,0.9679099321365356,2.531402111053467,20.413972854614258,1.1606789827346802,0.9768573641777039,0.9560831189155579,1.0008093118667603,1.2374275922775269,2.8694326877593994,1.1322128772735596,1.2071971893310547,2.7726352214813232,1.2802224159240723,1.5559180974960327,0.8757331967353821,2.2858805656433105,22.442705154418945,21.892845153808594,1.1764631271362305
1.8184590339660645,21.682022094726562,21.910449981689453,0.0,21.412139892578125,21.430992126464844,21.735734939575195,20.997346878051758,2.520720958709717,21.640522003173828,21.552738189697266,21.732744216918945,3.6182587146759033,21.478811264038086,21.71640396118164,14.741486549377441,21.218490600585938,2.418766975402832,20.850143432617188,21.541494369506836,21.614057540893555,21.02610206604004,21.706912994384766,22.3472843170166,21.30023765563965,21.460487365722656,1.4529675245285034,21.497455596923828,21.948532104492188,21.74687385559082,21.973039627075195,22.351926803588867,1.0690144300460815,21.951078414916992,21.78477668762207,22.014558792114258,21.759843826293945,27.321903228759766,21.714977264404297,21.260759353637695,21.731834411621094,22.213586807250977,22.853700637817383,21.916227340698242,22.012014389038086,22.387035369873047,28.732717514038086,21.72294044494629,1.1778234243392944,2.3439974784851074,21.30362892150879,21.917818069458008,21.32711410522461,21.792634963989258,21.835344314575195,1.0238250494003296,22.05341339111328,1.8841087818145752,21.70281219482422,21.57586097717285,3.279724359512329,21.501827239990234,0.5008842349052429,1.685165524482727,21.27367401123047,21.515247344970703,21.68278694152832,21.439006805419922,21.463947296142578,22.254100799560547,21.81556510925293,21.947738647460938,2.43935227394104,21.173946380615234,21.613250732421875,21.308006286621094,21.40695571899414,1.875838041305542,21.716955184936523,21.700267791748047,27.543689727783203,21.36817741394043,20.833988189697266,2.2395455837249756,21.38825798034668,21.868934631347656,21.688905715942383,21.924577713012695,21.490097045898438,21.51609992980957,21.295244216918945,21.525466918945312,21.799108505249023,21.808870315551758,21.498455047607422,22.019573211669922,21.071714401245117,2.854365110397339,2.467414617538452,21.380964279174805
20.60894775390625,0.7515941262245178,1.1700172424316406,21.412139892578125,0.0,0.36718231439590454,0.5046476125717163,1.11003839969635,22.01091766357422,0.8916598558425903,0.9811211824417114,1.1823281049728394,20.498382568359375,0.6546539068222046,0.7884107828140259,26.479549407958984,1.5959314107894897,18.987018585205078,0.995966911315918,1.227523922920227,0.9613155722618103,1.050771713256836,1.1624244451522827,1.4622763395309448,2.48134183883667,0.9924681186676025,21.363683700561523,0.5040557384490967,0.7169365882873535,0.7934388518333435,1.0943976640701294,1.181660771369934,22.22895622253418,1.353894591331482,1.0629011392593384,0.926699697971344,1.3884177207946777,17.886682510375977,2.2171173095703125,0.8316139578819275,1.0059210062026978,0.9662156701087952,2.3116044998168945,2.4129371643066406,1.284184455871582,2.035212516784668,19.6217041015625,1.5160421133041382,21.86655616760254,22.280982971191406,0.6044519543647766,0.6956662535667419,0.7390184998512268,0.9627717733383179,3.2266910076141357,21.553573608398438,0.8275997042655945,21.328048706054688,0.7545409798622131,0.5592575073242188,21.624868392944336,0.7333431839942932,20.9565486907959,20.189821243286133,0.38966435194015503,0.6317476034164429,0.5632962584495544,0.8136354088783264,0.4446652829647064,1.5281864404678345,0.8674678802490234,1.0308235883712769,21.909133911132812,0.4504864811897278,0.9053245186805725,1.6601309776306152,1.3983434438705444,20.773967742919922,1.109034538269043,0.884747326374054,16.62662124633789,0.5797804594039917,2.9144372940063477,19.932897567749023,0.4958649277687073,1.0125677585601807,0.7301801443099976,0.9437869191169739,0.8178930878639221,3.361071825027466,1.7572658061981201,1.3595454692840576,2.4278690814971924,0.7558795809745789,1.2785683870315552,0.7682897448539734,1.4396058320999146,21.813432693481445,21.457530975341797,1.1848170757293701
20.63375473022461,0.47756004333496094,1.127095341682434,21.430992126464844,0.36718231439590454,0.07570721954107285,0.6260885000228882,0.9807376861572266,22.037975311279297,0.5634418725967407,0.8288893103599548,0.9026955962181091,20.503299713134766,0.38426461815834045,0.7079047560691833,26.474472045898438,1.7182397842407227,19.006452560424805,0.9895628690719604,1.2196276187896729,0.8379987478256226,1.060807228088379,0.988023579120636,1.4585130214691162,2.259361505508423,0.8625750541687012,21.39000129699707,0.21831360459327698,0.6246199607849121,0.5615531802177429,0.9178637862205505,1.017377495765686,22.24784278869629,1.1945247650146484,1.298822283744812,0.9388631582260132,1.3117862939834595,17.55891227722168,1.85862398147583,0.6085057854652405,0.7789504528045654,0.8597200512886047,2.223437786102295,2.265601873397827,1.2988002300262451,1.9609136581420898,19.439929962158203,1.3049564361572266,21.892969131469727,22.31749153137207,0.45209676027297974,0.7533000707626343,0.6152483224868774,0.8066902756690979,3.228515386581421,21.572288513183594,0.6745622754096985,21.34320831298828,0.6510955095291138,0.4426274299621582,21.63776397705078,0.44713979959487915,20.97208595275879,20.195863723754883,0.546000599861145,0.3427748382091522,0.7259426712989807,0.5201935172080994,0.34639209508895874,1.4993176460266113,0.8688377141952515,1.0104888677597046,21.94710922241211,0.45872873067855835,0.8363937139511108,1.5053266286849976,1.186588168144226,20.786367416381836,0.8757354021072388,0.7085632085800171,16.555572509765625,0.30047670006752014,2.6299216747283936,19.936376571655273,0.5170988440513611,0.8314201235771179,0.44481322169303894,0.6771572232246399,0.48405003547668457,3.0302951335906982,1.5726304054260254,1.1452826261520386,2.1887073516845703,0.5561452507972717,0.9313212037086487,0.707162082195282,1.3829542398452759,21.848800659179688,21.473264694213867,0.8469381332397461
20.94351577758789,0.8522912263870239,0.9318995475769043,21.735734939575195,0.5046476125717163,0.6260885000228882,0.1535595953464508,1.4486830234527588,22.365446090698242,0.969145655632019,0.8803980350494385,1.2229541540145874,20.764175415039062,0.6920197606086731,0.6654110550880432,26.588146209716797,1.6290162801742554,19.30726432800293,1.1043250560760498,1.00263249874115,1.2223153114318848,1.0354684591293335,0.8883681297302246,1.243844747543335,2.5758750438690186,0.9945424795150757,21.69826889038086,0.6252745985984802,0.44787928462028503,0.8599961996078491,1.2813013792037964,1.1054679155349731,22.55008316040039,1.090303897857666,1.2528425455093384,0.7184274792671204,1.5082855224609375,17.831035614013672,2.2224202156066895,1.080583095550537,1.0825978517532349,0.7835184335708618,1.997757077217102,2.355504035949707,1.2036464214324951,1.9162226915359497,19.84743881225586,1.4981015920639038,22.181001663208008,22.58737564086914,0.6877247095108032,0.8219605088233948,0.9039065837860107,0.9114985466003418,3.360478162765503,21.891101837158203,0.8469786643981934,21.666894912719727,0.9360920786857605,0.5842031836509705,21.976398468017578,0.7501869201660156,21.281476974487305,20.49725341796875,0.6956251263618469,0.761842668056488,0.6041836738586426,0.9252196550369263,0.7845195531845093,1.5124447345733643,0.736510694026947,0.7157077193260193,22.210601806640625,0.845649003982544,0.8914191722869873,1.524548888206482,1.4456292390823364,21.07554054260254,1.2971456050872803,0.8009741306304932,16.542415618896484,0.7439701557159424,2.9162983894348145,20.233150482177734,0.7778318524360657,1.0584189891815186,0.792991578578949,0.7817515730857849,0.9648051857948303,3.2616162300109863,1.6005034446716309,1.4697710275650024,2.5724732875823975,0.9067318439483643,1.2975322008132935,0.5893261432647705,1.8669612407684326,22.167469024658203,21.75284194946289,1.22602117061615
20.23727798461914,0.9573291540145874,1.404567837715149,20.997346878051758,1.11003839969635,0.9807376861572266,1.4486830234527588,0.10557720065116882,21.581932067871094,1.118689775466919,1.0823960304260254,1.009146809577942,20.16249656677246,0.985288143157959,1.1035544872283936,26.03997802734375,1.4979902505874634,18.590951919555664,1.5373823642730713,1.5239945650100708,0.7318304777145386,1.2531979084014893,1.5461652278900146,1.669355869293213,2.0090434551239014,0.9554819464683533,20.991592407226562,1.0569988489151,1.3360024690628052,0.979591965675354,1.2940982580184937,1.4630900621414185,21.81107521057129,1.5195199251174927,1.3868803977966309,1.3365812301635742,0.9672081470489502,17.600351333618164,1.8979358673095703,0.48987728357315063,0.9049304723739624,1.4291571378707886,2.421905279159546,1.8692762851715088,1.5082975625991821,1.8216081857681274,18.75641632080078,1.0965635776519775,21.489240646362305,21.889524459838867,0.9181292653083801,1.2944047451019287,0.6462217569351196,0.9966479539871216,3.1254870891571045,21.153484344482422,1.238288164138794,20.935420989990234,0.8123039603233337,1.056530475616455,21.264068603515625,1.1447129249572754,20.544342041015625,19.789051055908203,0.9077829718589783,1.0158236026763916,1.200666069984436,1.0721704959869385,1.0719364881515503,2.355642795562744,1.192519187927246,1.5207602977752686,21.52029800415039,1.003969430923462,1.0271270275115967,1.557485580444336,1.257696509361267,20.332279205322266,0.9533300995826721,1.1144371032714844,17.094881057739258,0.8204984664916992,2.3800344467163086,19.549543380737305,0.9631178975105286,1.0313221216201782,0.9781569242477417,1.3970736265182495,0.9897927045822144,2.986830949783325,1.6664191484451294,0.9088250994682312,2.3061296939849854,1.1449811458587646,1.4553697109222412,1.385396957397461,1.317115306854248,21.457988739013672,21.055755615234375,1.050031304359436
3.1677398681640625,22.274974822998047,22.57186508178711,2.520720958709717,22.01091766357422,22.037975311279297,22.365446090698242,21.581932067871094,0.7789614796638489,22.26992416381836,22.197975158691406,22.327863693237305,6.0532002449035645,22.102069854736328,22.36372184753418,16.838571548461914,21.831008911132812,4.044366836547852,21.533790588378906,22.252700805664062,22.16155433654785,21.682933807373047,22.378219604492188,22.959077835083008,21.82190704345703,22.07747459411621,2.4825563430786133,22.119997024536133,22.57960319519043,22.335317611694336,22.529260635375977,22.948406219482422,3.2381515502929688,22.62194061279297,22.32904624938965,22.63564109802246,22.317176818847656,27.882287979125977,22.3370361328125,21.87698745727539,22.316198348999023,22.83592987060547,23.582677841186523,22.617856979370117,22.683103561401367,22.986671447753906,29.135988235473633,22.383785247802734,3.375113010406494,4.3632025718688965,21.9437313079834,22.466873168945312,21.940595626831055,22.414813995361328,22.16200065612793,1.8860433101654053,22.645326614379883,3.078085422515869,22.27689552307129,22.21902084350586,2.934022903442383,22.151201248168945,2.4170944690704346,3.901008129119873,21.89219093322754,22.113813400268555,22.308364868164062,22.03706169128418,22.034276962280273,22.82817840576172,22.431726455688477,22.583683013916016,4.518503189086914,21.747074127197266,22.216758728027344,21.99681854248047,21.987239837646484,3.847118854522705,22.26582908630371,22.31617546081543,28.853187561035156,21.987905502319336,21.52532196044922,4.43268346786499,22.014583587646484,22.44491958618164,22.307722091674805,22.5623779296875,22.0838680267334,22.300363540649414,22.02549171447754,22.100412368774414,22.25794219970703,22.40439224243164,22.129697799682617,22.61659812927246,21.537160873413086,2.523376941680908,4.953053951263428,22.030210494995117
20.838865280151367,0.5464196801185608,1.2202975749969482,21.640522003173828,0.8916598558425903,0.5634418725967407,0.969145655632019,1.118689775466919,22.26992416381836,0.10664670914411545,0.9526976346969604,0.8162473440170288,20.678571701049805,0.586459755897522,0.8222714066505432,26.593978881835938,2.0664288997650146,19.213472366333008,1.1961654424667358,1.3334909677505493,0.9820480942726135,1.394123911857605,1.0275869369506836,1.5763074159622192,2.2868049144744873,1.0672733783721924,21.60426902770996,0.4559135138988495,0.7370608448982239,0.6583929061889648,0.7871639132499695,0.8374933004379272,22.446216583251953,1.1609697341918945,1.6514616012573242,1.1226587295532227,1.4319936037063599,17.280048370361328,1.5297938585281372,0.6620330214500427,0.8117543458938599,0.7985092997550964,2.0525317192077637,2.1004977226257324,1.2612054347991943,1.9864721298217773,19.104246139526367,1.1183819770812988,22.10218048095703,22.52988624572754,0.7248501777648926,1.0615661144256592,0.8653016090393066,0.8523293137550354,3.5065488815307617,21.782649993896484,0.6182188391685486,21.534549713134766,0.8381659984588623,0.5739845037460327,21.839975357055664,0.3555358052253723,21.182937622070312,20.387537002563477,0.9572484493255615,0.5759997367858887,1.0051337480545044,0.6658151149749756,0.7559375762939453,1.4980800151824951,1.1104387044906616,1.2116098403930664,22.162782669067383,0.9648793339729309,1.0895347595214844,1.56999671459198,1.3053313493728638,20.994482040405273,0.8769999146461487,0.8553327322006226,16.294580459594727,0.5559017062187195,2.4878785610198975,20.122005462646484,0.7431710958480835,0.8950492143630981,0.353402316570282,0.4804568290710449,0.5351616144180298,2.6736886501312256,1.5270483493804932,1.1864756345748901,2.1290338039398193,0.45722734928131104,0.689635694026947,0.9013264775276184,1.603126883506775,22.071165084838867,21.656953811645508,0.6213731169700623
20.817392349243164,0.7108315229415894,0.5477793216705322,21.552738189697266,0.9811211824417114,0.8288893103599548,0.8803980350494385,1.0823960304260254,22.197975158691406,0.9526976346969604,0.0,0.7058216333389282,20.592086791992188,0.4869709014892578,0.45748382806777954,26.19495391845703,1.2812983989715576,19.138126373291016,1.3732298612594604,0.7738245725631714,1.0387990474700928,0.6973278522491455,0.5453784465789795,0.9794508218765259,1.9593878984451294,0.2796074151992798,21.566648483276367,0.7876543998718262,0.6489828824996948,0.6638728976249695,1.4372804164886475,1.1444520950317383,22.37017822265625,0.49999427795410156,1.508233666419983,0.6454272866249084,1.0458979606628418,17.36783218383789,1.6863517761230469,0.7696477174758911,0.6646122932434082,0.914544403553009,1.7034127712249756,1.6851824522018433,1.2722125053405762,1.3693739175796509,19.434078216552734,0.8311895132064819,22.026519775390625,22.420991897583008,0.506172239780426,1.1420872211456299,0.48442816734313965,0.4032387137413025,3.1736361980438232,21.734901428222656,1.0160990953445435,21.528648376464844,0.8073969483375549,0.7256746292114258,21.868061065673828,0.7906683087348938,21.097612380981445,20.307313919067383,0.8846481442451477,0.7405950427055359,0.9709143042564392,0.7878057360649109,1.0706225633621216,2.145460367202759,0.5051632523536682,0.5699194073677063,22.04001808166504,1.0423613786697388,0.43277037143707275,0.757724404335022,0.89870285987854,20.840513229370117,1.0676369667053223,0.3484070599079132,16.94894027709961,0.5769525766372681,2.1472256183624268,20.051156997680664,1.0329197645187378,0.7488266825675964,0.7096068859100342,0.8007729053497314,0.819616973400116,2.6166396141052246,0.9155896902084351,0.8406654596328735,2.3796448707580566,1.1149829626083374,1.1415985822677612,0.7879377007484436,1.935886025428772,22.07486343383789,21.565034866333008,0.7445339560508728
20.988107681274414,0.4718828499317169,1.0637388229370117,21.732744216918945,1.1823281049728394,0.9026955962181091,1.2229541540145874,1.009146809577942,22.327863693237305,0.8162473440170288,0.7058216333389282,0.0,20.835813522338867,0.6455691456794739,0.883676290512085,26.608280181884766,1.7373417615890503,19.3259334564209,1.7252446413040161,1.4356039762496948,0.7094375491142273,1.2981266975402832,0.9643553495407104,1.1842381954193115,1.5897982120513916,0.6425098776817322,21.733760833740234,0.8817586302757263,0.8743621706962585,0.40710827708244324,1.0488981008529663,0.8846125602722168,22.56148338317871,0.8997559547424316,1.6291685104370117,0.9678754210472107,0.8754467368125916,17.01823616027832,1.216950535774231,0.7671568393707275,0.22240768373012543,0.9331901669502258,1.957234501838684,1.8131318092346191,1.5439128875732422,1.3839507102966309,19.09113311767578,0.8812814950942993,22.23031234741211,22.656692504882812,0.8839524984359741,1.0404062271118164,0.7225269079208374,0.5579531788825989,2.8934545516967773,21.88855743408203,0.8279971480369568,21.683494567871094,0.6565391421318054,0.9867901802062988,21.979328155517578,0.9228376150131226,21.266944885253906,20.49530601501465,1.1978628635406494,0.6647571921348572,1.2775386571884155,0.6463265419006348,0.9855020642280579,2.009565830230713,0.8807803392410278,1.0130008459091187,22.283430099487305,1.0908234119415283,0.7062039375305176,1.2196401357650757,0.6909108757972717,21.044221878051758,0.4976446032524109,0.5310381054878235,17.0477352142334,0.7081930041313171,2.0780293941497803,20.24553680419922,1.217972755432129,0.3910227417945862,0.6416602730751038,0.7749193906784058,0.5575376749038696,2.5344078540802,1.3774101734161377,0.45083776116371155,1.7810722589492798,0.9347922205924988,0.9203540682792664,0.8374033570289612,1.5821198225021362,22.218069076538086,21.794687271118164,0.6634734272956848
3.7130627632141113,20.77749252319336,20.933320999145508,3.6182587146759033,20.498382568359375,20.503299713134766,20.764175415039062,20.16249656677246,6.0532002449035645,20.678571701049805,20.592086791992188,20.835813522338867,0.0,20.5310001373291,20.75347900390625,13.00455093383789,20.362943649291992,3.278728485107422,19.807937622070312,20.496809005737305,20.800994873046875,20.05506134033203,20.676183700561523,21.439477920532227,20.5139102935791,20.545835494995117,4.081622123718262,20.544870376586914,20.98180389404297,20.850820541381836,21.112878799438477,21.437044143676758,3.6186342239379883,20.944664001464844,20.989463806152344,21.0841007232666,20.96003532409668,26.147571563720703,20.756196975708008,20.356552124023438,20.8538761138916,21.263324737548828,21.79045867919922,20.96261215209961,21.037826538085938,21.52886390686035,28.74325180053711,20.775314331054688,3.2002081871032715,3.6565046310424805,20.344890594482422,21.067424774169922,20.42430305480957,20.869688034057617,21.30257797241211,4.29201078414917,21.14535140991211,4.005138874053955,20.84589195251465,20.609159469604492,5.484327793121338,20.510921478271484,3.6982388496398926,2.403451919555664,20.35707664489746,20.594297409057617,20.750654220581055,20.51451301574707,20.57954978942871,21.291194915771484,20.896398544311523,20.979841232299805,3.499782085418701,20.293413162231445,20.713958740234375,20.294055938720703,20.523134231567383,3.427992105484009,20.882640838623047,20.76682472229004,25.24284553527832,20.434419631958008,19.826465606689453,1.9260070323944092,20.455455780029297,20.999008178710938,20.751567840576172,20.935157775878906,20.575899124145508,20.349077224731445,20.221660614013672,20.67778205871582,21.03298568725586,20.89554786682129,20.507396697998047,21.094343185424805,20.35257911682129,5.476261615753174,2.305356025695801,20.403810501098633
20.708982467651367,0.3797057867050171,0.9025709629058838,21.478811264038086,0.6546539068222046,0.38426461815834045,0.6920197606086731,0.985288143157959,22.102069854736328,0.586459755897522,0.4869709014892578,0.6455691456794739,20.5310001373291,0.0,0.5594757199287415,26.369525909423828,1.5918328762054443,19.058305740356445,1.1111011505126953,1.0478328466415405,0.8660628199577332,0.8704590797424316,0.6569660305976868,1.2696363925933838,2.0073156356811523,0.5551034212112427,21.461057662963867,0.3520423173904419,0.5288119912147522,0.4198514521121979,1.0881675481796265,0.9998455047607422,22.299104690551758,0.8604596257209778,1.4567995071411133,0.8066477179527283,1.1856634616851807,17.325355529785156,1.6095900535583496,0.5862922072410583,0.5817968845367432,0.8221507668495178,2.0190796852111816,2.04085636138916,1.3327505588531494,1.7225360870361328,19.451541900634766,1.0746616125106812,21.94867515563965,22.369104385375977,0.31257933378219604,0.8906431794166565,0.46843862533569336,0.5728419423103333,3.1535372734069824,21.63494873046875,0.7540921568870544,21.41687774658203,0.6565318703651428,0.5058895349502563,21.72222137451172,0.4312073588371277,21.018346786499023,20.233715057373047,0.7118464112281799,0.28466421365737915,0.8680986762046814,0.3746030628681183,0.6250839233398438,1.726949691772461,0.7001197338104248,0.7800063490867615,21.994592666625977,0.6564199924468994,0.6064728498458862,1.1429753303527832,0.9003270864486694,20.804691314697266,0.83064204454422,0.38721656799316406,16.696338653564453,0.17323459684848785,2.3053174018859863,19.974008560180664,0.7691990733146667,0.6757784485816956,0.40005701780319214,0.5368536114692688,0.38693076372146606,2.731858491897583,1.23723566532135,0.905407726764679,2.122131586074829,0.747804582118988,0.7952097654342651,0.6343207359313965,1.5766011476516724,21.942995071411133,21.512849807739258,0.5920852422714233
20.953853607177734,0.6983002424240112,0.47299307584762573,21.71640396118164,0.7884107828140259,0.7079047560691833,0.6654110550880432,1.1035544872283936,22.36372184753418,0.8222714066505432,0.45748382806777954,0.883676290512085,20.75347900390625,0.5594757199287415,0.050724878907203674,26.376476287841797,1.3742215633392334,19.29471206665039,1.2842283248901367,0.679947018623352,0.9960277080535889,0.919083833694458,0.771973729133606,0.9451087117195129,2.3414466381073,0.6436191201210022,21.712921142578125,0.6565623879432678,0.41023993492126465,0.6773529052734375,1.2460256814956665,0.927258312702179,22.520870208740234,0.6859001517295837,1.2531400918960571,0.45325127243995667,1.0970104932785034,17.704431533813477,1.9366724491119385,0.7180424332618713,0.7659986019134521,0.6238270401954651,1.5708255767822266,1.703629970550537,0.847328782081604,1.4619163274765015,19.33307456970215,0.8514202833175659,22.175174713134766,22.55854034423828,0.4983416795730591,0.9881944060325623,0.5430881977081299,0.3893999457359314,3.398139238357544,21.892793655395508,0.7671157717704773,21.666898727416992,0.6972218751907349,0.4048272669315338,22.016931533813477,0.6677759885787964,21.268468856811523,20.477190017700195,0.6623743772506714,0.7656972408294678,0.5802277326583862,0.9165152311325073,0.9816080331802368,1.9400421380996704,0.44827303290367126,0.6266807913780212,22.180482864379883,1.0404291152954102,0.6111892461776733,1.1692466735839844,1.2708752155303955,21.026384353637695,1.1099679470062256,0.5581804513931274,16.72161102294922,0.5712865591049194,2.544776678085327,20.219165802001953,0.7175561785697937,0.7960272431373596,0.5581120848655701,0.7190670371055603,0.8970054984092712,2.8728885650634766,1.2126625776290894,1.0990992784500122,2.574665069580078,0.875638484954834,1.2621654272079468,0.68756103515625,1.9373996257781982,22.204347610473633,21.71095085144043,0.9054635763168335
15.824134826660156,26.668075561523438,26.3603572845459,14.741486549377441,26.479549407958984,26.474472045898438,26.588146209716797,26.03997802734375,16.838571548461914,26.593978881835938,26.19495391845703,26.608280181884766,13.00455093383789,26.369525909423828,26.376476287841797,0.0,25.764354705810547,14.962209701538086,25.799875259399414,25.89739418029785,26.722801208496094,25.70203971862793,26.29613494873047,26.840429306030273,26.351036071777344,26.20392417907715,15.952959060668945,26.471628189086914,26.712921142578125,26.703956604003906,27.19304847717285,27.214141845703125,14.277396202087402,26.37972068786621,26.81312370300293,26.667753219604492,26.597078323364258,31.512117385864258,26.57105255126953,26.194761276245117,26.645614624023438,26.970239639282227,26.744611740112305,25.935850143432617,26.530221939086914,26.753463745117188,32.262760162353516,26.207759857177734,14.464685440063477,13.345515251159668,26.137351989746094,27.047813415527344,26.181621551513672,26.494359970092773,27.46540641784668,15.926562309265137,27.022340774536133,15.94295597076416,26.687952041625977,26.397279739379883,17.82668685913086,26.377079010009766,15.09960651397705,14.352614402770996,26.210832595825195,26.5479793548584,26.509052276611328,26.490203857421875,26.682594299316406,27.636249542236328,26.510059356689453,26.554458618164062,13.120622634887695,26.394620895385742,26.391910552978516,25.685100555419922,26.347156524658203,13.399985313415527,26.851911544799805,26.485734939575195,31.37557029724121,26.301681518554688,25.26933479309082,14.295016288757324,26.352739334106445,26.788787841796875,26.590951919555664,26.745866775512695,26.558513641357422,25.599523544311523,25.562318801879883,26.4185791015625,27.41819953918457,26.875293731689453,26.510826110839844,26.901565551757812,26.808822631835938,17.358701705932617,12.896036148071289,26.19145393371582
20.530704498291016,1.7232595682144165,1.24441659450531,21.218490600585938,1.5959314107894897,1.7182397842407227,1.6290162801742554,1.4979902505874634,21.831008911132812,2.0664288997650146,1.2812983989715576,1.7373417615890503,20.362943649291992,1.5918328762054443,1.3742215633392334,25.764354705810547,0.0,18.825992584228516,2.075546979904175,1.3488883972167969,1.6146332025527954,1.0768903493881226,1.7068921327590942,1.3153307437896729,2.4298579692840576,1.155361294746399,21.264230728149414,1.7832807302474976,1.6491732597351074,1.6463876962661743,2.2966525554656982,2.075082540512085,22.040868759155273,1.5480983257293701,1.3932545185089111,1.2849774360656738,1.2706996202468872,18.24008560180664,2.7875518798828125,1.5753227472305298,1.5852975845336914,1.8414767980575562,2.2342188358306885,1.9365527629852295,1.7665268182754517,1.4902606010437012,19.611013412475586,1.623008131980896,21.702342987060547,22.04002571105957,1.44420325756073,1.730706810951233,1.2330740690231323,1.3695236444473267,3.043419361114502,21.430315017700195,1.930984377861023,21.264392852783203,1.4860739707946777,1.6379547119140625,21.645235061645508,1.8958433866500854,20.77620506286621,20.02945327758789,1.3662304878234863,1.7467560768127441,1.472826600074768,1.8270106315612793,1.8462269306182861,3.054771900177002,1.1436635255813599,1.3525605201721191,21.649511337280273,1.6688998937606812,1.1397074460983276,1.4328898191452026,1.6839805841445923,20.474464416503906,1.890106439590454,1.4431432485580444,17.850719451904297,1.5668030977249146,2.8064424991607666,19.79922866821289,1.6969804763793945,1.5961023569107056,1.7690892219543457,2.004211664199829,1.872007966041565,3.5765316486358643,1.7204504013061523,1.5366489887237549,3.187767505645752,2.043840169906616,2.3510582447052,1.6677303314208984,2.37009596824646,21.775203704833984,21.25265121459961,1.9193403720855713
2.0523579120635986,19.2659969329834,19.494192123413086,2.418766975402832,18.987018585205078,19.006452560424805,19.30726432800293,18.590951919555664,4.044366836547852,19.213472366333008,19.138126373291016,19.3259334564209,3.278728485107422,19.058305740356445,19.29471206665039,14.962209701538086,18.825992584228516,0.0,18.408248901367188,19.115432739257812,19.20987319946289,18.610078811645508,19.284923553466797,19.942974090576172,18.93815040588379,19.05274772644043,2.6827378273010254,19.0706729888916,19.523990631103516,19.333480834960938,19.554841995239258,19.9327335357666,3.2524263858795166,19.53572654724121,19.37788963317871,19.599102020263672,19.36797523498535,25.579214096069336,19.315866470336914,18.84364891052246,19.324565887451172,19.789968490600586,20.436410903930664,19.52295684814453,19.584320068359375,20.001413345336914,27.069360733032227,19.31352424621582,2.93294620513916,3.7730815410614014,18.880508422851562,19.504064559936523,18.91373634338379,19.379850387573242,19.513235092163086,2.783860206604004,19.632036209106445,2.7995688915252686,19.292264938354492,19.14748764038086,4.024870872497559,19.071565628051758,2.0986053943634033,1.4735418558120728,18.85005760192871,19.095951080322266,19.256898880004883,19.021787643432617,19.043495178222656,19.81644058227539,19.402883529663086,19.531742095947266,3.586341619491577,18.755538940429688,19.20526885986328,18.901721954345703,19.009489059448242,2.5995380878448486,19.312347412109375,19.286882400512695,25.348012924194336,18.94727897644043,18.455533981323242,1.562050700187683,18.95921516418457,19.46210289001465,19.266687393188477,19.49796485900879,19.07300567626953,19.12090301513672,18.879980087280273,19.129850387573242,19.420618057250977,19.383943557739258,19.074962615966797,19.60120391845703,18.673564910888672,3.848780393600464,3.175480842590332,18.961687088012695
20.03050994873047,1.403723955154419,1.6262047290802002,20.850143432617188,0.995966911315918,0.9895628690719604,1.1043250560760498,1.5373823642730713,21.533790588378906,1.1961654424667358,1.3732298612594604,1.7252446413040161,19.807937622070312,1.1111011505126953,1.2842283248901367,25.799875259399414,2.075546979904175,18.408248901367188,0.0,1.285496473312378,1.7583552598953247,1.1751630306243896,1.3381283283233643,2.1752824783325195,2.876999616622925,1.5002691745758057,20.800809860229492,0.9671297073364258,1.3299684524536133,1.498238444328308,1.7672597169876099,1.8680111169815063,21.645122528076172,1.6881184577941895,1.9579424858093262,1.6380764245986938,2.1441142559051514,17.706716537475586,2.362938165664673,1.2300459146499634,1.6731148958206177,1.6141908168792725,2.621821641921997,2.6688456535339355,1.6666686534881592,2.6978230476379395,19.75083351135254,1.8378870487213135,21.272716522216797,21.686203002929688,0.9330966472625732,1.6625666618347168,1.2786295413970947,1.5618101358413696,3.977673292160034,21.00420379638672,1.567917823791504,20.747358322143555,1.580824613571167,0.9963698983192444,21.07904052734375,0.9090821146965027,20.40143585205078,19.5850772857666,0.993536114692688,1.2016847133636475,1.2352708578109741,1.2546437978744507,1.207549810409546,1.8680616617202759,1.5648993253707886,1.5856248140335083,21.314512252807617,1.0994102954864502,1.5600734949111938,1.7321276664733887,1.8392778635025024,20.209379196166992,1.8108744621276855,1.453442931175232,15.960954666137695,1.046536922454834,2.804641008377075,19.3061466217041,0.962060809135437,1.757197380065918,1.261003851890564,1.327951192855835,1.3002499341964722,3.1015541553497314,1.6279288530349731,1.9238967895507812,2.8997418880462646,1.3707348108291626,1.3478243350982666,1.5380849838256836,2.031557083129883,21.280275344848633,20.822412490844727,1.2970775365829468
20.797494888305664,1.3226853609085083,0.6293761730194092,21.541494369506836,1.227523922920227,1.2196276187896729,1.00263249874115,1.5239945650100708,22.252700805664062,1.3334909677505493,0.7738245725631714,1.4356039762496948,20.496809005737305,1.0478328466415405,0.679947018623352,25.89739418029785,1.3488883972167969,19.115432739257812,1.285496473312378,0.0,1.6297186613082886,0.8387085795402527,0.8921217918395996,1.2582749128341675,2.690186023712158,1.011527419090271,21.561134338378906,1.1485463380813599,0.9584900140762329,1.3146591186523438,1.8953626155853271,1.545784592628479,22.33140754699707,0.8342965245246887,1.681330919265747,0.9242729544639587,1.5996540784835815,17.845857620239258,2.2916674613952637,1.1981964111328125,1.375407099723816,1.1940057277679443,1.5000253915786743,1.6987147331237793,1.0384345054626465,1.7278296947479248,19.56450653076172,1.1273068189620972,21.979616165161133,22.332483291625977,0.8555166721343994,1.5982041358947754,1.0096418857574463,0.9726375937461853,3.83473539352417,21.749046325683594,1.4246550798416138,21.519216537475586,1.3499209880828857,0.8855854868888855,21.91942596435547,1.0672956705093384,21.1041202545166,20.284683227539062,1.0199941396713257,1.3065836429595947,0.9801895618438721,1.4058172702789307,1.5331447124481201,2.385254144668579,0.9079973101615906,0.8918673396110535,21.947154998779297,1.4887477159500122,1.0591548681259155,1.0427968502044678,1.6521642208099365,20.818132400512695,1.7504980564117432,1.0536670684814453,16.60386848449707,1.0702314376831055,2.5657505989074707,20.018192291259766,1.133169412612915,1.4227969646453857,1.1643271446228027,1.2030948400497437,1.4417297840118408,2.8413047790527344,0.9582720994949341,1.5803236961364746,3.1265218257904053,1.4856657981872559,1.6459659337997437,1.2484701871871948,2.5024843215942383,22.08795166015625,21.475332260131836,1.2527092695236206
20.845163345336914,0.5948251485824585,1.2745543718338013,21.614057540893555,0.9613155722618103,0.8379987478256226,1.2223153114318848,0.7318304777145386,22.16155433654785,0.9820480942726135,1.0387990474700928,0.7094375491142273,20.800994873046875,0.8660628199577332,0.9960277080535889,26.722801208496094,1.6146332025527954,19.20987319946289,1.7583552598953247,1.6297186613082886,0.010334965772926807,1.4346777200698853,1.4352798461914062,1.2932918071746826,1.918831706047058,0.8897936940193176,21.591577529907227,0.9296013116836548,1.0213367938995361,0.550089955329895,0.8153425455093384,0.9458439946174622,22.441911697387695,1.374368667602539,1.0935721397399902,1.0140199661254883,0.666638195514679,17.568092346191406,1.8121095895767212,0.7022333145141602,0.4979492127895355,1.021525502204895,2.2582509517669678,2.0298070907592773,1.4521875381469727,1.542020320892334,18.968698501586914,1.175101399421692,22.11160659790039,22.53048324584961,0.9845725893974304,0.7237691879272461,0.7050185799598694,0.769751787185669,2.7585089206695557,21.753236770629883,0.7510597109794617,21.545818328857422,0.3134780824184418,0.9939151406288147,21.832637786865234,1.1057171821594238,21.152524948120117,20.41241455078125,0.9673826098442078,0.7764906287193298,1.0648579597473145,0.8809708952903748,0.7781162858009338,1.9516664743423462,0.931316077709198,1.250768780708313,22.161739349365234,0.894241213798523,0.8158687353134155,1.6930124759674072,1.1026164293289185,20.96112060546875,0.4113450050354004,0.8634877800941467,17.19098472595215,0.7892824411392212,2.6301944255828857,20.1742000579834,0.9964699149131775,0.5147160887718201,0.756923496723175,1.1171926259994507,0.7634495496749878,3.167485237121582,1.8724174499511719,0.7348449230194092,1.943042278289795,0.8092009425163269,1.3503878116607666,0.9230421781539917,1.132568359375,22.038188934326172,21.70679473876953,1.1226757764816284
