0.5232042670249939,27.81304359436035,27.405029296875,17.010433197021484,27.97857093811035,26.577693939208984,28.985639572143555,29.235706329345703,17.789453506469727,27.69666862487793,28.111467361450195,27.7106876373291,16.651447296142578,28.045358657836914,26.870927810668945,18.108989715576172,28.608356475830078,17.22364044189453,25.744714736938477,27.045148849487305,26.564926147460938,27.074371337890625,26.99700164794922,28.156545639038086,27.61146354675293,28.647432327270508,17.020050048828125,26.622238159179688,27.456951141357422,26.95416259765625,27.453962326049805,29.065174102783203,17.022462844848633,26.236896514892578,27.473920822143555,25.97193145751953,27.998554229736328,30.4199161529541,27.13953399658203,27.7806453704834,26.757875442504883,27.351486206054688,28.550569534301758,30.392454147338867,29.143104553222656,27.96379280090332,26.359827041625977,25.894485473632812,16.63294219970703,16.668563842773438,27.444517135620117,27.054494857788086,27.546802520751953,28.070505142211914,28.863155364990234,17.152978897094727,26.706958770751953,17.33999252319336,27.782432556152344,28.24500274658203,16.742046356201172,27.8868408203125,17.232574462890625,17.01985740661621,28.087017059326172,26.802839279174805,29.0659236907959,26.540050506591797,27.10053062438965,27.435794830322266,27.966142654418945,28.201141357421875,16.499799728393555,28.436397552490234,27.234006881713867,27.422109603881836,28.447555541992188,17.651058197021484,27.501035690307617,27.41029930114746,29.708736419677734,28.095895767211914,28.228429794311523,16.75312614440918,28.165063858032227,28.150007247924805,27.076019287109375,28.84470558166504,27.21406364440918,28.1716251373291,27.327280044555664,27.22941780090332,28.89403533935547,27.62824249267578,27.523164749145508,28.597557067871094,28.08357810974121,17.126300811767578,17.796728134155273,26.958377838134766
27.81304359436035,0.0,19.6016845703125,28.359546661376953,20.095661163330078,18.28610610961914,21.757352828979492,21.57969856262207,27.647830963134766,19.656885147094727,19.408706665039062,19.71539878845215,28.497148513793945,20.319076538085938,18.662933349609375,27.737319946289062,21.50990104675293,28.0374813079834,17.67877960205078,19.591472625732422,18.239288330078125,19.370243072509766,18.613292694091797,20.251935958862305,19.9736328125,21.980764389038086,27.645442962646484,18.61220932006836,19.755014419555664,18.821081161499023,19.592037200927734,21.37796401977539,28.311992645263672,18.224035263061523,20.191673278808594,17.13361358642578,19.65655517578125,22.88556480407715,19.10865020751953,19.95908546447754,18.374820709228516,19.41036033630371,20.624706268310547,23.639034271240234,21.513914108276367,20.389854431152344,18.840866088867188,16.895387649536133,28.765565872192383,28.55145263671875,19.749176025390625,18.81223487854004,19.093799591064453,20.096242904663086,22.358888626098633,28.556119918823242,17.998394012451172,29.24811553955078,19.4174747467041,20.690597534179688,26.425100326538086,19.713010787963867,29.438846588134766,27.736038208007812,20.645206451416016,19.036428451538086,21.423255920410156,18.12019157409668,18.71479034423828,19.693267822265625,20.209138870239258,19.72599983215332,28.268451690673828,20.82038688659668,18.745609283447266,19.965648651123047,21.862930297851562,29.05865478515625,19.312557220458984,19.490196228027344,22.30712127685547,20.36743927001953,20.60868263244629,28.2363224029541,19.87804412841797,20.35633659362793,18.770536422729492,21.649301528930664,18.377975463867188,20.87102508544922,19.37470054626465,19.50869369506836,21.0627498626709,19.98135757446289,19.71120834350586,19.762592315673828,20.59967803955078,28.66990089416504,28.013444900512695,18.79522705078125
27.405029296875,19.6016845703125,0.0,27.82853126525879,20.292221069335938,18.684375762939453,21.885204315185547,21.62162208557129,27.36199951171875,19.703105926513672,19.776357650756836,20.02460479736328,28.204023361206055,20.80246353149414,18.79090118408203,27.184986114501953,21.92538833618164,27.944948196411133,17.909696578979492,19.662677764892578,18.281267166137695,19.451675415039062,19.063329696655273,20.442609786987305,20.036439895629883,21.602731704711914,27.270618438720703,18.82784080505371,19.884050369262695,19.039113998413086,19.27459716796875,21.737598419189453,27.983224868774414,18.45170783996582,20.46825408935547,17.3963623046875,20.09131622314453,23.414113998413086,19.2852840423584,20.21439552307129,18.901243209838867,19.513277053833008,20.832778930664062,24.087989807128906,22.218751907348633,20.860410690307617,18.619037628173828,17.282066345214844,28.40143394470215,28.296493530273438,19.70876693725586,18.93865203857422,19.276161193847656,20.203664779663086,22.651079177856445,28.16301918029785,18.540023803710938,28.775602340698242,20.155027389526367,20.900781631469727,26.13660430908203,19.96471405029297,29.13694953918457,27.388689041137695,20.791690826416016,19.26277732849121,21.430973052978516,18.684436798095703,18.986221313476562,19.723308563232422,20.667972564697266,20.16365623474121,28.0391902923584,21.332765579223633,19.089698791503906,20.251848220825195,21.739370346069336,28.661212921142578,19.69132423400879,19.96567726135254,22.44519805908203,20.776084899902344,20.95208740234375,27.95913314819336,20.41863441467285,20.76810646057129,19.17232322692871,21.973005294799805,18.61258888244629,21.159912109375,19.77901840209961,19.953388214111328,21.249971389770508,20.26483726501465,20.385622024536133,19.926067352294922,21.064037322998047,28.356979370117188,27.56509017944336,18.9796142578125
17.010433197021484,28.359546661376953,27.82853126525879,0.0,28.082496643066406,27.014537811279297,29.32558250427246,29.738340377807617,18.30251693725586,28.06703758239746,28.40730857849121,28.233022689819336,17.63550567626953,28.38357162475586,27.212743759155273,18.092586517333984,28.759572982788086,17.392621994018555,26.35576057434082,27.428388595581055,27.066774368286133,27.554773330688477,27.44587516784668,28.729042053222656,28.16931915283203,29.240310668945312,16.98572540283203,27.087158203125,27.81534194946289,27.522457122802734,27.87177848815918,29.564416885375977,17.36358070373535,26.762741088867188,28.1104679107666,26.578516006469727,28.214181900024414,30.628456115722656,27.427387237548828,28.087343215942383,27.044647216796875,27.875364303588867,28.7759952545166,30.931669235229492,29.48505973815918,28.237337112426758,26.782316207885742,26.392210006713867,17.433801651000977,17.299341201782227,27.847576141357422,27.72117042541504,27.936281204223633,28.567100524902344,29.360488891601562,17.855609893798828,27.26767921447754,17.88878631591797,28.153913497924805,28.743310928344727,17.53752326965332,28.054113388061523,17.878467559814453,17.325611114501953,28.513931274414062,27.442934036254883,29.64011001586914,26.88228416442871,27.519433975219727,27.893959045410156,28.532339096069336,28.609485626220703,16.975963592529297,28.864215850830078,27.57465171813965,27.582929611206055,28.843236923217773,18.472841262817383,28.012216567993164,27.7967529296875,30.00686264038086,28.543691635131836,28.652667999267578,17.167470932006836,28.76557159423828,28.798892974853516,27.5364990234375,29.506929397583008,27.688352584838867,28.739118576049805,27.811187744140625,27.875194549560547,29.42778205871582,28.012704849243164,27.900279998779297,28.865076065063477,28.48198127746582,17.72829246520996,18.254161834716797,27.485214233398438
27.97857093811035,20.095661163330078,20.292221069335938,28.082496643066406,0.4385102689266205,18.550914764404297,22.23223304748535,22.013595581054688,27.745628356933594,19.993942260742188,19.99189567565918,20.314109802246094,28.55251121520996,20.98405647277832,19.344064712524414,27.873218536376953,21.713041305541992,28.018798828125,18.08491325378418,19.81476593017578,18.6135311126709,19.697858810424805,19.631088256835938,20.9825382232666,20.439302444458008,22.25021743774414,27.70243263244629,19.26428985595703,19.986066818237305,19.61681365966797,19.94420623779297,22.01934814453125,28.44090461730957,19.004438400268555,20.6209716796875,17.725276947021484,20.403627395629883,23.744482040405273,19.232141494750977,20.011690139770508,19.16071128845215,19.857690811157227,21.082639694213867,24.069276809692383,22.240528106689453,20.73800277709961,19.32707977294922,17.452367782592773,28.86864471435547,28.737836837768555,20.244884490966797,19.509225845336914,19.80919647216797,20.527563095092773,22.77674674987793,28.429367065429688,18.527830123901367,29.284324645996094,20.053850173950195,21.267099380493164,26.46384048461914,20.33518409729004,29.57923698425293,27.863616943359375,20.984397888183594,19.51827621459961,21.849185943603516,18.941295623779297,19.625537872314453,20.066972732543945,20.885042190551758,20.21583366394043,28.130512237548828,21.440954208374023,19.49452018737793,20.36980438232422,22.384672164916992,29.049240112304688,19.937664031982422,19.97256088256836,22.518754959106445,20.805952072143555,20.971202850341797,28.290437698364258,20.633895874023438,21.10654067993164,19.282445907592773,21.815290451049805,18.91856575012207,21.579923629760742,20.240978240966797,20.308250427246094,21.3348388671875,20.553878784179688,20.484331130981445,20.44512176513672,21.0041561126709,28.776456832885742,28.014934539794922,19.509700775146484
26.577693939208984,18.28610610961914,18.684375762939453,27.014537811279297,18.550914764404297,0.0,20.74835205078125,20.61393165588379,26.488754272460938,18.40566635131836,18.261747360229492,18.466705322265625,27.243513107299805,19.126630783081055,17.5166072845459,26.443599700927734,20.278226852416992,26.771255493164062,16.29206085205078,18.042034149169922,16.98378562927246,18.191619873046875,17.53427505493164,19.152244567871094,18.754425048828125,20.510400772094727,26.315038681030273,17.39366340637207,18.697858810424805,17.72562599182129,18.176891326904297,20.53080940246582,27.02406120300293,16.974367141723633,18.956924438476562,15.912469863891602,18.60240364074707,21.896970748901367,17.72747802734375,18.77553939819336,17.232839584350586,18.02329444885254,19.3834171295166,23.014616012573242,20.670799255371094,19.4813175201416,17.527921676635742,15.587594985961914,27.557106018066406,27.288768768310547,18.61996078491211,17.625600814819336,18.019908905029297,19.102476119995117,21.367677688598633,27.066373825073242,16.876649856567383,27.878398895263672,18.517017364501953,19.725406646728516,25.19287872314453,18.46354103088379,28.198436737060547,26.247013092041016,19.437824249267578,17.770736694335938,20.379934310913086,17.396268844604492,17.742542266845703,18.488130569458008,19.238901138305664,18.696229934692383,26.974021911621094,19.56920051574707,17.5384464263916,18.664569854736328,20.654714584350586,27.81491470336914,18.438379287719727,18.471336364746094,21.369426727294922,19.397396087646484,19.503599166870117,27.055559158325195,19.14269256591797,19.282623291015625,17.742952346801758,20.327028274536133,17.117300033569336,19.90858268737793,18.493860244750977,18.565675735473633,20.0117244720459,18.9057559967041,18.77113914489746,18.88547706604004,19.57119369506836,27.455476760864258,26.617780685424805,17.4320011138916
28.985639572143555,21.757352828979492,21.885204315185547,29.32558250427246,22.23223304748535,20.74835205078125,0.0,23.151586532592773,28.609607696533203,22.210039138793945,21.852527618408203,22.11665153503418,29.514720916748047,22.59867286682129,20.735788345336914,28.817974090576172,23.789112091064453,29.141197204589844,20.096569061279297,21.5856876373291,20.507644653320312,21.340410232543945,21.0567626953125,22.39828872680664,22.18975830078125,23.268823623657227,28.784196853637695,21.017690658569336,21.934520721435547,21.362224578857422,21.740997314453125,23.552167892456055,29.574726104736328,20.65841293334961,22.783672332763672,19.530010223388672,22.248918533325195,25.176753997802734,21.105775833129883,21.925996780395508,20.926952362060547,21.84600257873535,23.070880889892578,25.659793853759766,23.461891174316406,22.38338851928711,20.66751480102539,19.725801467895508,29.964693069458008,29.718048095703125,22.03666114807129,21.031652450561523,21.34197998046875,22.00020980834961,24.13335418701172,29.614675521850586,20.5389404296875,30.33423614501953,21.75028419494629,22.87896156311035,27.661958694458008,22.057910919189453,30.44529914855957,28.753904342651367,22.54387664794922,21.396827697753906,23.394107818603516,20.77363395690918,20.87445068359375,21.73866081237793,22.63848304748535,21.91044807434082,29.341815948486328,22.656938552856445,21.126008987426758,22.137493133544922,23.676305770874023,30.032861709594727,21.698287963867188,21.646451950073242,24.318960189819336,22.665306091308594,22.921062469482422,29.159252166748047,22.375438690185547,22.58264923095703,20.8912296295166,23.722387313842773,20.733047485351562,23.139297485351562,21.780126571655273,21.94695281982422,22.839162826538086,22.285398483276367,22.44826889038086,22.103879928588867,22.70685386657715,29.853660583496094,29.05238914489746,21.19000244140625
29.235706329345703,21.57969856262207,21.62162208557129,29.738340377807617,22.013595581054688,20.61393165588379,23.151586532592773,0.5716220140457153,28.901058197021484,21.794052124023438,21.72661018371582,21.553138732910156,29.757949829101562,22.46249771118164,20.572019577026367,29.212203979492188,23.249446868896484,29.62668800354004,19.77851676940918,21.506494522094727,20.282800674438477,21.202903747558594,20.881940841674805,21.984676361083984,21.826940536499023,23.630271911621094,28.92347526550293,20.89714241027832,21.573274612426758,20.94797706604004,21.41872787475586,23.23305320739746,29.69837188720703,20.506206512451172,22.20215606689453,19.44777488708496,22.070825576782227,24.681724548339844,21.013080596923828,22.042551040649414,20.42020606994629,21.449298858642578,22.5185604095459,25.505992889404297,23.2954158782959,22.186716079711914,20.7774715423584,19.35133171081543,30.19953727722168,30.055944442749023,21.579565048217773,20.851163864135742,21.20784568786621,22.18223762512207,24.10525131225586,29.767614364624023,20.09527587890625,30.579242706298828,21.609699249267578,22.701107025146484,28.07049560546875,21.70414924621582,30.778053283691406,29.148448944091797,22.26791763305664,21.138172149658203,23.406776428222656,20.729881286621094,20.992856979370117,21.537397384643555,22.269813537597656,21.84904670715332,29.498342514038086,22.852954864501953,20.716524124145508,21.797624588012695,23.802810668945312,30.465320587158203,21.41216278076172,21.62687873840332,24.29217529296875,22.345333099365234,22.721126556396484,29.5533390045166,22.022436141967773,22.362001419067383,20.903230667114258,23.53423309326172,20.566497802734375,22.891685485839844,21.36185646057129,21.845773696899414,22.572437286376953,21.888736724853516,21.933303833007812,21.812236785888672,22.31355857849121,30.060270309448242,29.499187469482422,20.831640243530273
17.789453506469727,27.647830963134766,27.36199951171875,18.30251693725586,27.745628356933594,26.488754272460938,28.609607696533203,28.901058197021484,0.0,27.431861877441406,27.570621490478516,27.385778427124023,18.06096839904785,27.815603256225586,26.593488693237305,19.203092575073242,28.45298957824707,18.123004913330078,25.674484252929688,26.838422775268555,26.41279411315918,26.72724723815918,26.77806282043457,27.891136169433594,27.382253646850586,28.70904541015625,17.802898406982422,26.43631935119629,27.16883659362793,26.840534210205078,27.107040405273438,28.898412704467773,18.04714012145996,26.070114135742188,27.491857528686523,25.87693977355957,27.753318786621094,30.070083618164062,26.633743286132812,27.550527572631836,26.26386070251465,27.1077880859375,28.372575759887695,30.356557846069336,29.011714935302734,27.899883270263672,26.135807037353516,25.736602783203125,18.00959014892578,18.031566619873047,27.148256301879883,26.918670654296875,27.24842071533203,27.998096466064453,28.639331817626953,18.03450584411621,26.556344985961914,18.383350372314453,27.50470733642578,28.1788272857666,17.575620651245117,27.547595977783203,18.38523292541504,17.776077270507812,27.917652130126953,26.610445022583008,28.994964599609375,26.512575149536133,26.806577682495117,27.19938087463379,27.61517333984375,28.007150650024414,18.075969696044922,28.173797607421875,26.878681182861328,27.044387817382812,28.3663387298584,19.4014949798584,27.285709381103516,26.8576602935791,29.277862548828125,27.956378936767578,28.018157958984375,17.905733108520508,27.920291900634766,28.07372283935547,26.99149513244629,28.601825714111328,27.028779983520508,28.201852798461914,27.157045364379883,27.27092933654785,28.474313735961914,27.61797332763672,27.49269676208496,28.258710861206055,27.989412307739258,18.20631217956543,18.714366912841797,26.836957931518555
27.69666862487793,19.656885147094727,19.703105926513672,28.06703758239746,19.993942260742188,18.40566635131836,22.210039138793945,21.794052124023438,27.431861877441406,0.26409831643104553,19.404499053955078,19.84819793701172,28.31302261352539,20.335437774658203,19.125782012939453,27.767377853393555,21.514850616455078,28.100250244140625,17.74976348876953,19.458940505981445,18.347139358520508,19.352615356445312,18.856277465820312,20.395097732543945,20.08040428161621,21.889755249023438,27.459686279296875,18.958524703979492,19.81197738647461,18.909685134887695,19.426101684570312,21.775001525878906,28.203454971313477,18.2978515625,20.298933029174805,17.211761474609375,19.935331344604492,23.175537109375,19.05382537841797,20.16438865661621,18.8370361328125,19.469467163085938,20.900218963623047,23.78221321105957,21.5886173248291,20.265060424804688,18.884990692138672,17.172285079956055,28.637102127075195,28.578533172607422,19.52568244934082,18.712785720825195,19.3033447265625,20.24591827392578,22.466758728027344,28.233436584472656,18.249975204467773,29.434194564819336,19.614315032958984,20.77429962158203,26.33613395690918,19.567813873291016,29.366348266601562,27.567617416381836,20.74319839477539,19.19990348815918,21.76335906982422,18.569087982177734,18.64663314819336,19.871971130371094,20.530168533325195,19.819639205932617,28.20929718017578,21.16006851196289,18.93829917907715,19.98143196105957,21.995573043823242,28.989004135131836,19.52652359008789,19.666128158569336,22.36284637451172,20.600439071655273,20.712495803833008,28.081647872924805,20.112009048461914,20.327213287353516,18.939382553100586,21.688880920410156,18.36319351196289,21.217016220092773,19.614158630371094,19.776473999023438,21.118057250976562,20.095844268798828,20.06012535095215,20.07924461364746,20.6889591217041,28.72493553161621,27.928062438964844,19.078630447387695
28.111467361450195,19.408706665039062,19.776357650756836,28.40730857849121,19.99189567565918,18.261747360229492,21.852527618408203,21.72661018371582,27.570621490478516,19.404499053955078,0.23046875,19.08780288696289,28.619707107543945,20.361053466796875,19.140562057495117,28.02723503112793,21.408172607421875,28.379287719726562,17.751497268676758,19.518892288208008,18.346525192260742,19.50053596496582,18.76502799987793,20.532411575317383,20.029558181762695,21.772592544555664,27.86385726928711,18.848857879638672,19.69479751586914,19.13292121887207,19.509950637817383,21.842151641845703,28.590389251708984,18.500974655151367,20.081899642944336,17.460647583007812,19.983232498168945,23.207674026489258,18.885059356689453,20.01579475402832,18.69381332397461,19.448606491088867,20.92243766784668,23.810222625732422,21.69364356994629,20.550983428955078,18.514368057250977,16.946178436279297,29.05807876586914,28.852907180786133,19.854116439819336,18.891075134277344,19.216934204101562,20.22726821899414,22.356698989868164,28.444162368774414,18.245742797851562,29.349205017089844,19.628326416015625,20.98541831970215,26.74674415588379,19.586849212646484,29.818220138549805,27.780803680419922,20.928482055664062,19.06673240661621,21.40998077392578,18.62418556213379,18.70955467224121,19.962867736816406,20.600189208984375,19.74148178100586,28.52495002746582,20.817716598510742,18.799646377563477,19.93777847290039,21.79279136657715,29.304122924804688,19.679576873779297,19.612342834472656,22.46396255493164,20.705080032348633,20.539968490600586,28.494997024536133,20.142471313476562,20.394453048706055,18.72972869873047,21.61705207824707,18.251008987426758,21.107295989990234,19.77690315246582,19.811771392822266,20.950130462646484,20.200489044189453,20.0867919921875,19.962732315063477,20.965740203857422,28.99276351928711,28.019325256347656,19.014793395996094
27.7106876373291,19.71539878845215,20.02460479736328,28.233022689819336,20.314109802246094,18.466705322265625,22.11665153503418,21.553138732910156,27.385778427124023,19.84819793701172,19.08780288696289,0.28969526290893555,28.063859939575195,20.05978775024414,18.916240692138672,27.77560806274414,21.721803665161133,28.061758041381836,17.960189819335938,19.36298942565918,18.1458683013916,19.492124557495117,18.691970825195312,20.522871017456055,19.841079711914062,21.94618034362793,27.616960525512695,18.935108184814453,19.559326171875,19.211387634277344,19.518566131591797,21.616683959960938,28.214454650878906,18.29352378845215,20.506946563720703,17.695276260375977,19.930200576782227,23.227924346923828,19.247472763061523,19.875205993652344,18.307966232299805,19.363039016723633,20.965391159057617,23.827207565307617,21.783401489257812,20.619047164916992,18.32887077331543,16.975610733032227,28.877614974975586,28.51483154296875,19.955167770385742,18.868072509765625,19.396020889282227,20.38593864440918,22.4913272857666,28.262100219726562,18.254817962646484,28.988685607910156,19.56511116027832,20.794435501098633,26.511913299560547,19.76262855529785,29.289377212524414,27.43445587158203,20.520357131958008,19.30238151550293,21.732112884521484,18.71190071105957,18.89447021484375,19.653778076171875,20.437681198120117,20.071191787719727,28.313913345336914,21.002647399902344,18.695648193359375,20.247848510742188,21.788732528686523,29.036779403686523,19.721134185791016,19.656631469726562,22.84427261352539,20.339162826538086,20.527109146118164,27.996383666992188,20.23560905456543,20.285062789916992,18.955373764038086,21.59722328186035,18.360637664794922,21.439231872558594,19.784984588623047,19.934223175048828,21.184207916259766,20.325441360473633,20.138080596923828,20.141693115234375,20.565946578979492,28.621191024780273,28.119020462036133,18.962055206298828
16.651447296142578,28.497148513793945,28.204023361206055,17.63550567626953,28.55251121520996,27.243513107299805,29.514720916748047,29.757949829101562,18.06096839904785,28.31302261352539,28.619707107543945,28.063859939575195,0.0,28.87331771850586,27.503110885620117,18.520017623901367,29.31049346923828,17.29004669189453,26.522132873535156,27.665424346923828,27.222780227661133,27.730100631713867,27.460535049438477,28.758256912231445,28.58607292175293,29.365385055541992,16.98737907409668,27.23480796813965,28.076641082763672,27.895706176757812,28.142038345336914,29.652301788330078,17.227920532226562,27.039352416992188,28.2845516204834,26.815082550048828,28.597631454467773,30.83688735961914,27.77651596069336,28.52276039123535,27.235807418823242,27.957727432250977,29.040475845336914,31.089069366455078,29.84617805480957,28.536094665527344,27.057985305786133,26.699926376342773,17.606843948364258,17.478029251098633,28.029722213745117,27.84345245361328,28.143583297729492,28.74283218383789,29.237184524536133,17.858470916748047,27.420194625854492,17.89427947998047,28.485445022583008,29.02094841003418,16.762428283691406,28.544357299804688,17.91168785095215,17.467166900634766,28.821706771850586,27.621606826782227,29.864788055419922,27.299402236938477,27.84877586364746,28.051774978637695,28.51427459716797,28.64259910583496,16.312944412231445,28.919071197509766,27.881067276000977,28.001895904541016,28.937578201293945,18.829952239990234,28.20361328125,28.044252395629883,30.136381149291992,28.64263916015625,28.944387435913086,16.47200584411621,28.60695457458496,28.86326789855957,27.60434913635254,29.7021541595459,27.881608963012695,29.07243537902832,28.162870407104492,28.23788070678711,29.499738693237305,28.511877059936523,28.176620483398438,29.177640914916992,28.734975814819336,17.154600143432617,18.21989631652832,27.606992721557617
28.045358657836914,20.319076538085938,20.80246353149414,28.38357162475586,20.98405647277832,19.126630783081055,22.59867286682129,22.46249771118164,27.815603256225586,20.335437774658203,20.361053466796875,20.05978775024414,28.87331771850586,0.0,19.313779830932617,28.23646354675293,21.927682876586914,28.16971206665039,18.510135650634766,20.02301597595215,18.857078552246094,20.126869201660156,19.65431022644043,21.134998321533203,20.429189682006836,22.356115341186523,27.781789779663086,19.370792388916016,20.384599685668945,19.809005737304688,20.453411102294922,22.28130340576172,28.64602279663086,18.893714904785156,20.83522605895996,18.17829132080078,20.515731811523438,23.50531005859375,19.737716674804688,20.69254493713379,19.507434844970703,20.232391357421875,21.534883499145508,24.409198760986328,22.34641456604004,21.14373016357422,19.427505493164062,17.79905128479004,29.113386154174805,28.982563018798828,20.41321563720703,19.503786087036133,19.929990768432617,20.8553466796875,23.188528060913086,28.696731567382812,18.921051025390625,29.462553024291992,20.555301666259766,21.454151153564453,26.86880874633789,20.242345809936523,29.673904418945312,28.001239776611328,21.34674072265625,19.887514114379883,22.313737869262695,19.32370948791504,19.513450622558594,20.269039154052734,20.88323211669922,20.731027603149414,28.76612091064453,21.650707244873047,19.530105590820312,20.744083404541016,22.51638412475586,29.31767463684082,20.097618103027344,20.353424072265625,23.35494041442871,21.26621437072754,21.283811569213867,28.51465606689453,20.951553344726562,21.048486709594727,19.489572525024414,22.055198669433594,19.357585906982422,21.794300079345703,20.399038314819336,20.399145126342773,21.76534652709961,20.82240104675293,20.742753982543945,20.569177627563477,21.422330856323242,29.01338768005371,28.38813018798828,19.772972106933594
26.870927810668945,18.662933349609375,18.79090118408203,27.212743759155273,19.344064712524414,17.5166072845459,20.735788345336914,20.572019577026367,26.593488693237305,19.125782012939453,19.140562057495117,18.916240692138672,27.503110885620117,19.313779830932617,0.0,26.66533851623535,20.931581497192383,27.190637588500977,16.828393936157227,18.734346389770508,17.35991859436035,18.64048957824707,18.006620407104492,19.731306076049805,19.06736946105957,21.02838706970215,26.655757904052734,17.86585235595703,18.887388229370117,18.21921730041504,18.474979400634766,20.897367477416992,27.34134864807129,17.486265182495117,19.381492614746094,16.115758895874023,19.165571212768555,22.366365432739258,18.10547637939453,19.324188232421875,17.71940803527832,18.624265670776367,20.082910537719727,22.929304122924805,20.65266990661621,19.684778213500977,18.021678924560547,15.990934371948242,27.71503257751465,27.64501190185547,18.92913818359375,17.9466609954834,18.33857536315918,19.439868927001953,21.628681182861328,27.345935821533203,17.23850440979004,28.275060653686523,18.84478759765625,19.82821273803711,25.573509216308594,18.771821975708008,28.553977966308594,26.7723445892334,19.909894943237305,18.16383171081543,20.644241333007812,17.577672958374023,17.99390983581543,19.068416595458984,19.38608169555664,18.8170108795166,27.204851150512695,20.135787963867188,17.965957641601562,19.202842712402344,21.17658805847168,28.02486228942871,18.55707550048828,18.73166847229004,21.821630477905273,19.64361000061035,19.76034164428711,27.247364044189453,19.21185874938965,19.474075317382812,18.2164363861084,20.93211555480957,17.486705780029297,20.53864097595215,18.691850662231445,18.994218826293945,19.968202590942383,19.251922607421875,19.40839958190918,19.229999542236328,19.725095748901367,27.691726684570312,27.215274810791016,18.273887634277344
18.108989715576172,27.737319946289062,27.184986114501953,18.092586517333984,27.873218536376953,26.443599700927734,28.817974090576172,29.212203979492188,19.203092575073242,27.767377853393555,28.02723503112793,27.77560806274414,18.520017623901367,28.23646354675293,26.66533851623535,0.0,28.630416870117188,18.39824676513672,25.880151748657227,27.106849670410156,26.454483032226562,26.955759048461914,26.72842025756836,27.93671989440918,27.783796310424805,28.68329429626465,18.281944274902344,26.44597053527832,27.18244171142578,27.09305191040039,27.35359001159668,29.131757736206055,18.281320571899414,26.30116081237793,27.698101043701172,25.973899841308594,28.029449462890625,30.492881774902344,26.897626876831055,27.614490509033203,26.610849380493164,27.56819725036621,28.39973258972168,30.589595794677734,29.228933334350586,27.7690486907959,26.468143463134766,25.81908416748047,18.251924514770508,17.779544830322266,27.297401428222656,26.96574592590332,27.47242546081543,28.103954315185547,28.551746368408203,18.715503692626953,26.751785278320312,18.816848754882812,27.745922088623047,28.315959930419922,18.52442741394043,27.86107063293457,18.780868530273438,17.9715576171875,28.004987716674805,26.825096130371094,29.109546661376953,26.423864364624023,27.225061416625977,27.650936126708984,28.08985710144043,28.138093948364258,17.809179306030273,28.52039909362793,27.191360473632812,27.139678955078125,28.31117057800293,19.848630905151367,27.596406936645508,27.095956802368164,29.6038818359375,28.12963104248047,28.17089080810547,17.811904907226562,28.03888702392578,28.27336883544922,27.222990036010742,29.05094337463379,27.250215530395508,28.25358772277832,27.28159523010254,27.407068252563477,29.014474868774414,27.852590560913086,27.70882797241211,28.281341552734375,28.225650787353516,17.64421272277832,19.054685592651367,26.954710006713867
28.608356475830078,21.50990104675293,21.92538833618164,28.759572982788086,21.713041305541992,20.278226852416992,23.789112091064453,23.249446868896484,28.45298957824707,21.514850616455078,21.408172607421875,21.721803665161133,29.31049346923828,21.927682876586914,20.931581497192383,28.630416870117188,0.0,28.93534278869629,19.721437454223633,21.220033645629883,20.32166290283203,21.035905838012695,20.719133377075195,22.286230087280273,21.99445152282715,23.613496780395508,28.200759887695312,20.52393913269043,21.677148818969727,20.849939346313477,21.348983764648438,23.410167694091797,28.953092575073242,20.42513656616211,21.85374641418457,19.41353988647461,21.55903434753418,24.49984359741211,21.032115936279297,21.820758819580078,20.664403915405273,21.31764793395996,22.403751373291016,25.28592872619629,23.30353546142578,21.941448211669922,20.776193618774414,19.04979133605957,29.406465530395508,29.410152435302734,21.543807983398438,20.71487045288086,21.14656639099121,21.94027328491211,24.06300926208496,29.18806266784668,20.251550674438477,29.928497314453125,21.650527954101562,22.662736892700195,27.41567611694336,21.59783172607422,30.111656188964844,28.43571662902832,22.371623992919922,20.780227661132812,23.525083541870117,20.542997360229492,20.659095764160156,21.24359703063965,22.266359329223633,21.791542053222656,29.092519760131836,22.7464656829834,20.786334991455078,21.567052841186523,23.53011703491211,29.81696128845215,21.508968353271484,21.61271095275879,24.08816146850586,22.370885848999023,22.148021697998047,29.139842987060547,22.03142738342285,22.24921226501465,20.803808212280273,23.23927879333496,20.499197006225586,22.752731323242188,21.42423439025879,21.547595977783203,22.72151756286621,21.976911544799805,21.759017944335938,22.00652503967285,22.699106216430664,29.522127151489258,28.716358184814453,20.90629768371582
17.22364044189453,28.0374813079834,27.944948196411133,17.392621994018555,28.018798828125,26.771255493164062,29.141197204589844,29.62668800354004,18.123004913330078,28.100250244140625,28.379287719726562,28.061758041381836,17.29004669189453,28.16971206665039,27.190637588500977,18.39824676513672,28.93534278869629,0.5226790308952332,26.303922653198242,27.18967056274414,26.58913803100586,27.484600067138672,27.232637405395508,28.34177017211914,27.93811798095703,28.940603256225586,17.271244049072266,26.80716323852539,27.76643180847168,27.395978927612305,27.65375518798828,29.214019775390625,17.60218048095703,26.678190231323242,28.011615753173828,26.54472541809082,28.364328384399414,30.394559860229492,27.145917892456055,27.965152740478516,26.82485008239746,27.53779411315918,28.694721221923828,30.784395217895508,29.46330451965332,28.51506233215332,26.868499755859375,26.283794403076172,16.764663696289062,17.63515281677246,27.787717819213867,27.41741180419922,27.831592559814453,28.253042221069336,29.16216278076172,18.025869369506836,27.044004440307617,17.4082088470459,28.05470085144043,28.703935623168945,17.681833267211914,28.169322967529297,17.957365036010742,17.589080810546875,28.469270706176758,27.206764221191406,29.262521743774414,26.695343017578125,27.487695693969727,27.93144416809082,28.112747192382812,28.30101776123047,17.03373146057129,28.89419174194336,27.34285545349121,27.565330505371094,28.745603561401367,18.5838623046875,27.782970428466797,27.70594024658203,30.022607803344727,28.36801528930664,28.567489624023438,16.79828453063965,28.458702087402344,28.546630859375,27.476381301879883,29.11761474609375,27.517026901245117,28.643789291381836,27.70749282836914,27.70485496520996,29.187030792236328,28.10580825805664,27.766035079956055,28.625072479248047,28.56912612915039,17.41740608215332,18.092838287353516,27.508201599121094
25.744714736938477,17.67877960205078,17.909696578979492,26.35576057434082,18.08491325378418,16.29206085205078,20.096569061279297,19.77851676940918,25.674484252929688,17.74976348876953,17.751497268676758,17.960189819335938,26.522132873535156,18.510135650634766,16.828393936157227,25.880151748657227,19.721437454223633,26.303922653198242,0.0,17.490753173828125,16.27684783935547,17.36363410949707,17.00165367126465,18.363605499267578,17.987056732177734,20.163658142089844,25.722675323486328,16.74555206298828,17.919700622558594,17.112337112426758,17.411888122558594,19.820642471313477,26.415771484375,16.344379425048828,18.262922286987305,14.867183685302734,17.99451446533203,21.441030502319336,17.071420669555664,18.126590728759766,16.549617767333984,17.432849884033203,19.002613067626953,22.331241607666016,20.23645782470703,18.566173553466797,16.66869354248047,14.784125328063965,27.027957916259766,26.77569007873535,17.935319900512695,16.891666412353516,17.330541610717773,18.09960174560547,20.81675910949707,26.475418090820312,15.996138572692871,27.471542358398438,17.501197814941406,19.193546295166016,24.47174644470215,17.74034309387207,27.703325271606445,25.943008422851562,18.748201370239258,17.08515167236328,20.16046905517578,16.595218658447266,16.90978240966797,17.532434463500977,18.589628219604492,17.887361526489258,26.29987335205078,19.001895904541016,16.874345779418945,17.95477867126465,20.089885711669922,27.109548568725586,17.69858741760254,17.7080078125,20.94182014465332,18.617481231689453,18.8170166015625,26.212867736816406,18.54745101928711,18.515810012817383,16.60721206665039,19.934194564819336,16.257118225097656,19.35240936279297,17.560361862182617,17.704368591308594,19.224815368652344,18.132869720458984,18.13709831237793,18.084440231323242,18.869672775268555,26.89777946472168,26.161346435546875,17.086761474609375
27.045148849487305,19.591472625732422,19.662677764892578,27.428388595581055,19.81476593017578,18.042034149169922,21.5856876373291,21.506494522094727,26.838422775268555,19.458940505981445,19.518892288208008,19.36298942565918,27.665424346923828,20.02301597595215,18.734346389770508,27.106849670410156,21.220033645629883,27.18967056274414,17.490753173828125,0.2262592315673828,17.980690002441406,19.036094665527344,18.728282928466797,19.925256729125977,19.49631690979004,21.680513381958008,26.873170852661133,18.54638671875,19.709962844848633,18.894855499267578,19.452682495117188,21.283952713012695,27.742698669433594,18.307559967041016,20.14196014404297,17.16697120666504,19.817014694213867,23.016462326049805,18.873615264892578,19.79498291015625,18.355899810791016,19.33981704711914,20.51332664489746,23.664369583129883,21.70673179626465,20.239215850830078,18.554622650146484,16.987895965576172,28.096935272216797,28.012046813964844,19.586219787597656,18.848966598510742,19.039201736450195,20.151931762695312,22.247915267944336,27.556230545043945,17.947982788085938,28.63568878173828,19.56780433654785,21.016897201538086,25.760845184326172,19.362215042114258,28.66522979736328,26.92720603942871,20.447216033935547,19.061155319213867,21.278003692626953,18.45726203918457,18.57370376586914,19.522537231445312,20.221309661865234,19.671064376831055,27.61625862121582,20.645231246948242,18.708290100097656,19.78036880493164,21.85743522644043,28.25055694580078,19.354883193969727,19.620555877685547,22.471189498901367,20.460289001464844,20.534244537353516,27.513534545898438,20.145111083984375,20.41602897644043,18.59101104736328,21.288223266601562,18.306119918823242,20.941608428955078,19.341733932495117,19.585203170776367,21.08589744567871,20.15886688232422,19.723270416259766,19.898962020874023,20.641937255859375,28.090225219726562,27.196910858154297,18.775175094604492
26.564926147460938,18.239288330078125,18.281267166137695,27.066774368286133,18.6135311126709,16.98378562927246,20.507644653320312,20.282800674438477,26.41279411315918,18.347139358520508,18.346525192260742,18.1458683013916,27.222780227661133,18.857078552246094,17.35991859436035,26.454483032226562,20.32166290283203,26.58913803100586,16.27684783935547,17.980690002441406,0.4402120113372803,17.890483856201172,17.345523834228516,18.669830322265625,18.4771728515625,20.745222091674805,26.24187469482422,17.137617111206055,18.33292579650879,17.486276626586914,17.941787719726562,20.414331436157227,27.06685447692871,16.88606071472168,18.98137664794922,15.776087760925293,18.454242706298828,21.87540626525879,17.462574005126953,18.628019332885742,17.145475387573242,17.903179168701172,19.311460494995117,22.622039794921875,20.269208908081055,19.130220413208008,17.155284881591797,15.506383895874023,27.590045928955078,27.376298904418945,18.47518539428711,17.284269332885742,17.886795043945312,18.684602737426758,21.038061141967773,27.00546646118164,16.472061157226562,27.946048736572266,18.14234733581543,19.51755142211914,25.085905075073242,18.270334243774414,28.06898307800293,26.373138427734375,19.06211280822754,17.557165145874023,20.662269592285156,16.870946884155273,17.370792388916016,18.229167938232422,18.949565887451172,18.221054077148438,26.974695205688477,19.61812973022461,17.508087158203125,18.59013557434082,20.59300994873047,27.834064483642578,18.04043960571289,18.331527709960938,21.435686111450195,19.075098037719727,19.26502799987793,26.760730743408203,18.69559669494629,19.05481719970703,17.245149612426758,20.51233673095703,16.991533279418945,19.77947425842285,17.842187881469727,18.4617862701416,19.786903381347656,18.590665817260742,18.703184127807617,18.402875900268555,19.02023696899414,27.298521041870117,26.54408836364746,17.45024871826172
