0.0,21.32889747619629,20.830358505249023,1.7275608777999878,20.894662857055664,21.033477783203125,22.696022033691406,20.54694175720215,1.2163187265396118,21.14502716064453,21.61325454711914,21.59229278564453,0.9696788787841797,27.727514266967773,21.051958084106445,1.1652286052703857,20.791275024414062,2.906100273132324,20.55552864074707,21.257991790771484,20.524024963378906,24.678218841552734,21.06304359436035,20.939842224121094,20.565895080566406,20.58757781982422,1.0055540800094604,21.19039535522461,21.66929054260254,21.048194885253906,21.03325080871582,21.246965408325195,1.1579643487930298,20.666746139526367,27.655176162719727,21.022911071777344,21.782316207885742,25.79658317565918,21.227977752685547,20.488431930541992,20.869279861450195,21.065584182739258,21.425382614135742,21.39252281188965,22.31570053100586,20.74003028869629,20.8282470703125,20.639080047607422,0.8469268679618835,2.8074145317077637,21.0096492767334,22.463092803955078,21.143503189086914,20.777904510498047,20.881135940551758,0.6496130228042603,20.85619354248047,0.8009051084518433,21.408052444458008,25.526386260986328,1.0340574979782104,20.71692657470703,0.965294361114502,1.7058732509613037,22.290729522705078,21.172515869140625,21.905193328857422,20.610872268676758,21.162399291992188,23.662578582763672,21.008834838867188,20.96548843383789,0.8986921906471252,24.55567741394043,20.707233428955078,21.17344856262207,20.751813888549805,1.0233181715011597,21.042137145996094,21.022974014282227,26.683897018432617,20.746681213378906,21.082096099853516,1.2560036182403564,25.38275718688965,21.307405471801758,20.949016571044922,21.049692153930664,21.006986618041992,20.18821144104004,21.411754608154297,21.4366455078125,24.947086334228516,21.069738388061523,20.7091064453125,23.64867401123047,20.8724422454834,2.35516095161438,2.32561993598938,20.8100643157959
21.32889747619629,0.0,4.289548397064209,19.894786834716797,2.7728519439697266,3.364799976348877,9.586225509643555,3.6350197792053223,21.088645935058594,3.3984296321868896,5.170291423797607,6.820252895355225,21.284854888916016,18.998497009277344,5.479960918426514,21.356307983398438,3.5735065937042236,19.033109664916992,3.984976053237915,5.744634628295898,5.932417869567871,15.445897102355957,4.409593105316162,3.498154401779175,3.9730823040008545,5.275082111358643,21.445507049560547,4.605917453765869,8.10327434539795,2.928734302520752,4.571845054626465,5.176546573638916,20.992328643798828,4.984861373901367,18.600830078125,3.4826395511627197,4.926029682159424,13.705862045288086,4.944950580596924,2.723724365234375,3.1158668994903564,4.479236602783203,4.712106227874756,5.992187976837158,10.371625900268555,3.9461328983306885,1.9009425640106201,5.390415191650391,20.900592803955078,18.72697639465332,4.040490627288818,7.464415073394775,3.3451759815216064,3.805615186691284,2.2913801670074463,21.50115966796875,3.4138362407684326,21.748458862304688,6.68063497543335,17.438688278198242,21.53839683532715,3.0710761547088623,21.25969123840332,19.89671516418457,8.538595199584961,2.664705276489258,7.287535667419434,2.801981210708618,3.9882795810699463,13.201889038085938,5.667786121368408,2.8565306663513184,21.73098373413086,15.346833229064941,4.194790363311768,7.549426078796387,3.908313274383545,21.507183074951172,5.359129905700684,3.690473794937134,17.23458480834961,3.5104126930236816,4.815492153167725,22.400869369506836,15.858180046081543,5.354234218597412,2.0205161571502686,3.886441946029663,2.808601140975952,3.764892339706421,7.9015278816223145,3.7945175170898438,15.64859390258789,3.558363914489746,7.469163417816162,12.335572242736816,3.057070732116699,20.49916648864746,23.599519729614258,3.880815029144287
20.830358505249023,4.289548397064209,0.0,19.263887405395508,2.5208935737609863,2.6652321815490723,10.365418434143066,1.7179397344589233,20.487293243408203,2.323941707611084,5.433320999145508,7.889410495758057,20.73166847229004,18.129959106445312,4.464367389678955,20.757667541503906,2.6133129596710205,18.531177520751953,2.64302134513855,5.230831146240234,5.995039939880371,15.406190872192383,2.116922616958618,2.4305272102355957,2.3064327239990234,4.927984237670898,20.813640594482422,2.6600239276885986,6.853464126586914,1.5767024755477905,4.109983444213867,4.692920684814453,20.370649337768555,5.568108081817627,19.373228073120117,2.7196309566497803,2.1196517944335938,17.07819175720215,3.9530107975006104,2.8459155559539795,3.6832196712493896,4.473518371582031,2.736470937728882,5.437689781188965,9.7813081741333,3.1583809852600098,3.9589755535125732,4.603011131286621,20.35082244873047,18.175790786743164,2.8911709785461426,6.67574405670166,1.7588262557983398,3.920612096786499,3.1765410900115967,21.03183364868164,3.1317684650421143,21.230289459228516,7.561963081359863,15.925721168518066,20.90092658996582,2.641115665435791,20.691314697265625,19.316308975219727,9.104232788085938,4.112378120422363,6.859540939331055,1.8775256872177124,2.6104328632354736,10.917403221130371,3.56144380569458,2.487285614013672,21.15899085998535,14.485456466674805,4.347722053527832,5.777216911315918,3.164245367050171,20.994577407836914,3.0584490299224854,4.711714267730713,16.414257049560547,2.5813682079315186,4.34492826461792,21.842147827148438,13.946671485900879,4.34607458114624,2.888092517852783,2.5102598667144775,2.606410026550293,2.497894048690796,8.271519660949707,4.675896167755127,14.883480072021484,2.083588123321533,6.2242350578308105,11.571260452270508,2.8948755264282227,20.033607482910156,23.06593894958496,4.109470844268799
1.7275608777999878,19.894786834716797,19.263887405395508,0.0,19.377368927001953,19.487594604492188,21.444705963134766,19.018686294555664,1.846032738685608,19.59706687927246,20.175392150878906,20.33441734313965,2.15820574760437,26.6363525390625,19.58867645263672,1.9139747619628906,19.24611473083496,2.0614566802978516,19.02569580078125,19.831260681152344,19.070650100708008,23.508813858032227,19.539560317993164,19.3981990814209,19.026695251464844,19.103727340698242,1.918656826019287,19.655651092529297,20.205610275268555,19.522951126098633,19.452571868896484,19.84707260131836,1.8135982751846313,19.197153091430664,26.758991241455078,19.48284149169922,20.20697784423828,24.985090255737305,19.76802635192871,18.977121353149414,19.399173736572266,19.616418838500977,19.8161563873291,19.853748321533203,21.039247512817383,19.205503463745117,19.362180709838867,19.13933753967285,1.403659701347351,1.6467844247817993,19.51163673400879,21.085580825805664,19.610219955444336,19.31719970703125,19.393009185791016,2.179529905319214,19.324201583862305,2.198056221008301,20.1133975982666,24.362125396728516,1.8801199197769165,19.188064575195312,1.9116414785385132,1.1158686876296997,20.759403228759766,19.744232177734375,20.452346801757812,19.081439971923828,19.612525939941406,22.199899673461914,19.531795501708984,19.484689712524414,2.139883518218994,23.523452758789062,19.310392379760742,19.60523223876953,19.194150924682617,1.9344221353530884,19.4693660736084,19.475303649902344,25.261188507080078,19.178850173950195,19.545642852783203,2.7712910175323486,24.165103912353516,19.73099708557129,19.45212173461914,19.494991302490234,19.5102481842041,18.642601013183594,19.987987518310547,19.94723892211914,23.412799835205078,19.533845901489258,19.249826431274414,22.48618507385254,19.390066146850586,2.8794283866882324,3.9031667709350586,19.313505172729492
20.894662857055664,2.7728519439697266,2.5208935737609863,19.377368927001953,0.0,2.8403515815734863,10.416508674621582,1.9447633028030396,20.54206657409668,1.5513007640838623,4.814975738525391,7.074024677276611,20.861125946044922,18.739898681640625,4.541220188140869,20.836511611938477,1.911794662475586,18.482511520385742,1.9266417026519775,4.488046646118164,4.192126750946045,13.83514404296875,2.3565099239349365,2.007206439971924,2.60701584815979,4.502269268035889,20.89424705505371,3.2809219360351562,6.945034980773926,1.3209038972854614,3.451547145843506,4.196646213531494,20.490257263183594,5.125001430511475,18.597349166870117,2.603316307067871,3.4304025173187256,15.475079536437988,4.132852077484131,1.1264562606811523,2.369781732559204,4.255589008331299,3.011044502258301,5.401289463043213,8.648599624633789,1.7273145914077759,2.7977542877197266,3.7571029663085938,20.424121856689453,18.21693992614746,2.419224977493286,6.520214080810547,2.114469528198242,3.1092350482940674,2.031370162963867,21.05792808532715,1.425520420074463,21.295164108276367,6.77947473526001,16.410030364990234,21.026580810546875,1.4541281461715698,20.757373809814453,19.40497589111328,8.122953414916992,3.1851840019226074,7.024807929992676,1.5584211349487305,2.4032435417175293,12.09636402130127,4.650495529174805,2.02787709236145,21.274856567382812,14.531403541564941,3.2994742393493652,5.917628288269043,3.032003402709961,21.03788185119629,3.5030508041381836,3.2488932609558105,16.28244400024414,2.488879442214966,3.6758830547332764,21.8985652923584,14.500882148742676,4.464926719665527,1.6604905128479004,1.7972639799118042,1.7540862560272217,2.238163709640503,7.244410514831543,3.803161144256592,14.459650993347168,1.5280423164367676,6.765651702880859,11.8135347366333,2.9433071613311768,20.00571632385254,23.141284942626953,2.932788372039795
21.033477783203125,3.364799976348877,2.6652321815490723,19.487594604492188,2.8403515815734863,0.18736262619495392,8.882122039794922,2.8296518325805664,20.787771224975586,3.2584714889526367,4.832775115966797,7.003457546234131,20.99398422241211,18.281740188598633,4.620423316955566,21.05520248413086,2.3776772022247314,18.79543113708496,3.025374412536621,5.803775310516357,6.071101665496826,15.677308082580566,3.5093672275543213,3.134052038192749,3.237551212310791,3.6462795734405518,21.082698822021484,3.199005126953125,7.777919769287109,2.418715238571167,4.306643009185791,4.504090309143066,20.67981719970703,4.551331520080566,19.175012588500977,3.06072998046875,3.889594078063965,15.478507995605469,3.5355193614959717,2.827662229537964,3.0240590572357178,3.933706521987915,3.726360321044922,6.047640323638916,11.08290958404541,3.925274133682251,2.607361078262329,4.92023229598999,20.564064025878906,18.46784019470215,3.9078376293182373,8.296762466430664,2.350208044052124,4.820140838623047,3.552654981613159,21.280412673950195,3.087848663330078,21.454484939575195,7.432581424713135,16.49323272705078,21.14971160888672,1.951878547668457,20.991893768310547,19.584095001220703,9.239501953125,4.302438259124756,5.8635382652282715,2.053469181060791,1.922324538230896,10.770772933959961,4.011503219604492,2.7610104084014893,21.388980865478516,14.496356010437012,4.238455295562744,6.881361961364746,2.1157028675079346,21.146923065185547,4.556038856506348,3.84553861618042,15.70353889465332,1.3292763233184814,3.3735504150390625,22.098526000976562,14.993776321411133,5.3475117683410645,2.45847749710083,3.430811643600464,2.7996177673339844,2.583345890045166,8.291248321533203,5.002076625823975,14.186955451965332,2.5479726791381836,6.380826950073242,13.135544776916504,2.991053581237793,20.369112014770508,23.29801368713379,3.944622278213501
22.696022033691406,9.586225509643555,10.365418434143066,21.444705963134766,10.416508674621582,8.882122039794922,0.0,10.003070831298828,22.64369773864746,11.449990272521973,12.28311824798584,8.748917579650879,22.554664611816406,21.948518753051758,9.70164966583252,22.903657913208008,10.148086547851562,21.044635772705078,10.36158275604248,13.408612251281738,11.363157272338867,19.855783462524414,11.21908187866211,10.257582664489746,10.310022354125977,8.619672775268555,22.962324142456055,10.080059051513672,14.30215835571289,10.005823135375977,11.107507705688477,9.74618911743164,22.342370986938477,8.366418838500977,23.027164459228516,10.673238754272461,10.948195457458496,13.139703750610352,9.017409324645996,10.028329849243164,10.008810997009277,7.26215934753418,11.041611671447754,12.002115249633789,15.508504867553711,11.626164436340332,8.996732711791992,9.610740661621094,22.32053565979004,20.561349868774414,10.748615264892578,12.485816955566406,9.39113712310791,11.021662712097168,10.646387100219727,22.992639541625977,10.588689804077148,23.13953399658203,8.647551536560059,15.921977996826172,22.93906593322754,9.601491928100586,22.897245407104492,21.417537689208984,14.746829986572266,10.747626304626465,12.479249000549316,9.856019973754883,9.928590774536133,12.120329856872559,8.024434089660645,9.32066535949707,23.136911392211914,15.879715919494629,9.463903427124023,11.334181785583496,9.18871784210205,22.8707275390625,10.237251281738281,9.857929229736328,18.93369483947754,9.584449768066406,10.256078720092773,23.87578582763672,16.856779098510742,12.542203903198242,9.712103843688965,11.363585472106934,9.748075485229492,9.478106498718262,11.88135051727295,10.942397117614746,17.006893157958984,10.438780784606934,11.070889472961426,17.157825469970703,8.526042938232422,22.02068328857422,24.941024780273438,10.607169151306152
20.54694175720215,3.6350197792053223,1.7179397344589233,19.018686294555664,1.9447633028030396,2.8296518325805664,10.003070831298828,0.0,20.215993881225586,2.1109061241149902,5.782813549041748,7.248715400695801,20.45117950439453,17.721725463867188,4.0795369148254395,20.51618194580078,2.200011730194092,18.252988815307617,2.2349445819854736,5.05329704284668,5.060067176818848,14.685068130493164,2.3544514179229736,2.193119764328003,2.069324254989624,4.693120956420898,20.570571899414062,2.781569242477417,6.600130081176758,1.206145167350769,4.026916980743408,4.15878438949585,20.092496871948242,5.548520565032959,19.35919761657715,3.3889334201812744,2.988903284072876,15.763811111450195,4.209763526916504,1.8912854194641113,3.1510748863220215,4.099914073944092,3.4571807384490967,5.186151027679443,9.0027437210083,2.971693754196167,3.2680370807647705,3.9582834243774414,20.068058013916016,17.892248153686523,2.8038649559020996,6.554548740386963,2.224813461303711,3.104851484298706,2.6069726943969727,20.751319885253906,2.4314982891082764,20.978900909423828,6.861600875854492,15.294553756713867,20.634414672851562,2.2535972595214844,20.431949615478516,19.072261810302734,8.41402816772461,3.572997808456421,7.439949035644531,1.3574050664901733,3.0753045082092285,11.623624801635742,3.771250009536743,1.4696931838989258,20.946104049682617,14.208066940307617,3.7847068309783936,5.519215106964111,3.6950721740722656,20.715425491333008,2.9588029384613037,4.073184967041016,16.186616897583008,2.715702533721924,4.257174968719482,21.59432601928711,14.547262191772461,4.098450660705566,1.9373379945755005,2.0691678524017334,1.8037090301513672,2.0746278762817383,7.572466850280762,3.826333522796631,14.663470268249512,1.9647467136383057,6.517041206359863,10.927077293395996,2.196223735809326,19.70317268371582,22.801027297973633,2.902522563934326
1.2163187265396118,21.088645935058594,20.487293243408203,1.846032738685608,20.54206657409668,20.787771224975586,22.64369773864746,20.215993881225586,0.5954180955886841,20.797765731811523,21.378999710083008,21.329118728637695,1.7512290477752686,27.57843589782715,20.701616287231445,0.9872385263442993,20.479520797729492,2.4819693565368652,20.21834945678711,20.92719841003418,20.043710708618164,24.01017189025879,20.66779327392578,20.601037979125977,20.24101448059082,20.35668182373047,1.1417882442474365,20.804052352905273,21.46208381652832,20.72468376159668,20.65096092224121,20.989870071411133,1.2560644149780273,20.416019439697266,27.314739227294922,20.68000602722168,21.422779083251953,25.864688873291016,20.952579498291016,20.178081512451172,20.577983856201172,20.75506591796875,21.0133056640625,21.162614822387695,21.710031509399414,20.32115364074707,20.584915161132812,20.225845336914062,1.3586452007293701,2.4525837898254395,20.635393142700195,21.973875045776367,20.824085235595703,20.46565055847168,20.597814559936523,1.2304749488830566,20.505855560302734,1.53080153465271,21.12411880493164,25.061410903930664,1.5807334184646606,20.41716957092285,0.9832583069801331,1.7049740552902222,22.001630783081055,20.858112335205078,21.698118209838867,20.304000854492188,20.842243194580078,23.543630599975586,20.678112030029297,20.67737579345703,1.6571710109710693,24.506641387939453,20.40666961669922,20.635480880737305,20.467727661132812,1.7291234731674194,20.6323184967041,20.719980239868164,26.438364028930664,20.475910186767578,20.83077049255371,1.5484623908996582,24.66254997253418,20.928468704223633,20.660524368286133,20.663236618041992,20.669889450073242,19.889497756958008,21.098751068115234,21.17279624938965,24.612091064453125,20.7464656829834,20.48554229736328,23.399782180786133,20.606094360351562,1.958664059638977,2.852177858352661,20.540523529052734
21.14502716064453,3.3984296321868896,2.323941707611084,19.59706687927246,1.5513007640838623,3.2584714889526367,11.449990272521973,2.1109061241149902,20.797765731811523,0.0,4.822147846221924,8.230660438537598,21.094602584838867,18.408794403076172,5.280220031738281,21.074560165405273,2.488213300704956,18.75457763671875,2.4035181999206543,4.276693820953369,5.238770008087158,14.547658920288086,2.222952365875244,2.4000120162963867,2.7532541751861572,5.32938289642334,21.131189346313477,3.5840957164764404,6.359537124633789,1.653479814529419,3.7565112113952637,4.882652282714844,20.725805282592773,5.95761251449585,18.652320861816406,2.6237521171569824,3.054413080215454,16.432632446289062,4.791658401489258,2.06842303276062,3.289551019668579,5.202489852905273,3.082934617996216,4.884491443634033,9.114799499511719,2.2235124111175537,3.6334176063537598,4.775493621826172,20.65406608581543,18.46013832092285,2.5841071605682373,6.717761516571045,2.703183889389038,3.2196292877197266,2.077289581298828,21.31351089477539,2.283214807510376,21.547208786010742,7.753894805908203,16.66758918762207,21.225465774536133,2.4423468112945557,20.98789405822754,19.658742904663086,7.729001045227051,3.2470831871032715,7.0280070304870605,1.9114214181900024,2.935504198074341,12.405960083007812,5.344744682312012,2.536212682723999,21.497663497924805,14.956239700317383,4.4089765548706055,6.110563278198242,3.736109733581543,21.289134979248047,3.8003108501434326,3.9420788288116455,16.059860229492188,2.7393558025360107,4.235391139984131,22.14763641357422,15.237486839294434,3.700914144515991,2.2179439067840576,1.261833667755127,2.4468181133270264,2.8955721855163574,7.820843696594238,3.7600553035736084,14.798710823059082,1.8848106861114502,6.930399417877197,11.318902969360352,3.409965753555298,20.337257385253906,23.355714797973633,3.0149385929107666
21.61325454711914,5.170291423797607,5.433320999145508,20.175392150878906,4.814975738525391,4.832775115966797,12.28311824798584,5.782813549041748,21.378999710083008,4.822147846221924,0.10517899692058563,8.36085319519043,21.63776397705078,19.128402709960938,7.162370204925537,21.65739631652832,4.95634651184082,19.25934410095215,4.814793109893799,3.700648784637451,7.395747661590576,15.251127243041992,4.773775577545166,5.754594326019287,5.914159297943115,5.5308356285095215,21.578636169433594,6.193916320800781,7.495444297790527,5.112541198730469,6.936070919036865,4.862637042999268,21.36710548400879,7.038681983947754,16.914175033569336,4.737668037414551,6.31510591506958,16.710586547851562,4.928943634033203,5.149744510650635,4.461371421813965,7.224381446838379,6.459132194519043,7.760941982269287,11.290398597717285,5.159070014953613,5.458364009857178,7.483394145965576,21.204748153686523,19.13748550415039,5.201515197753906,9.562244415283203,5.340181827545166,6.398698329925537,5.221606254577637,21.817659378051758,5.163764476776123,22.02566146850586,9.369932174682617,19.368633270263672,21.790796279907227,4.542908191680908,21.52952003479004,20.218748092651367,10.950061798095703,5.681826114654541,4.4970703125,5.095998287200928,3.982649326324463,12.014348983764648,7.160408973693848,5.441093444824219,21.920726776123047,13.508774757385254,4.962880611419678,10.1278076171875,4.934911727905273,21.76211166381836,7.733717441558838,6.79335355758667,16.703845977783203,4.751074314117432,4.661968231201172,22.593547821044922,15.993330955505371,7.766528129577637,5.270632743835449,5.407190322875977,5.534687042236328,5.621850490570068,9.968293190002441,7.249931335449219,16.189603805541992,4.412820816040039,7.312171936035156,13.502046585083008,6.4246954917907715,20.903886795043945,23.8129940032959,5.829679489135742
21.59229278564453,6.820252895355225,7.889410495758057,20.33441734313965,7.074024677276611,7.003457546234131,8.748917579650879,7.248715400695801,21.329118728637695,8.230660438537598,8.36085319519043,0.0,21.51128578186035,17.339990615844727,4.541769027709961,21.718612670898438,6.499723434448242,19.563987731933594,6.896172523498535,7.910130500793457,7.031303405761719,14.403546333312988,7.633957386016846,6.862008094787598,6.715292453765869,5.663614749908447,21.789894104003906,6.676601886749268,11.284551620483398,7.284389972686768,7.449059963226318,6.408522129058838,21.315650939941406,5.800887584686279,17.984455108642578,7.864965438842773,8.268174171447754,13.063173294067383,7.840633392333984,6.883875846862793,6.660401821136475,6.111197471618652,8.603620529174805,10.088912963867188,11.784937858581543,7.416121959686279,6.225950241088867,6.196438789367676,21.279651641845703,19.20737075805664,7.718084812164307,11.082249641418457,7.120180606842041,7.380223751068115,7.684238433837891,21.877025604248047,7.125380039215088,22.040225982666016,5.869816780090332,16.090665817260742,21.917573928833008,6.700286388397217,21.66443634033203,20.36188316345215,12.304965019226074,8.18475341796875,9.77676010131836,6.785213470458984,7.204634666442871,12.705803871154785,6.144861698150635,6.948985576629639,22.181364059448242,14.478313446044922,6.4191718101501465,10.434605598449707,7.093408107757568,21.710609436035156,8.386354446411133,7.334742546081543,20.123258590698242,7.233613967895508,6.697428226470947,22.61493492126465,13.873579978942871,9.059883117675781,7.040655136108398,8.243345260620117,6.099298000335693,6.756458282470703,8.102985382080078,8.176738739013672,14.504572868347168,6.968715667724609,7.349885940551758,14.364106178283691,7.001935005187988,20.648513793945312,23.912731170654297,8.38620662689209
0.9696788787841797,21.284854888916016,20.73166847229004,2.15820574760437,20.861125946044922,20.99398422241211,22.554664611816406,20.45117950439453,1.7512290477752686,21.094602584838867,21.63776397705078,21.51128578186035,0.4923734664916992,27.591665267944336,20.96658706665039,1.7433607578277588,20.770618438720703,3.462738037109375,20.486623764038086,21.225448608398438,20.56229591369629,24.969188690185547,20.974178314208984,20.858699798583984,20.45952796936035,20.538471221923828,1.826170802116394,21.102991104125977,21.609947204589844,20.972612380981445,21.01510238647461,21.17097282409668,1.0323295593261719,20.56709861755371,27.463830947875977,20.945241928100586,21.638254165649414,25.874164581298828,21.19036102294922,20.454814910888672,20.900089263916016,20.914627075195312,21.400062561035156,21.248584747314453,22.28628921508789,20.74493980407715,20.81976890563965,20.55329132080078,1.3908883333206177,2.9432525634765625,20.886451721191406,22.279104232788086,21.058727264404297,20.649490356445312,20.81032371520996,1.5019721984863281,20.875577926635742,1.6342509984970093,21.19471549987793,25.083450317382812,1.396941900253296,20.698814392089844,1.6747474670410156,2.060786485671997,22.25691032409668,21.089384078979492,22.001739501953125,20.537933349609375,21.14308738708496,23.55006217956543,20.834495544433594,20.858341217041016,1.6227730512619019,24.482961654663086,20.674327850341797,21.054279327392578,20.73289680480957,1.9359873533248901,20.92971420288086,21.03619384765625,26.821218490600586,20.702449798583984,21.106700897216797,2.038381338119507,25.31652069091797,21.192785263061523,20.906723022460938,21.003429412841797,20.91436195373535,20.12627410888672,21.33302879333496,21.345651626586914,25.097925186157227,21.016489028930664,20.510494232177734,23.255569458007812,20.72818374633789,2.625319719314575,2.7249951362609863,20.792173385620117
27.727514266967773,18.998497009277344,18.129959106445312,26.6363525390625,18.739898681640625,18.281740188598633,21.948518753051758,17.721725463867188,27.57843589782715,18.408794403076172,19.128402709960938,17.339990615844727,27.591665267944336,0.3315483629703522,15.9441556930542,27.997852325439453,17.649913787841797,26.41889190673828,18.592247009277344,17.48250389099121,19.527374267578125,23.187612533569336,18.02880859375,18.420425415039062,17.580711364746094,18.911720275878906,27.96767234802246,16.895402908325195,18.75814437866211,18.359060287475586,18.585067749023438,18.465362548828125,27.573083877563477,20.062644958496094,26.99703025817871,19.542152404785156,18.66295623779297,22.883556365966797,19.64080047607422,18.593839645385742,18.153860092163086,19.73280143737793,19.357093811035156,20.17232322692871,22.320863723754883,18.487396240234375,18.026687622070312,19.510242462158203,27.50589942932129,25.973642349243164,19.53947639465332,22.49113655090332,19.087480545043945,18.68509292602539,18.963321685791016,28.254131317138672,18.27705192565918,28.29862403869629,20.94205093383789,21.954490661621094,27.78462028503418,18.71452522277832,27.80704689025879,27.056467056274414,21.287023544311523,18.907917022705078,18.0601749420166,17.845487594604492,18.927993774414062,22.602380752563477,18.24498176574707,18.427894592285156,28.387907028198242,22.876976013183594,19.378620147705078,20.689424514770508,19.685264587402344,27.7745361328125,19.530990600585938,19.518722534179688,25.65211296081543,18.590166091918945,18.506223678588867,28.619277954101562,23.068632125854492,17.20950698852539,18.1136531829834,18.227642059326172,17.78680419921875,18.563976287841797,20.675844192504883,18.82149314880371,22.207035064697266,18.25867462158203,18.800979614257812,20.089256286621094,18.7557315826416,27.385908126831055,29.579933166503906,18.570253372192383
21.051958084106445,5.479960918426514,4.464367389678955,19.58867645263672,4.541220188140869,4.620423316955566,9.70164966583252,4.0795369148254395,20.701616287231445,5.280220031738281,7.162370204925537,4.541769027709961,20.96658706665039,15.9441556930542,0.0,21.04755973815918,3.518278121948242,18.857898712158203,4.503530502319336,6.118261814117432,5.731032848358154,14.071283340454102,4.769891262054443,3.867072343826294,3.3922600746154785,4.955595970153809,21.142221450805664,3.3276894092559814,8.703218460083008,4.369614124298096,4.449858665466309,5.397598743438721,20.6785945892334,5.36459493637085,19.49053955078125,5.518769264221191,4.931248664855957,15.428238868713379,6.150757312774658,4.439651966094971,4.562074184417725,5.155923366546631,5.191282272338867,7.695842266082764,10.351964950561523,4.500545024871826,4.4050774574279785,4.4034905433654785,20.668378829956055,18.48714256286621,5.581181049346924,9.046722412109375,4.379433631896973,5.089402675628662,5.335940361022949,21.320175170898438,4.381314754486084,21.470762252807617,6.68560266494751,15.479273796081543,21.24480628967285,4.376368999481201,20.99304962158203,19.673246383666992,10.269088745117188,6.282186031341553,8.21080493927002,3.8931899070739746,4.90506649017334,11.4656343460083,3.8741776943206787,4.637704849243164,21.550498962402344,14.636259078979492,5.261554718017578,7.617731094360352,4.9688897132873535,21.16002082824707,5.102306842803955,5.364690780639648,18.616531372070312,4.803837299346924,4.794100284576416,22.045827865600586,12.721287727355957,5.665618896484375,4.610159397125244,5.229681015014648,3.521702289581299,4.014810085296631,7.39301872253418,5.792496681213379,13.553011894226074,4.205186367034912,6.203976631164551,12.645724296569824,4.7791547775268555,20.15457534790039,23.36180305480957,6.136653900146484
1.1652286052703857,21.356307983398438,20.757667541503906,1.9139747619628906,20.836511611938477,21.05520248413086,22.903657913208008,20.51618194580078,0.9872385263442993,21.074560165405273,21.65739631652832,21.718612670898438,1.7433607578277588,27.997852325439453,21.04755973815918,0.7392004132270813,20.77509880065918,2.7613236904144287,20.525524139404297,21.26448631286621,20.427106857299805,24.487146377563477,20.98555564880371,20.87284278869629,20.521198272705078,20.6693115234375,1.1560124158859253,21.125364303588867,21.71194076538086,21.005252838134766,20.90580177307129,21.34002113342285,1.3756434917449951,20.667457580566406,27.677928924560547,20.927066802978516,21.672006607055664,26.217529296875,21.24679946899414,20.46755599975586,20.883602142333984,21.06088638305664,21.252716064453125,21.361570358276367,22.10891342163086,20.620420455932617,20.866910934448242,20.55463981628418,1.4263429641723633,2.730452060699463,20.932390213012695,22.247161865234375,21.08348846435547,20.742599487304688,20.85221290588379,1.0268311500549316,20.80862808227539,1.1901696920394897,21.438430786132812,25.518861770629883,1.5342962741851807,20.706157684326172,0.8912073373794556,1.7407987117767334,22.1993465423584,21.14327049255371,21.97447967529297,20.588708877563477,21.129234313964844,23.735565185546875,20.992015838623047,20.97414207458496,1.244421124458313,24.86716651916504,20.73569107055664,20.93294334411621,20.709781646728516,1.664410948753357,20.89781951904297,20.97792625427246,26.743919372558594,20.741037368774414,21.11374855041504,1.3219294548034668,25.0078182220459,21.189159393310547,20.94926643371582,20.96441078186035,20.979232788085938,20.166061401367188,21.375911712646484,21.41541862487793,24.882640838623047,21.03839683532715,20.74620819091797,23.691423416137695,20.878345489501953,2.3280398845672607,2.583174467086792,20.843053817749023
20.791275024414062,3.5735065937042236,2.6133129596710205,19.24611473083496,1.911794662475586,2.3776772022247314,10.148086547851562,2.200011730194092,20.479520797729492,2.488213300704956,4.95634651184082,6.499723434448242,20.770618438720703,17.649913787841797,3.518278121948242,20.77509880065918,0.08543666452169418,18.461244583129883,2.006730556488037,4.512038707733154,4.6852288246154785,13.905091285705566,3.09204363822937,1.8535984754562378,1.9660364389419556,3.6726670265197754,20.820110321044922,3.1587700843811035,6.614163875579834,2.0692496299743652,3.0333611965179443,4.16471004486084,20.439498901367188,4.770137786865234,19.094343185424805,3.408473253250122,3.472890615463257,15.575376510620117,4.573692321777344,1.650364637374878,2.5092902183532715,4.693350315093994,3.31960391998291,5.396875381469727,9.606232643127441,2.3912899494171143,2.8055312633514404,3.7732982635498047,20.342927932739258,18.17723274230957,3.6282079219818115,8.065044403076172,2.466963768005371,3.5331411361694336,2.8937458992004395,21.018478393554688,1.6319752931594849,21.195520401000977,6.9657697677612305,16.48174285888672,20.927576065063477,1.3854100704193115,20.705841064453125,19.344615936279297,8.147589683532715,4.620361328125,6.780211925506592,1.6117908954620361,2.430522918701172,11.051308631896973,4.427684307098389,2.7416303157806396,21.20707130432129,14.143160820007324,3.8723983764648438,6.73729944229126,2.7283010482788086,20.880634307861328,3.799116849899292,3.103348970413208,16.4995059967041,2.0501580238342285,2.3795483112335205,21.807552337646484,14.599196434020996,4.4633917808532715,2.3570003509521484,2.797762155532837,2.1477222442626953,1.598402500152588,6.784984588623047,3.9477932453155518,13.232650756835938,1.3727856874465942,5.928281307220459,12.174986839294434,3.405722141265869,20.01383399963379,23.0699462890625,3.4305813312530518
2.906100273132324,19.033109664916992,18.531177520751953,2.0614566802978516,18.482511520385742,18.79543113708496,21.044635772705078,18.252988815307617,2.4819693565368652,18.75457763671875,19.25934410095215,19.563987731933594,3.462738037109375,26.41889190673828,18.857898712158203,2.7613236904144287,18.461244583129883,0.0,18.243101119995117,18.891263961791992,18.018583297729492,22.065589904785156,18.695213317871094,18.640949249267578,18.330856323242188,18.46448516845703,2.684238910675049,18.908464431762695,19.462520599365234,18.711284637451172,18.693593978881836,19.003198623657227,2.934095621109009,18.611141204833984,26.113481521606445,18.698373794555664,19.54242706298828,24.108909606933594,18.896284103393555,18.126697540283203,18.439170837402344,18.939125061035156,18.99840545654297,19.299907684326172,19.740690231323242,18.23876953125,18.530757904052734,18.35614013671875,2.735471248626709,1.532455325126648,18.687110900878906,20.056623458862305,18.837173461914062,18.52349853515625,18.553869247436523,2.855118751525879,18.4062442779541,3.234966993331909,19.442638397216797,24.245399475097656,3.345522403717041,18.36562156677246,2.5379295349121094,1.7466747760772705,20.17736053466797,18.822818756103516,19.594175338745117,18.321857452392578,18.809921264648438,21.979707717895508,18.89820671081543,18.700363159179688,3.2313873767852783,22.802762985229492,18.322368621826172,18.8480224609375,18.455772399902344,3.22933030128479,18.727304458618164,18.70496940612793,24.766889572143555,18.497825622558594,18.79648208618164,3.578052520751953,23.132234573364258,19.08903694152832,18.615306854248047,18.640079498291016,18.723325729370117,17.915237426757812,19.338111877441406,19.207223892211914,23.16534423828125,18.730125427246094,18.837560653686523,21.90387725830078,18.70008087158203,2.34759783744812,4.9326300621032715,18.46339225769043
20.55552864074707,3.984976053237915,2.64302134513855,19.02569580078125,1.9266417026519775,3.025374412536621,10.36158275604248,2.2349445819854736,20.21834945678711,2.4035181999206543,4.814793109893799,6.896172523498535,20.486623764038086,18.592247009277344,4.503530502319336,20.525524139404297,2.006730556488037,18.243101119995117,0.07762904465198517,4.093751907348633,4.347738265991211,13.955277442932129,2.4158549308776855,2.17850661277771,2.380777359008789,3.279114007949829,20.550174713134766,3.6697256565093994,6.416228294372559,2.230181932449341,3.9672675132751465,3.443995952606201,20.1326961517334,4.69048547744751,17.91432762145996,3.0669519901275635,3.2262566089630127,16.157556533813477,4.361850738525391,1.9304133653640747,3.4720656871795654,4.10983943939209,3.909623861312866,4.863231182098389,8.828408241271973,2.8525755405426025,3.947359561920166,3.152580976486206,20.06636619567871,17.916276931762695,2.1182515621185303,7.202548503875732,2.565303087234497,3.1857781410217285,2.979381561279297,20.760984420776367,2.5755929946899414,20.96790313720703,6.24425745010376,15.575159072875977,20.643033981323242,1.7098851203918457,20.46487808227539,19.09716796875,8.056119918823242,4.53362512588501,7.390400409698486,2.111398935317993,2.3108439445495605,10.862595558166504,4.189366817474365,2.379497528076172,20.952625274658203,13.570052146911621,3.5201382637023926,6.247368335723877,3.0572547912597656,20.6743106842041,3.590724468231201,3.7814459800720215,16.007291793823242,2.2177741527557373,3.008133888244629,21.575162887573242,14.825596809387207,4.835878849029541,2.9722533226013184,2.620217800140381,2.2930548191070557,1.8111637830734253,6.584995269775391,4.3079681396484375,13.650254249572754,1.2309902906417847,5.3534746170043945,11.334317207336426,3.2219064235687256,19.755878448486328,22.799562454223633,3.3512864112854004
21.257991790771484,5.744634628295898,5.230831146240234,19.831260681152344,4.488046646118164,5.803775310516357,13.408612251281738,5.05329704284668,20.92719841003418,4.276693820953369,3.700648784637451,7.910130500793457,21.225448608398438,17.48250389099121,6.118261814117432,21.26448631286621,4.512038707733154,18.891263961791992,4.093751907348633,0.08843149244785309,6.187610149383545,13.471010208129883,4.108660697937012,5.059502601623535,4.961853504180908,5.873702526092529,21.21755599975586,5.866089344024658,5.89569616317749,4.898026466369629,6.367941856384277,4.466281890869141,20.931720733642578,7.532133102416992,16.750621795654297,5.359440326690674,5.7321882247924805,17.025218963623047,6.255268573760986,4.702454566955566,4.80898904800415,7.506738185882568,6.502535343170166,6.922683238983154,9.180455207824707,4.361045837402344,5.989760875701904,6.452629566192627,20.846776962280273,18.706972122192383,4.690884590148926,8.901893615722656,5.574618816375732,4.964789390563965,4.885386943817139,21.458316802978516,4.732564926147461,21.687002182006836,8.620542526245117,17.896699905395508,21.400789260864258,4.742058277130127,21.127870559692383,19.892663955688477,9.744545936584473,5.897019386291504,6.991427421569824,4.8613667488098145,4.875795841217041,12.57473373413086,7.038389682769775,5.159821510314941,21.671173095703125,13.06076717376709,4.997751235961914,9.458149909973145,6.009964942932129,21.41002082824707,6.924056529998779,6.749195098876953,17.487003326416016,5.341807842254639,4.818662166595459,22.210481643676758,15.624119758605957,6.5396599769592285,5.2956862449646,4.77355432510376,4.953045845031738,5.254702091217041,8.496233940124512,6.303586006164551,15.456966400146484,3.941426992416382,6.678565502166748,11.050310134887695,6.349222660064697,20.40690040588379,23.458477020263672,5.350198745727539
20.524024963378906,5.932417869567871,5.995039939880371,19.070650100708008,4.192126750946045,6.071101665496826,11.363157272338867,5.060067176818848,20.043710708618164,5.238770008087158,7.395747661590576,7.031303405761719,20.56229591369629,19.527374267578125,5.731032848358154,20.427106857299805,4.6852288246154785,18.018583297729492,4.347738265991211,6.187610149383545,0.16621656715869904,10.37828540802002,5.137801170349121,5.0857391357421875,5.524187088012695,5.647244930267334,20.46239471435547,5.586063861846924,8.945389747619629,5.230807304382324,5.346296310424805,5.623621940612793,20.111438751220703,6.734862804412842,18.435405731201172,6.0717453956604,6.660892963409424,15.054051399230957,6.516427516937256,4.310813903808594,4.866976261138916,5.8061203956604,5.798203468322754,7.925817012786865,6.769008159637451,4.032924175262451,5.5902605056762695,3.5368080139160156,20.036104202270508,17.861677169799805,5.074985027313232,7.859461307525635,5.671863079071045,5.6267313957214355,5.69922399520874,20.654638290405273,3.901951551437378,20.91973876953125,7.065781593322754,15.365984916687012,20.657258987426758,4.513547420501709,20.37064552307129,19.10128402709961,8.852703094482422,6.24413537979126,9.368521690368652,5.187973499298096,5.234494209289551,13.4400053024292,6.56348180770874,5.284055233001709,20.994665145874023,14.720763206481934,4.826569080352783,6.167850971221924,5.861093044281006,20.591068267822266,5.4220194816589355,4.797035217285156,16.03741455078125,5.623465061187744,5.484041690826416,21.43709373474121,14.131470680236816,6.867794990539551,5.105850696563721,4.700479507446289,4.717032432556152,4.913980007171631,6.930421352386475,6.396936416625977,13.131573677062988,4.862733364105225,8.568785667419434,13.17615795135498,6.041318416595459,19.450597763061523,22.711938858032227,5.021451473236084
