0.0,21.15894317626953,21.125930786132812,1.4506973028182983,20.992416381835938,21.067371368408203,21.365705490112305,21.078441619873047,2.47326397895813,21.28354835510254,20.998159408569336,21.31087303161621,1.3064172267913818,24.008638381958008,21.487590789794922,3.7664880752563477,21.123918533325195,2.220867156982422,21.250911712646484,21.08692169189453,21.348297119140625,20.94824981689453,21.235729217529297,21.909955978393555,20.954774856567383,21.028661727905273,0.7376299500465393,21.26553726196289,21.311983108520508,21.676145553588867,21.649545669555664,21.527462005615234,0.9672682881355286,21.123844146728516,21.303430557250977,21.159358978271484,24.274688720703125,21.25360870361328,21.94317626953125,20.97187614440918,20.908479690551758,21.539718627929688,21.66677474975586,20.75981903076172,28.951969146728516,21.66205406188965,21.17629623413086,21.653915405273438,2.233780860900879,2.373090982437134,21.009140014648438,21.80222511291504,21.036203384399414,21.506336212158203,21.540870666503906,1.9526796340942383,20.7165584564209,2.995011329650879,21.849924087524414,21.17169189453125,1.7514032125473022,21.594715118408203,1.7153819799423218,4.1558003425598145,20.797119140625,21.1793270111084,21.392711639404297,21.135337829589844,21.480710983276367,20.963241577148438,20.979019165039062,21.827600479125977,2.1555633544921875,21.115245819091797,21.267108917236328,21.41899871826172,21.22516632080078,2.1086950302124023,20.973602294921875,21.40372085571289,27.67713165283203,21.112703323364258,26.17738914489746,3.361102819442749,20.917396545410156,21.684757232666016,21.30944061279297,21.4100341796875,21.06034278869629,20.865936279296875,21.345123291015625,21.18781852722168,21.456567764282227,21.07660484313965,21.549659729003906,22.17194938659668,22.907480239868164,4.025030136108398,4.03499174118042,20.82311248779297
21.15894317626953,0.08387074619531631,0.6016338467597961,20.477725982666016,0.40885910391807556,0.529296875,0.9969455003738403,0.8196379542350769,20.779743194580078,0.4815314710140228,0.7599406838417053,1.0612049102783203,20.9648494720459,12.069578170776367,1.3680075407028198,21.35185432434082,0.689472496509552,20.998741149902344,3.0219082832336426,1.3427233695983887,0.5817395448684692,0.6432634592056274,0.6429238319396973,0.8953261971473694,0.38105714321136475,0.9503152370452881,21.356569290161133,0.6688846945762634,0.4919394254684448,0.6328532099723816,0.9095200300216675,1.3101240396499634,21.93966293334961,0.7968654036521912,1.2958619594573975,0.9291303157806396,9.430177688598633,0.5757247805595398,1.7548004388809204,1.4812959432601929,2.157599449157715,1.2344067096710205,1.042189359664917,1.0898104906082153,20.55400848388672,2.6612536907196045,1.7397180795669556,0.6912034749984741,22.829856872558594,21.19891357421875,0.7801762819290161,2.8923962116241455,1.0624685287475586,0.5262666344642639,1.319532871246338,20.321096420288086,1.9782683849334717,21.466632843017578,1.2984308004379272,1.0113312005996704,20.215229034423828,0.6178716421127319,20.98947525024414,17.15229034423828,1.4930018186569214,0.918487012386322,0.7272827625274658,0.9438151717185974,1.1364644765853882,0.4577130973339081,1.000614881515503,0.9573520421981812,19.769134521484375,0.9041818976402283,0.4015132784843445,2.130647659301758,1.6239455938339233,20.80453872680664,1.8101962804794312,0.6090165376663208,17.982707977294922,2.0744662284851074,14.149219512939453,17.948139190673828,1.3121613264083862,1.3848516941070557,0.8650403618812561,0.7364886999130249,0.5506617426872253,1.8899537324905396,3.0632479190826416,0.3584609627723694,1.0537376403808594,1.3107458353042603,0.7667837738990784,1.3692457675933838,7.2303338050842285,22.911230087280273,23.63249397277832,0.6159532070159912
21.125930786132812,0.6016338467597961,0.10782063752412796,20.48273468017578,0.8258168697357178,0.928154706954956,0.9355896711349487,0.6369987726211548,20.788490295410156,0.5545860528945923,1.110594630241394,1.0100035667419434,20.965442657470703,11.74805736541748,1.2179609537124634,21.35590934753418,0.3430251479148865,21.021690368652344,3.173121929168701,0.9670463800430298,0.4845718443393707,0.6294201016426086,0.617531955242157,0.8840668797492981,0.6792545318603516,0.7734535336494446,21.331079483032227,0.6856136322021484,0.5504781603813171,0.9524694085121155,0.8853916525840759,1.2061468362808228,21.91729736328125,0.6868921518325806,0.9897421002388,0.8073555827140808,9.791370391845703,0.9778497219085693,1.7846962213516235,1.406898856163025,1.9678691625595093,0.927282989025116,1.0777852535247803,1.090470552444458,20.127262115478516,2.267096996307373,1.4552865028381348,0.793358325958252,22.83001708984375,21.220922470092773,1.0402045249938965,2.8866443634033203,1.029651165008545,0.804101824760437,1.3668267726898193,20.304048538208008,1.7205878496170044,21.489412307739258,1.3077735900878906,0.6769487261772156,20.21249771118164,0.8190513253211975,20.991352081298828,17.142444610595703,1.333556056022644,1.0418891906738281,0.5147716403007507,0.9276624321937561,1.2226710319519043,0.5991001725196838,1.1751861572265625,0.9007781744003296,19.745433807373047,1.1148203611373901,0.6008280515670776,1.9343507289886475,1.444006085395813,20.805700302124023,1.7262468338012695,0.7379931211471558,17.7508487701416,1.7151730060577393,14.155113220214844,17.9202938079834,1.1260451078414917,1.3086462020874023,0.6139309406280518,0.4793141484260559,0.8946218490600586,1.7007780075073242,2.8158957958221436,0.5505613088607788,0.9844089150428772,1.2441402673721313,0.9698804616928101,1.6086714267730713,7.468240737915039,22.910837173461914,23.65509605407715,0.5399313569068909
1.4506973028182983,20.477725982666016,20.48273468017578,0.0,20.303287506103516,20.36564826965332,20.702533721923828,20.43895149230957,1.5621776580810547,20.614519119262695,20.28972053527832,20.641984939575195,0.477522075176239,23.92563819885254,20.850383758544922,3.640134572982788,20.48094367980957,0.8485108613967896,20.488494873046875,20.48909568786621,20.69478988647461,20.284015655517578,20.578388214111328,21.25082778930664,20.26899528503418,20.385597229003906,1.5049357414245605,20.597259521484375,20.640796661376953,20.98040008544922,20.97882843017578,20.877134323120117,1.7583593130111694,20.472293853759766,20.69359588623047,20.499479293823242,23.18172264099121,20.546613693237305,21.25544548034668,20.31130027770996,20.333898544311523,20.921598434448242,20.984397888183594,20.099834442138672,28.972930908203125,21.11750030517578,20.568214416503906,20.975872039794922,2.392794132232666,1.1669689416885376,20.304807662963867,21.139907836914062,20.37623405456543,20.82561492919922,20.88361167907715,1.7395316362380981,20.103803634643555,2.524392604827881,21.18207550048828,20.542865753173828,0.7971047759056091,20.915180206298828,0.9132608771324158,3.497426748275757,20.138599395751953,20.489810943603516,20.750377655029297,20.46274185180664,20.802783966064453,20.28965950012207,20.28689956665039,21.177038192749023,1.846859097480774,20.427223205566406,20.593406677246094,20.830610275268555,20.586626052856445,1.746421456336975,20.28945541381836,20.723739624023438,27.45429039001465,20.527830123901367,25.73720359802246,2.96694278717041,20.269880294799805,21.01721954345703,20.667776107788086,20.77033805847168,20.363067626953125,20.272380828857422,20.827838897705078,20.51870346069336,20.81725311279297,20.40888786315918,20.874313354492188,21.459028244018555,21.969661712646484,3.9134387969970703,3.9974167346954346,20.15816879272461
20.992416381835938,0.40885910391807556,0.8258168697357178,20.303287506103516,0.11679622530937195,0.3945457637310028,0.9171393513679504,0.7616999745368958,20.59261703491211,0.5600141286849976,0.6813978552818298,0.9991508722305298,20.797136306762695,11.922138214111328,1.2495741844177246,21.23076629638672,1.0086594820022583,20.82634735107422,3.0579946041107178,1.4000157117843628,0.6721318960189819,0.9462825059890747,0.6158401370048523,1.0775161981582642,0.39779791235923767,0.8654245138168335,21.18265151977539,0.659113883972168,0.6474616527557373,0.8232601284980774,1.0025060176849365,1.1973508596420288,21.765012741088867,0.7019997239112854,1.288042664527893,0.8775798082351685,9.4290771484375,0.624010443687439,1.7346153259277344,1.2718762159347534,2.269099712371826,1.2661117315292358,1.1233704090118408,1.0398528575897217,20.73676300048828,2.614813804626465,1.6118855476379395,0.8739388585090637,22.657934188842773,21.02876853942871,0.736284077167511,2.6589980125427246,0.8469229340553284,0.6071187853813171,1.170401930809021,20.127765655517578,1.8106709718704224,21.31765365600586,1.2720580101013184,0.9986639618873596,20.036163330078125,0.791086733341217,20.827495574951172,16.96757698059082,1.396478533744812,0.819395899772644,0.8659394979476929,0.8495684266090393,0.9711117148399353,0.380399614572525,0.737075686454773,1.049979567527771,19.62482261657715,0.6219576001167297,0.40827322006225586,2.000680446624756,1.5013549327850342,20.653226852416992,1.9840445518493652,0.7741153836250305,18.11147117614746,2.1026298999786377,14.42796516418457,17.79578971862793,1.175767421722412,1.3712704181671143,0.870058536529541,0.933708131313324,0.45654478669166565,1.7960463762283325,3.1759352684020996,0.4226451516151428,1.0277354717254639,1.1599161624908447,0.7026569247245789,1.4544979333877563,7.131832122802734,22.702054977416992,23.486835479736328,0.6824760437011719
21.067371368408203,0.529296875,0.928154706954956,20.36564826965332,0.3945457637310028,0.0,0.8177473545074463,0.9977219104766846,20.637670516967773,0.5635078549385071,0.47982919216156006,0.81730055809021,20.864362716674805,12.146889686584473,1.3219987154006958,21.31369400024414,1.0971366167068481,20.88010025024414,2.76892352104187,1.6485717296600342,0.8047515153884888,0.9955651164054871,0.76894611120224,1.106927514076233,0.3190356492996216,0.9869399666786194,21.256013870239258,0.6047911047935486,0.5714350938796997,0.6664565205574036,0.8242696523666382,1.1814565658569336,21.836721420288086,0.8210654854774475,1.5019493103027344,0.7792760729789734,9.084203720092773,0.2833108603954315,1.5053057670593262,1.1873546838760376,2.5969295501708984,1.4040672779083252,0.8619877696037292,1.1462078094482422,20.58414077758789,2.715837001800537,1.6946204900741577,0.7282616496086121,22.722566604614258,21.076236724853516,0.3567996323108673,2.5979366302490234,0.8817521333694458,0.6519854664802551,1.3221343755722046,20.194364547729492,1.8314799070358276,21.39451789855957,1.1894458532333374,1.1127911806106567,20.09775733947754,0.7700912356376648,20.885969161987305,17.044891357421875,1.2090198993682861,0.5432742834091187,1.0249812602996826,0.6697909235954285,0.8839104771614075,0.4404502511024475,0.5811572670936584,1.141469955444336,19.688880920410156,0.5924395322799683,0.4762882590293884,2.2464962005615234,1.4703036546707153,20.729408264160156,1.7027256488800049,0.6353813409805298,18.085172653198242,2.1798813343048096,14.60909366607666,17.877304077148438,1.1046247482299805,1.1602030992507935,0.9452317953109741,1.0807877779006958,0.20138509571552277,2.087578535079956,3.5116775035858154,0.6098145842552185,1.2726329565048218,0.9891753792762756,0.8200125098228455,1.2213716506958008,6.765834808349609,22.73882293701172,23.55956268310547,0.661293625831604
21.365705490112305,0.9969455003738403,0.9355896711349487,20.702533721923828,0.9171393513679504,0.8177473545074463,0.0,0.8093929886817932,20.960786819458008,0.5851231217384338,1.09469473361969,0.212711364030838,21.204700469970703,11.532876968383789,0.6819791197776794,21.721904754638672,1.2377080917358398,21.24245262145996,3.0782594680786133,1.425856113433838,0.6478695273399353,1.3601710796356201,0.6882805228233337,0.9358924031257629,0.8769552707672119,0.6480638384819031,21.556079864501953,0.41139137744903564,0.6313021779060364,0.9343453049659729,0.47850167751312256,0.47055113315582275,22.13946533203125,0.5083568096160889,1.0649242401123047,0.4248821437358856,9.473417282104492,0.9112201929092407,1.2100661993026733,0.7256615161895752,2.6236586570739746,0.8589732050895691,0.6541306972503662,1.212909460067749,20.204076766967773,1.9682471752166748,1.0016932487487793,0.7081579566001892,23.05862045288086,21.439430236816406,0.8868338465690613,2.0170629024505615,0.45546355843544006,0.774641215801239,1.0656851530075073,20.476070404052734,1.2553983926773071,21.792789459228516,0.6467925906181335,0.6289001703262329,20.420352935791016,0.9420047402381897,21.238239288330078,17.351964950561523,0.8512275815010071,0.5672188997268677,0.9034010767936707,0.4072816073894501,0.3969915807247162,0.7345840334892273,0.6194501519203186,0.8016953468322754,20.030027389526367,0.567854106426239,0.601167619228363,1.7801011800765991,0.9545777440071106,21.096508026123047,1.8819892406463623,0.841335654258728,18.034597396850586,1.8636021614074707,14.98099136352539,18.202526092529297,0.5631726980209351,0.5230966806411743,0.4824475646018982,0.9456846714019775,0.7853578329086304,1.8286935091018677,3.4055283069610596,0.8358131647109985,1.0785212516784668,0.5030102729797363,0.7427616715431213,1.2146105766296387,6.841375827789307,23.012325286865234,23.96040153503418,0.9101604223251343
21.078441619873047,0.8196379542350769,0.6369987726211548,20.43895149230957,0.7616999745368958,0.9977219104766846,0.8093929886817932,0.0,20.731426239013672,0.6695601940155029,1.1927698850631714,1.0049620866775513,20.928955078125,11.267379760742188,0.7663968801498413,21.380544662475586,0.9392399191856384,20.989377975463867,3.4095966815948486,0.7252460718154907,0.4764564335346222,1.1538563966751099,0.361351877450943,0.9559624195098877,0.8600450158119202,0.5496537685394287,21.272098541259766,0.7218336462974548,0.8158687353134155,1.1837395429611206,1.0302757024765015,0.8802431225776672,21.859344482421875,0.4059118330478668,0.6322621703147888,0.7556158304214478,10.051474571228027,1.1874116659164429,1.7610576152801514,1.1136722564697266,1.943407654762268,0.6788774132728577,1.254543423652649,1.1280019283294678,20.4908447265625,1.9554078578948975,1.0533628463745117,1.03473699092865,22.785728454589844,21.19584083557129,1.218021273612976,2.502181053161621,0.6747382879257202,0.8537401556968689,0.8787271976470947,20.218515396118164,1.4320036172866821,21.47728729248047,1.2142815589904785,0.436476469039917,20.15691375732422,0.9497560858726501,20.96690559387207,17.0662784576416,1.361306071281433,1.0564212799072266,0.4859769940376282,0.8893230557441711,0.9692076444625854,0.6177358031272888,0.9919068217277527,0.8008264899253845,19.74176025390625,0.8613015413284302,0.5985619425773621,1.3635547161102295,1.1447445154190063,20.787073135375977,2.211867094039917,0.9719922542572021,17.869230270385742,1.5858505964279175,14.497278213500977,17.893232345581055,0.9641555547714233,1.3249523639678955,0.40432989597320557,0.6684682369232178,0.9992653727531433,1.3251687288284302,2.717141628265381,0.5351152420043945,0.5362421870231628,1.1104048490524292,0.7681655883789062,1.7629131078720093,7.586397647857666,22.818815231323242,23.651887893676758,0.7998338937759399
2.47326397895813,20.779743194580078,20.788490295410156,1.5621776580810547,20.59261703491211,20.637670516967773,20.960786819458008,20.731426239013672,0.7558568716049194,20.90432357788086,20.54094123840332,20.90020751953125,2.1108791828155518,24.173938751220703,21.101200103759766,4.798478126525879,20.801620483398438,1.7002825736999512,20.610811233520508,20.795623779296875,20.99614715576172,20.613449096679688,20.855361938476562,21.534778594970703,20.551362991333008,20.68450164794922,2.1197876930236816,20.88144302368164,20.934473037719727,21.265417098999023,21.24216651916504,21.121417999267578,2.255540609359741,20.759624481201172,21.00760841369629,20.749601364135742,23.1464900970459,20.82341766357422,21.44304084777832,20.52986717224121,20.764280319213867,21.221370697021484,21.233537673950195,20.43482780456543,29.32525634765625,21.395355224609375,20.833740234375,21.256452560424805,2.7036330699920654,1.6823561191558838,20.561803817749023,21.341598510742188,20.639883041381836,21.126047134399414,21.134571075439453,1.7719570398330688,20.364423751831055,3.5484275817871094,21.455713272094727,20.833763122558594,1.3185083866119385,21.189157485961914,1.763160228729248,3.9788296222686768,20.38059425354004,20.730302810668945,21.041732788085938,20.706621170043945,21.049434661865234,20.56768226623535,20.530546188354492,21.472562789916992,2.9034817218780518,20.69202423095703,20.879955291748047,21.113101959228516,20.79720115661621,2.9632503986358643,20.540138244628906,20.98816680908203,27.221391677856445,20.75526237487793,26.718708038330078,4.006470203399658,20.52225112915039,21.25940704345703,20.944942474365234,21.090375900268555,20.644620895385742,20.628732681274414,21.284202575683594,20.80640411376953,21.10482406616211,20.638437271118164,21.165847778320312,21.727251052856445,21.94702911376953,2.903003454208374,4.699765682220459,20.43739128112793
21.28354835510254,0.4815314710140228,0.5545860528945923,20.614519119262695,0.5600141286849976,0.5635078549385071,0.5851231217384338,0.6695601940155029,20.90432357788086,0.19613595306873322,0.9017866253852844,0.6510838270187378,21.106306076049805,11.809258460998535,1.0377813577651978,21.546878814697266,0.7920517921447754,21.14643096923828,3.0949292182922363,1.2842105627059937,0.30339518189430237,0.8591463565826416,0.5195624828338623,0.7598447203636169,0.5111443996429443,0.634179413318634,21.48177146911621,0.2744644582271576,0.20198088884353638,0.6134693622589111,0.570580005645752,0.9397555589675903,22.0650577545166,0.4798947870731354,1.0441138744354248,0.6421148777008057,9.487112045288086,0.6146280169487,1.5290286540985107,1.1796616315841675,2.258319616317749,0.9131386876106262,0.7722516655921936,0.9773951768875122,20.313066482543945,2.287550926208496,1.3663054704666138,0.4818660616874695,22.970134735107422,21.34564971923828,0.7550362944602966,2.5099730491638184,0.7408061623573303,0.3921600580215454,1.1790704727172852,20.429908752441406,1.618302583694458,21.648305892944336,0.9055551886558533,0.6789996027946472,20.346656799316406,0.660686194896698,21.13882827758789,17.27908706665039,1.1718428134918213,0.714215099811554,0.6521346569061279,0.6655070781707764,0.8002201318740845,0.44887682795524597,0.8049458265304565,0.6997191309928894,19.91802215576172,0.674430787563324,0.20111024379730225,1.9280040264129639,1.3492871522903442,20.969425201416016,1.7851325273513794,0.6056010723114014,18.052173614501953,1.9667338132858276,14.444235801696777,18.090829849243164,0.9522140622138977,0.9766152501106262,0.5363150835037231,0.589586615562439,0.5107711553573608,1.7505377531051636,3.116488456726074,0.4520629942417145,0.9710155129432678,0.9738272428512573,0.5800896286964417,1.194860816001892,7.083505153656006,23.003162384033203,23.814029693603516,0.6401700377464294
20.998159408569336,0.7599406838417053,1.110594630241394,20.28972053527832,0.6813978552818298,0.47982919216156006,1.09469473361969,1.1927698850631714,20.54094123840332,0.9017866253852844,0.13260409235954285,1.130035161972046,20.791297912597656,12.309178352355957,1.48390531539917,21.21872329711914,1.2367966175079346,20.79405403137207,2.3940179347991943,1.7270714044570923,1.1254382133483887,1.181517481803894,0.9002794027328491,1.2502433061599731,0.531348705291748,1.3443076610565186,21.17653465270996,0.9894375801086426,0.9367001056671143,0.9107093214988708,1.04985511302948,1.3658405542373657,21.758604049682617,1.137416958808899,1.7841622829437256,0.8847289681434631,8.955744743347168,0.6155768632888794,1.4123579263687134,1.2724815607070923,2.824188232421875,1.680726170539856,1.009964942932129,1.5691074132919312,20.7617244720459,2.9581305980682373,1.9413485527038574,0.9818722605705261,22.63665771484375,20.986440658569336,0.48709914088249207,2.8626253604888916,1.162101149559021,1.0392130613327026,1.375884771347046,20.117656707763672,2.0972228050231934,21.298276901245117,1.5504337549209595,1.382042646408081,20.008466720581055,0.8034599423408508,20.78953742980957,16.96619415283203,1.4047490358352661,0.6397699117660522,1.1371917724609375,0.7906086444854736,1.1315726041793823,0.6208894848823547,0.7729731202125549,1.4151943922042847,19.59945297241211,0.9437545537948608,0.8044421076774597,2.402313470840454,1.4473216533660889,20.639232635498047,1.6450910568237305,0.6159067749977112,17.692718505859375,2.0307438373565674,14.69481086730957,17.807533264160156,1.3353608846664429,1.4015369415283203,1.1555131673812866,1.370145320892334,0.6829915046691895,2.405165195465088,3.7095320224761963,0.7554895877838135,1.387079119682312,1.1401457786560059,1.1584912538528442,1.4805266857147217,6.780789375305176,22.650285720825195,23.466306686401367,0.7200127243995667
21.31087303161621,1.0612049102783203,1.0100035667419434,20.641984939575195,0.9991508722305298,0.81730055809021,0.212711364030838,1.0049620866775513,20.90020751953125,0.6510838270187378,1.130035161972046,0.0,21.144689559936523,11.688150405883789,0.9333710074424744,21.669252395629883,1.2793960571289062,21.17868995666504,3.0249483585357666,1.6212519407272339,0.7781947255134583,1.3420627117156982,0.8933929800987244,1.096939206123352,0.8972032070159912,0.7206845879554749,21.50508689880371,0.4321926236152649,0.6225017309188843,0.9487112164497375,0.49103325605392456,0.694582462310791,22.086782455444336,0.6519591808319092,1.2315161228179932,0.535004734992981,9.312984466552734,0.8591885566711426,1.263292908668518,0.802356481552124,2.7363193035125732,1.030012845993042,0.6045308113098145,1.1559488773345947,20.02749252319336,2.07501220703125,1.1240612268447876,0.7267278432846069,23.00201988220215,21.372636795043945,0.8055107593536377,2.0290262699127197,0.5864288210868835,0.8451864719390869,1.327736496925354,20.425037384033203,1.2464748620986938,21.741405487060547,0.662667989730835,0.7711109519004822,20.365686416625977,1.071297526359558,21.179367065429688,17.30615997314453,0.6661230325698853,0.5566903352737427,1.0920929908752441,0.44787076115608215,0.5484265685081482,0.8202903866767883,0.6490842700004578,0.9760936498641968,19.970003128051758,0.6393419504165649,0.7133119106292725,2.0144882202148438,1.1197181940078735,21.044147491455078,1.7187250852584839,0.9154178500175476,18.13880729675293,2.0355417728424072,15.008713722229004,18.14922523498535,0.5319514274597168,0.4037185311317444,0.687523603439331,1.0444371700286865,0.7422131896018982,1.9501945972442627,3.556274175643921,0.9827625155448914,1.3276093006134033,0.4660792350769043,0.894349992275238,1.1475884914398193,6.643433570861816,22.950786590576172,23.904226303100586,0.9374679327011108
1.3064172267913818,20.9648494720459,20.965442657470703,0.477522075176239,20.797136306762695,20.864362716674805,21.204700469970703,20.928955078125,2.1108791828155518,21.106306076049805,20.791297912597656,21.144689559936523,0.32970231771469116,24.370773315429688,21.35352325439453,3.2361483573913574,20.957096099853516,1.1155747175216675,21.0096378326416,20.968719482421875,21.18292999267578,20.759950637817383,21.0721378326416,21.740554809570312,20.762279510498047,20.877117156982422,1.4814114570617676,21.09204864501953,21.131162643432617,21.472890853881836,21.47678565979004,21.38286590576172,1.5785117149353027,20.966222763061523,21.177961349487305,21.000837326049805,23.72907257080078,21.0430965423584,21.772266387939453,20.82514762878418,20.778728485107422,21.409374237060547,21.485946655273438,20.58373260498047,29.23686408996582,21.610065460205078,21.068603515625,21.468761444091797,2.0661661624908447,1.3489067554473877,20.8062686920166,21.669397354125977,20.879053115844727,21.31616973876953,21.386493682861328,2.2589340209960938,20.608142852783203,2.1952428817749023,21.68242645263672,21.033557891845703,1.4881633520126343,21.407873153686523,0.9682143330574036,4.064219951629639,20.645139694213867,20.995912551879883,21.237178802490234,20.967241287231445,21.31044578552246,20.784175872802734,20.795608520507812,21.666641235351562,1.9523591995239258,20.9315128326416,21.08658218383789,21.324026107788086,21.097681045532227,1.5128941535949707,20.781333923339844,21.218591690063477,27.83478546142578,21.02179718017578,25.885332107543945,3.2873525619506836,20.774057388305664,21.52342414855957,21.161500930786133,21.25104331970215,20.859785079956055,20.748769760131836,21.25872802734375,21.0093994140625,21.30742073059082,20.919347763061523,21.368602752685547,21.9593448638916,22.546188354492188,4.137487888336182,3.4769575595855713,20.649620056152344
24.008638381958008,12.069578170776367,11.74805736541748,23.92563819885254,11.922138214111328,12.146889686584473,11.532876968383789,11.267379760742188,24.173938751220703,11.809258460998535,12.309178352355957,11.688150405883789,24.370773315429688,0.47946733236312866,10.947311401367188,25.49840545654297,11.977075576782227,24.762319564819336,13.918352127075195,10.964079856872559,11.577993392944336,12.262603759765625,11.537945747375488,11.747441291809082,12.09123420715332,11.301560401916504,24.155803680419922,11.73013973236084,11.937684059143066,12.26832389831543,11.883901596069336,11.177380561828613,24.71485710144043,11.392704963684082,10.842626571655273,11.630545616149902,20.34590721130371,12.354232788085938,11.982715606689453,11.296172142028809,11.084329605102539,11.000432014465332,12.083288192749023,11.685568809509277,23.445974349975586,9.756601333618164,10.56601333618164,12.053128242492676,25.964813232421875,25.043712615966797,12.317194938659668,10.578705787658691,11.312016487121582,11.883744239807129,11.120810508728027,23.02720069885254,10.691697120666504,25.381486892700195,11.528966903686523,11.193150520324707,23.51327133178711,12.029494285583496,24.645540237426758,20.53087043762207,11.67906665802002,11.97351360321045,11.526583671569824,11.752225875854492,11.50837516784668,11.838689804077148,11.76630687713623,11.4536714553833,23.523950576782227,11.643619537353516,11.790146827697754,9.993358612060547,11.113932609558105,24.47756576538086,13.019186019897461,12.115757942199707,21.704885482788086,10.995291709899902,21.269729614257812,21.546873092651367,11.336615562438965,11.701732635498047,11.362163543701172,11.580039978027344,12.115944862365723,10.445992469787598,10.461503982543945,11.78759765625,11.159782409667969,11.560103416442871,11.604287147521973,12.420185089111328,16.5600643157959,25.508989334106445,27.43107795715332,11.953081130981445
21.487590789794922,1.3680075407028198,1.2179609537124634,20.850383758544922,1.2495741844177246,1.3219987154006958,0.6819791197776794,0.7663968801498413,21.101200103759766,1.0377813577651978,1.48390531539917,0.9333710074424744,21.35352325439453,10.947311401367188,0.0,21.890296936035156,1.5447410345077515,21.406888961791992,3.426659107208252,1.1663410663604736,0.9231031537055969,1.7864453792572021,0.7738134860992432,1.0556201934814453,1.3297898769378662,0.8939393758773804,21.668869018554688,0.9671804904937744,1.1722867488861084,1.4114980697631836,1.0107048749923706,0.2957259714603424,22.25617790222168,0.7530860900878906,0.8738799691200256,0.7948631048202515,10.003857612609863,1.4841938018798828,1.3667932748794556,0.8035584688186646,2.5534865856170654,0.720979630947113,1.1976343393325806,1.606324553489685,20.489063262939453,1.5813324451446533,0.7110622525215149,1.2022353410720825,23.19615936279297,21.61092185974121,1.4663084745407104,1.9115592241287231,0.6724595427513123,1.1690126657485962,0.6410149335861206,20.57958221435547,1.2604262828826904,21.94878387451172,0.9874297976493835,0.7088269591331482,20.549720764160156,1.1961028575897217,21.390277862548828,17.45921516418457,1.3340437412261963,1.089421033859253,0.9292750358581543,0.897439181804657,0.6827645897865295,1.0926709175109863,1.0273334980010986,0.8663589954376221,20.184951782226562,0.9451863765716553,0.9890211224555969,1.153733253479004,0.6999222040176392,21.24263572692871,2.4472196102142334,1.2225221395492554,17.8370418548584,1.5492405891418457,15.144356727600098,18.33765411376953,0.8898075819015503,1.0278745889663696,0.5961863994598389,1.1570143699645996,1.3417378664016724,1.6411149501800537,3.1696126461029053,1.0596922636032104,0.777154803276062,0.9071482419967651,0.9431399703025818,1.7065300941467285,7.32489538192749,23.13063621520996,24.12647247314453,1.295913577079773
3.7664880752563477,21.35185432434082,21.35590934753418,3.640134572982788,21.23076629638672,21.31369400024414,21.721904754638672,21.380544662475586,4.798478126525879,21.546878814697266,21.21872329711914,21.669252395629883,3.2361483573913574,25.49840545654297,21.890296936035156,0.0,21.299297332763672,3.496305465698242,21.402124404907227,21.368892669677734,21.619190216064453,21.096939086914062,21.51368522644043,22.145797729492188,21.18246841430664,21.37203025817871,4.02179479598999,21.564241409301758,21.56386947631836,21.88009262084961,21.942224502563477,21.926828384399414,4.076189994812012,21.450119018554688,21.65159034729004,21.48952865600586,24.202281951904297,21.473085403442383,22.294918060302734,21.409889221191406,21.05954933166504,21.885753631591797,21.955228805541992,21.050979614257812,29.691665649414062,22.225631713867188,21.655582427978516,21.89509391784668,3.8944196701049805,3.562007427215576,21.261798858642578,22.45892333984375,21.417081832885742,21.748804092407227,21.88234519958496,5.165111541748047,21.245203018188477,1.7106342315673828,22.210983276367188,21.515079498291016,4.128405570983887,21.802757263183594,2.96891450881958,5.737257480621338,21.209566116333008,21.49030303955078,21.640056610107422,21.468994140625,21.851058959960938,21.222537994384766,21.32500457763672,22.110191345214844,2.893764019012451,21.454784393310547,21.527820587158203,21.86602210998535,21.650819778442383,2.095949649810791,21.163862228393555,21.62498664855957,27.453868865966797,21.45731544494629,24.611955642700195,4.296482563018799,21.331798553466797,22.064556121826172,21.63060760498047,21.652772903442383,21.31424903869629,21.244226455688477,21.505348205566406,21.420696258544922,21.74283790588379,21.480690002441406,21.832275390625,22.422903060913086,23.451099395751953,6.927170276641846,2.772155284881592,21.06627655029297
21.123918533325195,0.689472496509552,0.3430251479148865,20.48094367980957,1.0086594820022583,1.0971366167068481,1.2377080917358398,0.9392399191856384,20.801620483398438,0.7920517921447754,1.2367966175079346,1.2793960571289062,20.957096099853516,11.977075576782227,1.5447410345077515,21.299297332763672,0.0,21.01446533203125,3.180440664291382,1.1284550428390503,0.7571489810943604,0.4288477301597595,0.9050769209861755,1.0338730812072754,0.8235357999801636,1.0668729543685913,21.335227966308594,0.9479801654815674,0.7374605536460876,1.03935706615448,1.0946459770202637,1.5268634557724,21.921245574951172,1.0041731595993042,1.2431621551513672,1.0946059226989746,9.773811340332031,1.0843124389648438,1.9913203716278076,1.7195333242416382,1.9109917879104614,1.1934672594070435,1.2532124519348145,1.2202327251434326,20.054298400878906,2.5205276012420654,1.7709217071533203,0.9357385039329529,22.826019287109375,21.212251663208008,1.1788630485534668,3.204747200012207,1.352665662765503,0.9781988263130188,1.6470223665237427,20.32781219482422,2.010326862335205,21.45659065246582,1.5541335344314575,0.9924940466880798,20.218109130859375,0.9453044533729553,20.978097915649414,17.15570831298828,1.567044734954834,1.2743425369262695,0.7385318279266357,1.1998285055160522,1.5215615034103394,0.8335422873497009,1.445858120918274,1.1190050840377808,19.72024154663086,1.3946717977523804,0.8484513163566589,2.2051801681518555,1.7418075799942017,20.78023338317871,1.6564347743988037,0.8693084716796875,17.69304847717285,1.868385910987854,13.86204719543457,17.903339385986328,1.4250530004501343,1.553687334060669,0.9409624338150024,0.6376093029975891,1.0615148544311523,1.8867417573928833,2.7797954082489014,0.7645330429077148,1.2261736392974854,1.5341734886169434,1.206114411354065,1.7188166379928589,7.57579231262207,22.950408935546875,23.618419647216797,0.6960664391517639
2.220867156982422,20.998741149902344,21.021690368652344,0.8485108613967896,20.82634735107422,20.88010025024414,21.24245262145996,20.989377975463867,1.7002825736999512,21.14643096923828,20.79405403137207,21.17868995666504,1.1155747175216675,24.762319564819336,21.406888961791992,3.496305465698242,21.01446533203125,0.3087173402309418,20.92453384399414,21.05409812927246,21.2363338470459,20.80748176574707,21.115787506103516,21.78237533569336,20.78839111328125,20.93977928161621,2.133713722229004,21.13269805908203,21.170093536376953,21.49307632446289,21.507280349731445,21.426109313964844,2.161501407623291,21.01946449279785,21.264507293701172,21.035152435302734,23.369583129882812,21.0551815032959,21.7701358795166,20.855602264404297,20.913000106811523,21.48570442199707,21.50433349609375,20.646625518798828,29.556354522705078,21.729610443115234,21.14645004272461,21.49856185913086,2.1682679653167725,0.45791515707969666,20.814146041870117,21.708810806274414,20.923242568969727,21.353525161743164,21.427221298217773,2.55354642868042,20.683719635009766,2.228240966796875,21.724002838134766,21.100379943847656,1.5813608169555664,21.4334659576416,0.874616265296936,4.268294334411621,20.68043327331543,21.009998321533203,21.291303634643555,20.992868423461914,21.33849334716797,20.817699432373047,20.81315803527832,21.720844268798828,2.351069211959839,20.959230422973633,21.123571395874023,21.419668197631836,21.135784149169922,1.8836876153945923,20.786466598510742,21.240276336669922,27.805940628051758,21.086973190307617,26.137252807617188,3.744488477706909,20.820880889892578,21.553110122680664,21.215362548828125,21.315980911254883,20.88149642944336,20.862680435180664,21.43303108215332,21.047658920288086,21.366365432739258,20.946762084960938,21.409303665161133,21.966991424560547,22.327415466308594,3.8933026790618896,3.465475559234619,20.685623168945312
21.250911712646484,3.0219082832336426,3.173121929168701,20.488494873046875,3.0579946041107178,2.76892352104187,3.0782594680786133,3.4095966815948486,20.610811233520508,3.0949292182922363,2.3940179347991943,3.0249483585357666,21.0096378326416,13.918352127075195,3.426659107208252,21.402124404907227,3.180440664291382,20.92453384399414,0.0,3.7136523723602295,3.340322256088257,3.151754140853882,3.093452215194702,3.162205934524536,2.797351598739624,3.5439207553863525,21.394804000854492,3.1414554119110107,3.0623016357421875,2.884434461593628,2.880345344543457,3.25089430809021,21.971088409423828,3.350358009338379,3.953209638595581,2.8075530529022217,7.469218730926514,2.713454008102417,2.34769606590271,2.9810950756073,5.001258373260498,3.755891799926758,2.6450605392456055,3.7720305919647217,20.705842971801758,4.726437568664551,3.8715248107910156,2.921966791152954,22.792552947998047,21.076875686645508,2.4891490936279297,4.417952060699463,3.286536931991577,3.2634048461914062,3.369703769683838,20.33939552307129,3.914088726043701,21.47163200378418,3.475891351699829,3.4807491302490234,20.16572380065918,2.801516056060791,20.896047592163086,17.25271224975586,2.972015619277954,2.5661416053771973,3.2128078937530518,2.7122156620025635,3.1133100986480713,2.8991565704345703,2.842154026031494,3.4944612979888916,19.746206283569336,3.156367301940918,3.075958490371704,4.433503150939941,2.9692301750183105,20.831438064575195,2.1503570079803467,2.5763561725616455,16.35346031188965,3.2090866565704346,15.743254661560059,18.1072998046875,3.1898412704467773,3.006737232208252,3.229074716567993,3.508277177810669,2.9079184532165527,4.699188232421875,5.818475723266602,3.0282065868377686,3.520677328109741,2.8628268241882324,3.4001855850219727,3.0429975986480713,5.907564163208008,22.708505630493164,23.61528968811035,2.7783291339874268
21.08692169189453,1.3427233695983887,0.9670463800430298,20.48909568786621,1.4000157117843628,1.6485717296600342,1.425856113433838,0.7252460718154907,20.795623779296875,1.2842105627059937,1.7270714044570923,1.6212519407272339,20.968719482421875,10.964079856872559,1.1663410663604736,21.368892669677734,1.1284550428390503,21.05409812927246,3.7136523723602295,0.1555771678686142,1.0650299787521362,1.474880337715149,0.9437363743782043,1.2902398109436035,1.4335272312164307,1.1540840864181519,21.284196853637695,1.3740404844284058,1.399357795715332,1.7251750230789185,1.5547549724578857,1.374776005744934,21.876262664794922,1.0904710292816162,0.8258012533187866,1.281922698020935,10.612869262695312,1.804506778717041,2.1602916717529297,1.619709849357605,1.6996138095855713,0.9525074362754822,1.772908329963684,1.654829740524292,20.423189163208008,1.9048036336898804,1.3388426303863525,1.5555657148361206,22.81991958618164,21.263437271118164,1.8189786672592163,2.9870548248291016,1.3370531797409058,1.4660828113555908,1.2301502227783203,20.255674362182617,1.7837971448898315,21.497791290283203,1.7850141525268555,0.9130843877792358,20.196012496948242,1.3773623704910278,20.999969482421875,17.09552574157715,1.8661723136901855,1.6595667600631714,0.7805416584014893,1.4692102670669556,1.6084189414978027,1.222227931022644,1.664760947227478,1.2231756448745728,19.748062133789062,1.5865159034729004,1.2529689073562622,1.2796822786331177,1.420753836631775,20.798686981201172,2.5263328552246094,1.4242533445358276,17.440353393554688,1.260613203048706,14.253972053527832,17.89505386352539,1.4903643131256104,1.8583910465240479,0.9392572045326233,1.0219184160232544,1.6629314422607422,1.4030430316925049,2.291285276412964,1.0834792852401733,0.7731143832206726,1.6736016273498535,1.393489956855774,2.331454038619995,8.215599060058594,22.898345947265625,23.675548553466797,1.2462629079818726
21.348297119140625,0.5817395448684692,0.4845718443393707,20.69478988647461,0.6721318960189819,0.8047515153884888,0.6478695273399353,0.4764564335346222,20.99614715576172,0.30339518189430237,1.1254382133483887,0.7781947255134583,21.18292999267578,11.577993392944336,0.9231031537055969,21.619190216064453,0.7571489810943604,21.2363338470459,3.340322256088257,1.0650299787521362,0.0,0.9169999957084656,0.45695820450782776,0.6806030869483948,0.7143779993057251,0.4999866485595703,21.549484252929688,0.38159483671188354,0.37914779782295227,0.7739182114601135,0.6920666098594666,0.899638295173645,22.134178161621094,0.3672524392604828,0.7544386386871338,0.7455093860626221,9.76694393157959,0.8748016357421875,1.6633505821228027,1.2530525922775269,2.0218045711517334,0.6436961889266968,0.9506222605705261,0.9494608640670776,20.3148250579834,2.0857112407684326,1.224884271621704,0.6149537563323975,23.04897689819336,21.439495086669922,1.0284329652786255,2.4953114986419678,0.743556022644043,0.4126875102519989,1.085619568824768,20.501405715942383,1.5627615451812744,21.726896286010742,0.8886193037033081,0.48652222752571106,20.426712036132812,0.7380977869033813,21.22357940673828,17.347410202026367,1.3041201829910278,0.9355723857879639,0.49142542481422424,0.8314946293830872,0.8618893027305603,0.5845931768417358,0.9754466414451599,0.49353423714637756,19.99475860595703,0.7783491015434265,0.3052753806114197,1.695834994316101,1.3578293323516846,21.04360580444336,1.9979461431503296,0.7747569680213928,18.07390594482422,1.8972983360290527,14.346759796142578,18.15424156188965,0.9987126588821411,1.0745373964309692,0.40078580379486084,0.33221790194511414,0.7459109425544739,1.5047392845153809,2.8432042598724365,0.4677866995334625,0.7668808102607727,1.0992580652236938,0.5008214116096497,1.3325566053390503,7.335336685180664,23.094337463378906,23.89472198486328,0.7764580845832825
