0.375,21.390302658081055,20.77055549621582,0.7198531031608582,20.96146583557129,20.698598861694336,21.676494598388672,21.46722412109375,1.374289631843567,21.141048431396484,21.564664840698242,21.168895721435547,0.9879338145256042,21.11172103881836,20.736242294311523,2.314887285232544,20.891494750976562,1.2226250171661377,20.503023147583008,20.46209716796875,20.814088821411133,20.61884307861328,20.840709686279297,21.154624938964844,21.016496658325195,21.110841751098633,0.6681172251701355,20.460735321044922,20.624584197998047,20.95354461669922,20.963993072509766,21.24118995666504,0.9305733442306519,20.517242431640625,20.5281982421875,21.15125274658203,21.366369247436523,27.69886016845703,20.810667037963867,20.899593353271484,20.63824462890625,20.94622802734375,21.25171661376953,27.8773136138916,21.32798194885254,21.10819435119629,20.327552795410156,21.079622268676758,1.3407715559005737,1.048520803451538,20.655214309692383,21.078229904174805,21.249526977539062,21.477563858032227,24.672727584838867,1.1530122756958008,21.315738677978516,1.3980337381362915,21.343610763549805,20.917348861694336,2.2155497074127197,21.42679786682129,1.7212960720062256,0.8775597214698792,20.939537048339844,20.564632415771484,21.566038131713867,20.620315551757812,21.07341766357422,20.823978424072266,20.87558937072754,21.560562133789062,0.7630696892738342,21.100799560546875,21.168840408325195,20.241830825805664,20.17774200439453,0.8738831877708435,20.98018455505371,20.707141876220703,26.217544555664062,21.057220458984375,21.125446319580078,0.6653709411621094,21.266279220581055,21.260894775390625,21.082210540771484,21.298385620117188,21.620983123779297,20.654647827148438,20.864654541015625,20.667768478393555,21.541088104248047,20.781827926635742,20.631072998046875,21.98827362060547,20.8043212890625,1.514184594154358,0.9906021952629089,20.876359939575195
21.390302658081055,0.10200287401676178,2.3427553176879883,21.58778190612793,1.1363680362701416,0.963794469833374,6.632857799530029,1.8315725326538086,20.221067428588867,0.6864032745361328,0.6357009410858154,1.6430227756500244,21.989389419555664,1.8640738725662231,0.8542069792747498,20.4173641204834,3.797090530395508,21.436004638671875,0.9687086343765259,1.3287431001663208,0.8150606155395508,1.354607343673706,1.0436936616897583,1.1725860834121704,1.0061153173446655,5.2430500984191895,20.906766891479492,1.5091066360473633,1.181996464729309,0.8214951753616333,0.8177170157432556,2.113640785217285,21.879663467407227,0.9508540034294128,0.9232333302497864,0.6671287417411804,1.2675329446792603,17.35389518737793,1.0151009559631348,1.5307267904281616,1.0950919389724731,1.105283260345459,2.3861660957336426,18.869808197021484,2.3100502490997314,3.4429690837860107,1.5608035326004028,0.4963647425174713,22.461759567260742,22.3410587310791,1.063139796257019,0.6238331198692322,0.9909901022911072,2.983201026916504,14.777591705322266,21.44169044494629,0.5093051791191101,22.603458404541016,0.8662301898002625,1.3814849853515625,19.23524284362793,0.6482403874397278,22.95615005493164,20.87920379638672,1.942941665649414,1.1643328666687012,3.6874654293060303,1.2979114055633545,0.7476987242698669,0.9757457375526428,2.4860968589782715,0.6958170533180237,21.929553985595703,2.4756762981414795,0.37375688552856445,1.1782646179199219,3.102810859680176,21.65833282470703,1.1561782360076904,1.3590747117996216,15.631778717041016,2.159229040145874,1.8976285457611084,21.856016159057617,1.4932639598846436,0.6551475524902344,0.6506090760231018,4.119793891906738,0.6367427110671997,1.917846441268921,1.3020614385604858,1.4522998332977295,2.298085927963257,0.9886797070503235,1.389513611793518,0.9076222777366638,1.1555453538894653,22.45600128173828,20.675710678100586,1.347135305404663
20.77055549621582,2.3427553176879883,0.0,20.962087631225586,2.0910792350769043,2.2760660648345947,4.664855003356934,3.1828794479370117,19.599302291870117,2.377171277999878,2.2311809062957764,3.5359914302825928,21.33757781982422,3.914158582687378,2.0539700984954834,19.61501121520996,5.69206428527832,20.8980712890625,2.1754486560821533,2.8162176609039307,2.3617448806762695,1.9500977993011475,1.874184012413025,2.2528650760650635,1.94083833694458,3.4107484817504883,20.300283432006836,2.4372119903564453,2.5503292083740234,2.694070339202881,2.103635311126709,2.1719391345977783,21.270355224609375,2.211838483810425,2.150146722793579,2.1276776790618896,3.452826738357544,18.433149337768555,2.4654054641723633,1.523627758026123,2.587674617767334,2.6073405742645264,3.3550400733947754,19.631900787353516,3.5648598670959473,3.472391128540039,1.2223824262619019,2.3203043937683105,21.842315673828125,21.737838745117188,2.2420151233673096,2.2329399585723877,2.148620367050171,3.6524252891540527,13.89507007598877,20.817474365234375,2.6379358768463135,22.009763717651367,2.787385940551758,1.693725347518921,18.620328903198242,1.946250557899475,22.31114959716797,20.28056526184082,2.1125388145446777,2.547666072845459,4.440311431884766,2.5369770526885986,2.31935453414917,2.3232173919677734,4.533312797546387,2.4480090141296387,21.2822265625,3.0581934452056885,2.216981887817383,2.102116584777832,1.589484453201294,21.011058807373047,2.391627311706543,1.7366527318954468,14.477388381958008,1.1808736324310303,3.4427056312561035,21.20334243774414,3.702133893966675,2.8207216262817383,2.2237355709075928,5.915407657623291,2.6432716846466064,1.5432783365249634,1.9058141708374023,2.7206618785858154,2.9293501377105713,2.454559803009033,3.231105089187622,2.4972097873687744,1.938145637512207,21.77224349975586,20.02684211730957,1.4139087200164795
0.7198531031608582,21.58778190612793,20.962087631225586,0.0,21.15386390686035,20.87666893005371,21.909011840820312,21.657052993774414,1.3572405576705933,21.338062286376953,21.769989013671875,21.37688636779785,0.7442200779914856,21.30946922302246,20.9466609954834,2.553910970687866,21.06483268737793,0.9743412137031555,20.695646286010742,20.66647720336914,21.020524978637695,20.819581985473633,21.058759689331055,21.360502243041992,21.222442626953125,21.288698196411133,0.9816896915435791,20.639179229736328,20.84264373779297,21.16187858581543,21.154539108276367,21.39361000061035,0.8543710708618164,20.722576141357422,20.73244857788086,21.350656509399414,21.555513381958008,27.632177352905273,21.00859832763672,21.104127883911133,20.821670532226562,21.138904571533203,21.4671688079834,28.335432052612305,21.553110122680664,21.343341827392578,20.5218563079834,21.286819458007812,0.8931912183761597,0.8102997541427612,20.875484466552734,21.29018211364746,21.45343017578125,21.691648483276367,24.93255615234375,1.199008822441101,21.516441345214844,1.057591438293457,21.548274993896484,21.12755012512207,2.4331390857696533,21.63176727294922,1.5497723817825317,1.1828263998031616,21.147485733032227,20.769207000732422,21.78540802001953,20.822830200195312,21.285932540893555,21.013275146484375,21.067964553833008,21.74186897277832,0.0,21.317548751831055,21.370635986328125,20.439685821533203,20.35460090637207,0.24562828242778778,21.209434509277344,20.89326286315918,26.210420608520508,21.25263786315918,21.329999923706055,0.6272664070129395,21.48041343688965,21.459152221679688,21.295595169067383,21.449235916137695,21.817459106445312,20.86382293701172,21.077054977416992,20.895418167114258,21.719106674194336,20.96842384338379,20.82064437866211,22.1943359375,20.974781036376953,1.315646767616272,1.2513664960861206,21.07062339782715
20.96146583557129,1.1363680362701416,2.0910792350769043,21.15386390686035,0.0,1.2026318311691284,6.645247936248779,2.453895092010498,19.790403366088867,0.6090587973594666,1.449365496635437,2.147610902786255,21.576555252075195,2.424611806869507,1.345997929573059,20.00728416442871,3.9779956340789795,21.028745651245117,1.196640133857727,1.7436391115188599,1.4311882257461548,1.6605106592178345,1.252234935760498,1.194848895072937,1.713923692703247,4.764336585998535,20.490039825439453,0.9401340484619141,1.8392421007156372,1.3584206104278564,0.4994656443595886,1.8897284269332886,21.474681854248047,1.2687091827392578,1.2556126117706299,0.5633047223091125,1.631628155708313,17.92348289489746,1.776184320449829,1.8207859992980957,1.0627835988998413,0.741426408290863,2.8908066749572754,18.90289306640625,1.7726080417633057,4.191222667694092,1.4801095724105835,1.080651879310608,22.029499053955078,21.899822235107422,1.4101096391677856,1.3386374711990356,1.7920520305633545,3.8898487091064453,15.414755821228027,21.06414794921875,1.2965506315231323,22.1568546295166,1.5221424102783203,1.65129816532135,18.791234970092773,1.3172811269760132,22.547168731689453,20.477264404296875,1.8531039953231812,1.8725799322128296,4.661974906921387,1.5788965225219727,1.2781416177749634,0.5251473188400269,2.770599842071533,1.1146150827407837,21.495525360107422,3.215449810028076,0.8969554901123047,1.068835973739624,2.831239700317383,21.212461471557617,1.4657477140426636,1.2264108657836914,14.948086738586426,1.5468207597732544,1.4680382013320923,21.4243106842041,2.1440327167510986,1.1924872398376465,1.1141332387924194,3.920433521270752,1.1873201131820679,2.0607597827911377,1.1717993021011353,1.8790042400360107,2.7357499599456787,1.3767321109771729,2.0464656352996826,1.5810085535049438,1.1881190538406372,22.050209045410156,20.24226188659668,1.7004951238632202
20.698598861694336,0.963794469833374,2.2760660648345947,20.87666893005371,1.2026318311691284,0.0,6.745789051055908,1.8181143999099731,19.508834838867188,1.0054004192352295,1.3094978332519531,1.7976984977722168,21.288204193115234,1.8836318254470825,1.0999085903167725,19.733821868896484,3.562915802001953,20.724685668945312,0.5273455381393433,1.1502944231033325,0.978208601474762,1.1886117458343506,1.4472873210906982,1.400771975517273,1.2618441581726074,5.246296405792236,20.21500015258789,0.9692794680595398,1.4055167436599731,1.114332675933838,0.8026963472366333,1.9038666486740112,21.180749893188477,0.8951531052589417,0.8654255867004395,1.1002848148345947,1.441369891166687,17.11775779724121,0.9572713971138,1.5758923292160034,0.5814935564994812,1.0852100849151611,2.7875702381134033,19.42841911315918,2.7187185287475586,3.6193912029266357,1.265048861503601,1.0284135341644287,21.745532989501953,21.642566680908203,1.390432596206665,1.2063658237457275,1.3017823696136475,3.26656436920166,14.90494155883789,20.743165969848633,1.0317002534866333,21.893543243408203,1.2665830850601196,1.525643229484558,18.541135787963867,1.2611668109893799,22.256925582885742,20.185546875,1.9636527299880981,1.1411628723144531,3.837270975112915,1.1446620225906372,1.2170178890228271,0.8253819346427917,2.3993358612060547,1.0466481447219849,21.220834732055664,2.5703699588775635,0.9814234375953674,0.84025639295578,2.884150266647339,20.948755264282227,1.723698377609253,1.0083999633789062,15.49927806854248,2.2811906337738037,2.06217622756958,21.156494140625,1.904062032699585,1.1422183513641357,1.2323205471038818,3.9527063369750977,1.2075841426849365,2.072836399078369,1.4865443706512451,1.7048689126968384,2.4813032150268555,0.9005251526832581,1.1755220890045166,1.6583670377731323,0.5717988014221191,21.755678176879883,19.9793701171875,1.3975718021392822
21.676494598388672,6.632857799530029,4.664855003356934,21.909011840820312,6.645247936248779,6.745789051055908,0.1305237114429474,6.935216426849365,20.600017547607422,6.82617712020874,6.269907474517822,7.555898666381836,22.171796798706055,8.036446571350098,6.195996284484863,20.11966896057129,9.950334548950195,21.97718620300293,6.5372419357299805,6.915652275085449,6.495349407196045,5.973357677459717,5.982206344604492,6.40308141708374,5.887087345123291,4.693237781524658,21.22980499267578,6.989024639129639,6.4483842849731445,6.882034778594971,6.623745918273926,6.5279436111450195,22.15637969970703,6.446642875671387,6.399604320526123,6.571115493774414,7.867276191711426,21.167625427246094,6.510657787322998,5.4039483070373535,7.080880165100098,7.084474563598633,6.857411861419678,20.944032669067383,7.7002787590026855,5.12137508392334,5.581965446472168,6.5646514892578125,22.772109985351562,22.70354652404785,6.29511833190918,6.344193935394287,6.035337924957275,6.223954677581787,11.058835983276367,21.628761291503906,6.871245384216309,23.002784729003906,6.9023823738098145,5.609758377075195,19.655715942382812,6.059664249420166,23.102510452270508,21.183916091918945,5.872350692749023,6.545474529266357,6.517486095428467,6.640388488769531,6.431907653808594,6.8639750480651855,8.832392692565918,6.888894557952881,22.171695709228516,5.8695197105407715,6.561295509338379,6.50568151473999,5.025842189788818,21.95285415649414,6.321263790130615,6.103207111358643,15.419466972351074,5.456281661987305,7.7979230880737305,22.045940399169922,7.810985565185547,7.185569763183594,6.398488998413086,10.542839050292969,6.916677951812744,5.346007347106934,6.037548542022705,6.513104438781738,6.647933006286621,6.843723297119141,7.432188987731934,6.4522528648376465,6.481684684753418,22.512039184570312,20.905330657958984,5.581262588500977
21.46722412109375,1.8315725326538086,3.1828794479370117,21.657052993774414,2.453895092010498,1.8181143999099731,6.935216426849365,0.0,20.29645347595215,2.0408122539520264,1.515833854675293,1.2740237712860107,22.087322235107422,1.5754891633987427,2.0005459785461426,20.46574592590332,3.262838363647461,21.49898338317871,1.7652182579040527,1.4588909149169922,1.570081114768982,1.4686825275421143,2.3371591567993164,1.55876624584198,1.7758772373199463,6.517751216888428,20.98712730407715,2.135052442550659,2.011573314666748,1.5808920860290527,1.9907680749893188,3.4362106323242188,21.946191787719727,1.8644038438796997,1.9131709337234497,2.2994399070739746,2.061501979827881,17.73459815979004,1.4261904954910278,1.7943224906921387,1.7953027486801147,1.96455979347229,3.951754093170166,20.164447784423828,3.434682846069336,3.1470022201538086,2.330758571624756,1.7881971597671509,22.502853393554688,22.44632339477539,2.2393581867218018,1.9764119386672974,1.408793568611145,3.662569046020508,14.912148475646973,21.48759651184082,1.5067451000213623,22.66144371032715,1.2122102975845337,1.7227442264556885,19.334121704101562,1.7654510736465454,23.02430534362793,20.916669845581055,1.7454272508621216,1.911881446838379,3.093489170074463,1.2650476694107056,1.6574569940567017,2.058443546295166,2.4776082038879395,2.2456836700439453,22.00438117980957,1.6902459859848022,2.022569179534912,2.251213550567627,4.294835090637207,21.77138900756836,2.343348741531372,1.710291862487793,16.984943389892578,3.480980396270752,2.5779521465301514,21.915040969848633,2.2767703533172607,2.1762874126434326,1.9558755159378052,4.6044840812683105,1.5895719528198242,3.283087730407715,1.926143765449524,1.7766798734664917,3.7997913360595703,2.4825832843780518,1.9987488985061646,1.6257158517837524,2.1908836364746094,22.55003547668457,20.72675895690918,2.533308267593384
1.374289631843567,20.221067428588867,19.599302291870117,1.3572405576705933,19.790403366088867,19.508834838867188,20.600017547607422,20.29645347595215,0.0,19.973844528198242,20.40441131591797,20.01935386657715,1.8438161611557007,19.952152252197266,19.580787658691406,2.18587064743042,19.72882843017578,1.5298442840576172,19.32892417907715,19.30352210998535,19.655357360839844,19.45482635498047,19.694568634033203,19.999053955078125,19.855737686157227,19.954849243164062,0.9898394346237183,19.27601432800293,19.478206634521484,19.798681259155273,19.789430618286133,20.026765823364258,1.8268892765045166,19.357009887695312,19.36639976501465,19.98550033569336,20.193925857543945,26.54156494140625,19.6420955657959,19.739809036254883,19.456823348999023,19.776840209960938,20.105844497680664,27.361125946044922,20.203887939453125,19.991626739501953,19.155067443847656,19.921985626220703,2.2488739490509033,2.1513688564300537,19.511629104614258,19.924697875976562,20.087352752685547,20.331148147583008,23.811283111572266,1.6520620584487915,20.151639938354492,2.4177258014678955,20.18537139892578,19.76407241821289,1.1859248876571655,20.265661239624023,2.8159430027008057,1.1525555849075317,19.78961753845215,19.402673721313477,20.434911727905273,19.46022605895996,19.92219352722168,19.64905548095703,19.71668815612793,20.374248504638672,1.6676714420318604,19.959564208984375,20.004796981811523,19.07339859008789,18.99236488342285,1.4373195171356201,19.848085403442383,19.5283145904541,25.100576400756836,19.891551971435547,19.9763126373291,1.7347620725631714,20.12112808227539,20.094341278076172,19.931407928466797,20.115705490112305,20.45305824279785,19.4982852935791,19.71555519104004,19.535491943359375,20.3524112701416,19.60028648376465,19.455387115478516,20.82981300354004,19.606014251708984,2.4012160301208496,0.9821325540542603,19.702070236206055
21.141048431396484,0.6864032745361328,2.377171277999878,21.338062286376953,0.6090587973594666,1.0054004192352295,6.82617712020874,2.0408122539520264,19.973844528198242,0.19415181875228882,1.052181601524353,1.6392613649368286,21.758005142211914,1.9041506052017212,1.075034260749817,20.1978702545166,3.617952585220337,21.194225311279297,0.9706441760063171,1.3499717712402344,1.0270094871520996,1.4699974060058594,1.1250847578048706,0.9835521578788757,1.4341837167739868,5.208927154541016,20.664588928222656,1.0481696128845215,1.4672330617904663,0.8529131412506104,0.4241272807121277,2.142827272415161,21.64568328857422,0.9916885495185852,0.9968258738517761,0.43341994285583496,1.1640657186508179,17.695117950439453,1.3788847923278809,1.7215204238891602,0.8227027654647827,0.5378829836845398,2.724813461303711,18.830930709838867,1.8034579753875732,3.9069132804870605,1.5855904817581177,0.6267005801200867,22.21072006225586,22.08517837524414,1.1561411619186401,0.9674851298332214,1.441292405128479,3.578543186187744,15.290221214294434,21.22618293762207,0.7441354990005493,22.34035301208496,0.9943689107894897,1.5142866373062134,18.977540969848633,1.0263686180114746,22.723613739013672,20.642629623413086,1.8118385076522827,1.5075221061706543,4.236356258392334,1.2548588514328003,0.8698667287826538,0.45452454686164856,2.3460006713867188,0.8862163424491882,21.682279586791992,2.864459753036499,0.5144121050834656,1.0185621976852417,3.158559799194336,21.40669059753418,1.1992322206497192,1.2459651231765747,15.444319725036621,1.9965442419052124,1.3407480716705322,21.60805892944336,1.6112967729568481,0.7174192667007446,0.7511410117149353,3.7860963344573975,0.6954784393310547,2.138871192932129,1.1162643432617188,1.512125015258789,2.6751251220703125,1.1824144124984741,1.6152077913284302,1.197188377380371,1.207400918006897,22.232545852661133,20.42496109008789,1.6779253482818604
21.564664840698242,0.6357009410858154,2.2311809062957764,21.769989013671875,1.449365496635437,1.3094978332519531,6.269907474517822,1.515833854675293,20.40441131591797,1.052181601524353,0.0,1.5903589725494385,22.171350479125977,1.9825901985168457,0.9218811988830566,20.54620361328125,3.996629476547241,21.630483627319336,1.1710103750228882,1.3622182607650757,0.8186622858047485,1.101549506187439,1.0543863773345947,0.9215335249900818,0.7915242314338684,5.330203533172607,21.083627700805664,1.769149661064148,1.2207086086273193,0.9242151379585266,1.1032347679138184,2.5059051513671875,22.056846618652344,1.0833929777145386,1.0794837474822998,1.0679594278335571,1.6909754276275635,17.768421173095703,1.01055109500885,1.1371952295303345,1.4262434244155884,1.3698766231536865,2.740173816680908,19.077741622924805,2.534860849380493,3.0305278301239014,1.5430552959442139,0.6639662981033325,22.639850616455078,22.53287696838379,1.1467372179031372,0.7202557325363159,0.5896691083908081,2.982638120651245,14.536275863647461,21.608449935913086,0.6846379041671753,22.78822898864746,0.7491450309753418,0.9668166041374207,19.415719985961914,0.30255791544914246,23.129549026489258,21.044118881225586,1.5404938459396362,1.3010598421096802,3.377202033996582,1.1775740385055542,0.612634003162384,1.3152393102645874,2.7606279850006104,1.230105996131897,22.109086990356445,2.012861967086792,0.7881518602371216,1.4643605947494507,3.2633564472198486,21.850786209106445,1.1335783004760742,1.2714686393737793,15.95176887512207,2.249727487564087,2.1183366775512695,22.02411651611328,1.7875149250030518,1.221431016921997,0.7029120326042175,4.59233283996582,0.7529885768890381,2.030463457107544,1.0752357244491577,1.2611184120178223,2.6903295516967773,1.5469945669174194,1.754475474357605,0.5000438690185547,1.495545506477356,22.63145637512207,20.838342666625977,1.4247756004333496
21.168895721435547,1.6430227756500244,3.5359914302825928,21.37688636779785,2.147610902786255,1.7976984977722168,7.555898666381836,1.2740237712860107,20.01935386657715,1.6392613649368286,1.5903589725494385,0.06168598309159279,21.814552307128906,0.6642807722091675,1.792205810546875,20.26186752319336,2.55888295173645,21.196563720703125,1.629005789756775,1.0261204242706299,1.3427773714065552,1.7505900859832764,2.084667921066284,1.4672330617904663,1.9468988180160522,6.700949192047119,20.689729690551758,1.9046924114227295,1.6682088375091553,1.0038483142852783,1.7825297117233276,3.5554444789886475,21.662940979003906,1.5790584087371826,1.6618489027023315,1.9701077938079834,1.3157062530517578,17.750761032104492,1.4772282838821411,2.226259708404541,1.472890019416809,1.489359974861145,3.572909116744995,19.1356258392334,2.5557563304901123,3.674274444580078,2.509288787841797,1.4334739446640015,22.228771209716797,22.133075714111328,1.829410433769226,1.7040905952453613,1.7184375524520874,3.810631275177002,15.453583717346191,21.23001480102539,1.159225344657898,22.359729766845703,0.8472893834114075,1.9900234937667847,19.029701232910156,1.838537573814392,22.75227165222168,20.6333065032959,2.043699264526367,1.72552490234375,3.620496988296509,1.1199898719787598,1.3599402904510498,1.7162524461746216,1.4727507829666138,2.1119751930236816,21.72956657409668,2.352055549621582,1.7183088064193726,1.9426724910736084,4.473780155181885,21.485225677490234,1.8486897945404053,1.9815553426742554,17.036251068115234,3.4930386543273926,1.7210716009140015,21.63882827758789,1.3067259788513184,1.609255313873291,1.600527286529541,3.785382032394409,1.3438571691513062,3.269737482070923,1.8218997716903687,1.3016973733901978,3.7650253772735596,2.205817222595215,1.5653691291809082,1.6744542121887207,2.314383029937744,22.294330596923828,20.44972038269043,2.7134480476379395
0.9879338145256042,21.989389419555664,21.33757781982422,0.7442200779914856,21.576555252075195,21.288204193115234,22.171796798706055,22.087322235107422,1.8438161611557007,21.758005142211914,22.171350479125977,21.814552307128906,0.0,21.746915817260742,21.33572006225586,2.497966766357422,21.562213897705078,1.2733056545257568,21.104276657104492,21.083751678466797,21.42266082763672,21.225290298461914,21.445894241333008,21.788949966430664,21.60387420654297,21.596656799316406,1.227122187614441,21.081205368041992,21.225303649902344,21.5765323638916,21.575485229492188,21.780160903930664,0.4920014441013336,21.12445831298828,21.131393432617188,21.757617950439453,21.987546920776367,27.761613845825195,21.404077529907227,21.497346878051758,21.251436233520508,21.577030181884766,21.790367126464844,28.429868698120117,21.996644973754883,21.666242599487305,20.912866592407227,21.692480087280273,1.0277669429779053,0.7138504981994629,21.264291763305664,21.680091857910156,21.84418296813965,21.986129760742188,24.830398559570312,0.7732599377632141,21.92965316772461,1.3141498565673828,21.969310760498047,21.52682876586914,2.900439977645874,22.027368545532227,0.8822073340415955,1.45835542678833,21.57875633239746,21.15199851989746,22.112829208374023,21.246767044067383,21.692293167114258,21.44097900390625,21.523529052734375,22.146602630615234,0.1330420821905136,21.69614028930664,21.77322006225586,20.84430694580078,20.69209861755371,0.4458604156970978,21.601573944091797,21.314617156982422,26.475122451782227,21.641849517822266,21.79019546508789,0.7360560894012451,21.889060974121094,21.866788864135742,21.696447372436523,21.944595336914062,22.239578247070312,21.208566665649414,21.494108200073242,21.300460815429688,22.052227020263672,21.355579376220703,21.22046661376953,22.60400390625,21.378915786743164,0.0,1.6995195150375366,21.43627166748047
21.11172103881836,1.8640738725662231,3.914158582687378,21.30946922302246,2.424611806869507,1.8836318254470825,8.036446571350098,1.5754891633987427,19.952152252197266,1.9041506052017212,1.9825901985168457,0.6642807722091675,21.746915817260742,0.0,2.090602397918701,20.25191879272461,2.1157824993133545,21.104944229125977,1.8377578258514404,1.276183009147644,1.6522842645645142,2.14607834815979,2.4519875049591064,1.991979718208313,2.260540008544922,7.000424385070801,20.62714385986328,2.094917058944702,1.8973033428192139,1.3371305465698242,2.0578129291534424,3.612474203109741,21.59291648864746,1.8542568683624268,1.9217886924743652,2.231065511703491,1.17332923412323,17.17350196838379,1.6611382961273193,2.6679847240448,1.5895485877990723,1.7580007314682007,3.561006784439087,19.158058166503906,2.838473320007324,3.9708139896392822,2.826493740081787,1.762073278427124,22.15964698791504,22.06216812133789,2.1475296020507812,2.0019283294677734,2.066523551940918,3.821861505508423,15.614547729492188,21.16167449951172,1.4313881397247314,22.289499282836914,1.2739593982696533,2.4718286991119385,18.975732803344727,2.2160396575927734,22.687551498413086,20.573062896728516,2.6146399974823,1.837019681930542,3.6999824047088623,1.533797025680542,1.7818297147750854,1.9473018646240234,0.9700446724891663,2.198387622833252,21.666366577148438,2.6900577545166016,1.9785040616989136,2.1456148624420166,4.67899751663208,21.416967391967773,2.2455615997314453,2.342758893966675,17.12334632873535,3.843951463699341,1.9632354974746704,21.58632469177246,1.184160828590393,1.676836609840393,1.9704606533050537,3.3922171592712402,1.6457579135894775,3.512453079223633,2.3336329460144043,1.7656471729278564,3.7262165546417236,2.200141668319702,1.330733299255371,2.088966131210327,2.4215850830078125,22.231714248657227,20.404165267944336,2.9423396587371826
20.736242294311523,0.8542069792747498,2.0539700984954834,20.9466609954834,1.345997929573059,1.0999085903167725,6.195996284484863,2.0005459785461426,19.580787658691406,1.075034260749817,0.9218811988830566,1.792205810546875,21.33572006225586,2.090602397918701,0.0,19.72589874267578,4.055738925933838,20.80434226989746,0.7252480983734131,1.0618548393249512,0.496821790933609,0.9440253376960754,0.5036506652832031,1.2175137996673584,0.6156465411186218,5.0643086433410645,20.252532958984375,1.6004828214645386,0.5674811601638794,0.8365191221237183,1.064001441001892,2.4080283641815186,21.226694107055664,0.41333287954330444,0.3573858439922333,0.9661831259727478,1.8101365566253662,17.62893295288086,0.8041480779647827,1.1448169946670532,1.260210633277893,1.387661337852478,2.316044807434082,18.694921493530273,2.4977264404296875,2.96220326423645,1.0701676607131958,0.5700749754905701,21.822490692138672,21.70020866394043,0.38028302788734436,0.37993428111076355,0.8628746271133423,2.7635011672973633,14.308225631713867,20.77864646911621,0.9605553150177002,21.96886444091797,1.1472976207733154,0.9810940027236938,18.58839225769043,0.7816137075424194,22.298704147338867,20.220460891723633,1.7455124855041504,0.7186365723609924,3.4320602416992188,1.0804555416107178,0.6123677492141724,1.1968505382537842,2.731764554977417,1.414098858833313,21.2836856842041,2.1335251331329346,0.70832359790802,0.7686948776245117,2.791757822036743,21.01979637145996,0.7736384868621826,1.2578086853027344,15.803061485290527,2.0908031463623047,2.18036150932312,21.200910568237305,1.719868779182434,1.1672581434249878,0.5193531513214111,4.574670314788818,1.2870478630065918,1.4797381162643433,1.0403045415878296,0.9716605544090271,2.4656498432159424,1.1079065799713135,1.4325512647628784,1.3881690502166748,1.3298629522323608,21.795316696166992,20.018577575683594,1.0602456331253052
2.314887285232544,20.4173641204834,19.61501121520996,2.553910970687866,20.00728416442871,19.733821868896484,20.11966896057129,20.46574592590332,2.18587064743042,20.1978702545166,20.54620361328125,20.26186752319336,2.497966766357422,20.25191879272461,19.72589874267578,0.03221176192164421,20.218534469604492,3.100942611694336,19.52145767211914,19.505998611450195,19.82390022277832,19.56685447692871,19.817920684814453,20.15369415283203,19.96226692199707,19.882606506347656,2.161914348602295,19.528379440307617,19.629138946533203,20.00404930114746,19.999229431152344,20.249725341796875,2.6192972660064697,19.53028678894043,19.537307739257812,20.187631607055664,20.514863967895508,27.408594131469727,19.809127807617188,19.795883178710938,19.712427139282227,20.026296615600586,20.29084014892578,27.618080139160156,20.48100471496582,19.886878967285156,19.25431251525879,20.104808807373047,3.1357920169830322,3.2037107944488525,19.659339904785156,20.081233978271484,20.200496673583984,20.38718605041504,22.92064666748047,2.1083765029907227,20.36092185974121,3.4646389484405518,20.38364601135254,19.83729362487793,2.44315242767334,20.39542007446289,3.1844780445098877,2.057767152786255,19.870647430419922,19.573440551757812,20.42937469482422,19.634868621826172,20.08083724975586,19.88515853881836,20.113759994506836,20.612606048583984,2.5573201179504395,19.978187561035156,20.197797775268555,19.26890754699707,19.039844512939453,2.6465702056884766,19.98712921142578,19.674564361572266,25.342185974121094,19.989032745361328,20.27936363220215,2.3417375087738037,20.405553817749023,20.350488662719727,20.09403419494629,20.735576629638672,20.668521881103516,19.56825828552246,19.837003707885742,19.67378807067871,20.548072814941406,19.837696075439453,19.72677230834961,20.9807186126709,19.81425666809082,2.6343653202056885,1.8203125,19.803165435791016
20.891494750976562,3.797090530395508,5.69206428527832,21.06483268737793,3.9779956340789795,3.562915802001953,9.950334548950195,3.262838363647461,19.72882843017578,3.617952585220337,3.996629476547241,2.55888295173645,21.562213897705078,2.1157824993133545,4.055738925933838,20.218534469604492,0.0828295424580574,20.813627243041992,3.621058940887451,3.1299283504486084,3.637625217437744,3.9964945316314697,4.381919860839844,3.745323896408081,4.292736530303955,8.646438598632812,20.416996002197266,3.3979334831237793,3.897341728210449,3.2974720001220703,3.7304983139038086,5.076150417327881,21.37303352355957,3.7291743755340576,3.800833225250244,3.9944894313812256,2.6946775913238525,17.113122940063477,3.6478681564331055,4.575759410858154,3.1489078998565674,3.270350217819214,5.333499908447266,19.82781219482422,3.9627275466918945,5.894166469573975,4.594418525695801,3.7083523273468018,21.885141372680664,21.804805755615234,4.0770063400268555,4.0108113288879395,4.108488082885742,5.756688594818115,17.441465377807617,20.98410987854004,3.398822546005249,21.986913681030273,3.2589433193206787,4.386568069458008,18.773405075073242,4.209835052490234,22.480579376220703,20.356067657470703,4.242290496826172,3.795567274093628,5.421414375305176,3.3334200382232666,3.7568912506103516,3.518409252166748,1.4662278890609741,3.9069926738739014,21.43987464904785,4.556048393249512,3.863280773162842,3.833875894546509,6.3515400886535645,21.193559646606445,4.174790382385254,3.99924898147583,17.97595977783203,5.512653350830078,3.0159659385681152,21.37114143371582,2.9577019214630127,3.461277961730957,3.9203150272369385,2.586405038833618,3.4762470722198486,5.422219753265381,4.110929489135742,3.686580181121826,5.44345760345459,3.926711082458496,3.0759682655334473,4.02126407623291,4.0468220710754395,22.07549285888672,20.200572967529297,4.865362167358398
1.2226250171661377,21.436004638671875,20.8980712890625,0.9743412137031555,21.028745651245117,20.724685668945312,21.97718620300293,21.49898338317871,1.5298442840576172,21.194225311279297,21.630483627319336,21.196563720703125,1.2733056545257568,21.104944229125977,20.80434226989746,3.100942611694336,20.813627243041992,0.5712748765945435,20.548967361450195,20.501853942871094,20.86846351623535,20.692598342895508,20.930973052978516,21.235872268676758,21.08511734008789,21.304468154907227,1.2056208848953247,20.503650665283203,20.682024002075195,21.001672744750977,21.020166397094727,21.272281646728516,1.133445382118225,20.575767517089844,20.586477279663086,21.21354866027832,21.36734962463379,27.116289138793945,20.848676681518555,20.99639892578125,20.666183471679688,20.99441146850586,21.28989028930664,28.08275032043457,21.413612365722656,21.213449478149414,20.414030075073242,21.138965606689453,1.4003130197525024,1.2441636323928833,20.731828689575195,21.142614364624023,21.313039779663086,21.51069450378418,24.893234252929688,1.3501957654953003,21.357128143310547,1.4668164253234863,21.39011001586914,21.01512908935547,2.5248188972473145,21.500011444091797,1.9382401704788208,1.3379348516464233,21.05024528503418,20.60264015197754,21.599613189697266,20.676599502563477,21.1425838470459,20.872909545898438,20.84198760986328,21.589025497436523,1.1604126691818237,21.1751708984375,21.22511100769043,20.298404693603516,20.283721923828125,1.1293184757232666,21.07012176513672,20.77803611755371,26.346233367919922,21.179157257080078,21.17656135559082,1.4083751440048218,21.277833938598633,21.289684295654297,21.154096603393555,21.203983306884766,21.66611671447754,20.751262664794922,20.96389389038086,20.74555206298828,21.558290481567383,20.804086685180664,20.623842239379883,22.05619239807129,20.837392807006836,1.8141324520111084,1.7047816514968872,20.947940826416016
20.503023147583008,0.9687086343765259,2.1754486560821533,20.695646286010742,1.196640133857727,0.5273455381393433,6.5372419357299805,1.7652182579040527,19.32892417907715,0.9706441760063171,1.1710103750228882,1.629005789756775,21.104276657104492,1.8377578258514404,0.7252480983734131,19.52145767211914,3.621058940887451,20.548967361450195,0.10649905353784561,0.8001748323440552,0.611095666885376,0.8379201889038086,1.101768970489502,1.1572763919830322,1.0112766027450562,5.2533111572265625,20.020938873291016,1.0239638090133667,1.025465965270996,0.8351910710334778,0.7981796264648438,2.245622396469116,20.99180030822754,0.4249270260334015,0.4188963770866394,1.0533864498138428,1.571597695350647,17.46285057067871,0.7488744258880615,1.2961416244506836,0.6636746525764465,1.0523402690887451,2.758887529373169,19.193458557128906,2.5765116214752197,3.3360538482666016,1.0331066846847534,0.7810180187225342,21.56504249572754,21.458566665649414,0.9843735694885254,0.9398428797721863,1.0999250411987305,3.1929283142089844,14.734525680541992,20.5511417388916,0.9460909962654114,21.711305618286133,1.10629403591156,1.1843613386154175,18.348834991455078,1.1063337326049805,22.067378997802734,19.98686408996582,1.6763519048690796,0.877468466758728,3.673434257507324,0.7907370924949646,0.8875701427459717,0.8319028615951538,2.4106173515319824,1.3284200429916382,21.037914276123047,2.3017194271087646,0.8785079121589661,0.5175827145576477,2.889827251434326,20.77273941040039,1.3525331020355225,0.8890398740768433,15.740078926086426,2.2360970973968506,1.9840655326843262,20.962980270385742,1.8065060377120972,1.1816697120666504,0.9357059001922607,4.172604560852051,1.2277733087539673,1.9176467657089233,1.1359366178512573,1.2452501058578491,2.6751301288604736,1.049373984336853,1.2065385580062866,1.588608741760254,0.9367901682853699,21.569974899291992,19.78106117248535,1.332274317741394
20.46209716796875,1.3287431001663208,2.8162176609039307,20.66647720336914,1.7436391115188599,1.1502944231033325,6.915652275085449,1.4588909149169922,19.30352210998535,1.3499717712402344,1.3622182607650757,1.0261204242706299,21.083751678466797,1.276183009147644,1.0618548393249512,19.505998611450195,3.1299283504486084,20.501853942871094,0.8001748323440552,0.0,0.6644623279571533,1.0185636281967163,1.4647040367126465,1.2599200010299683,1.3037075996398926,5.976997375488281,19.979503631591797,1.4339841604232788,0.9578415751457214,0.6606573462486267,1.3412320613861084,3.006282329559326,20.950572967529297,0.740876317024231,0.82578045129776,1.565079689025879,1.526892900466919,17.59322166442871,0.7838798761367798,1.5994770526885986,0.986382246017456,1.2881770133972168,3.0833675861358643,19.112010955810547,2.6513404846191406,3.2184207439422607,1.6518265008926392,1.0081218481063843,21.52757453918457,21.42774772644043,1.1631921529769897,1.190402865409851,1.2488535642623901,3.3162431716918945,14.851784706115723,20.50704574584961,1.0049364566802979,21.669687271118164,0.9142554998397827,1.411861538887024,18.318588256835938,1.453829050064087,22.032812118530273,19.93071174621582,1.7401368618011475,0.9332749843597412,3.4008078575134277,0.5004375576972961,0.9545997381210327,1.298141360282898,1.951084852218628,1.8445743322372437,21.012855529785156,2.036578416824341,1.3001255989074707,1.0949665307998657,3.611260175704956,20.761953353881836,1.4348558187484741,1.3768097162246704,16.508939743041992,2.9151933193206787,1.9416896104812622,20.927204132080078,1.5006083250045776,1.4073326587677002,1.1643074750900269,4.110205173492432,1.3816885948181152,2.4886181354522705,1.36174738407135,0.8454510569572449,3.2318787574768066,1.5889674425125122,1.106314778327942,1.7215664386749268,1.6762281656265259,21.553924560546875,19.740924835205078,1.9621473550796509
20.814088821411133,0.8150606155395508,2.3617448806762695,21.020524978637695,1.4311882257461548,0.978208601474762,6.495349407196045,1.570081114768982,19.655357360839844,1.0270094871520996,0.8186622858047485,1.3427773714065552,21.42266082763672,1.6522842645645142,0.496821790933609,19.82390022277832,3.637625217437744,20.86846351623535,0.611095666885376,0.6644623279571533,0.15798595547676086,0.8144226670265198,0.9218346476554871,1.0360734462738037,0.7454735636711121,5.4834675788879395,20.330677032470703,1.4690459966659546,0.6337161064147949,0.4939456582069397,1.0343858003616333,2.60469913482666,21.302913665771484,0.406940758228302,0.4433744251728058,1.1074442863464355,1.5421161651611328,17.588571548461914,0.5329222679138184,1.2097090482711792,1.03078293800354,1.2140294313430786,2.6411900520324707,18.93769073486328,2.5187153816223145,3.0054335594177246,1.307631015777588,0.499368280172348,21.88943862915039,21.779518127441406,0.71861732006073,0.5841215252876282,0.7584565281867981,2.941387414932251,14.546746253967285,20.85566520690918,0.675418496131897,22.035137176513672,0.7554125785827637,1.018233060836792,18.66757583618164,0.8481713533401489,22.379562377929688,20.29023551940918,1.6211572885513306,0.6880435347557068,3.3195090293884277,0.7008481025695801,0.4734666645526886,1.11974036693573,2.3642516136169434,1.4250848293304443,21.36187744140625,1.962424635887146,0.787872314453125,0.9016760587692261,3.1890528202056885,21.10420036315918,0.9930099248886108,1.1775481700897217,16.119596481323242,2.429948568344116,2.002326011657715,21.278051376342773,1.5076416730880737,1.1046618223190308,0.6236955523490906,4.348839282989502,1.0653057098388672,1.9567586183547974,1.0550192594528198,0.7990453839302063,2.7467877864837646,1.2478642463684082,1.2088080644607544,1.2633578777313232,1.3726301193237305,21.886526107788086,20.093551635742188,1.4162466526031494
