0.0,20.554304122924805,20.481407165527344,1.7024260759353638,20.619367599487305,20.233997344970703,20.330888748168945,20.64988899230957,2.934340000152588,20.665557861328125,20.4204158782959,21.127843856811523,2.337080240249634,20.487659454345703,20.924854278564453,5.6099324226379395,20.239917755126953,2.249138593673706,19.700931549072266,20.62014389038086,20.388715744018555,20.31541633605957,20.916358947753906,20.917818069458008,20.690223693847656,20.431804656982422,2.4894492626190186,20.381607055664062,20.86145782470703,20.448558807373047,23.680742263793945,22.00914764404297,1.597804307937622,20.23833465576172,20.83283042907715,20.913232803344727,20.735071182250977,20.07042121887207,21.383573532104492,20.506650924682617,20.540449142456055,20.7913875579834,21.166515350341797,21.646663665771484,25.64405059814453,21.244237899780273,21.071523666381836,20.550607681274414,2.955733299255371,2.3595948219299316,20.382349014282227,20.886669158935547,20.480464935302734,20.677207946777344,23.965633392333984,2.7528560161590576,20.550662994384766,2.523667335510254,20.729698181152344,20.679656982421875,2.903925895690918,20.422964096069336,1.468344807624817,1.9162256717681885,20.63119888305664,20.38524627685547,20.55438232421875,20.043058395385742,20.34197235107422,20.647781372070312,20.446073532104492,21.16613006591797,1.291971206665039,20.20328712463379,20.684669494628906,20.514873504638672,20.79376983642578,2.97700834274292,20.303693771362305,20.79020118713379,21.49652099609375,24.73887062072754,25.382020950317383,2.0790646076202393,20.54296875,21.096817016601562,20.848255157470703,21.14219856262207,20.653133392333984,20.37396240234375,21.134313583374023,20.894794464111328,20.66827392578125,20.63380241394043,20.72771453857422,21.009254455566406,20.88851547241211,2.9702606201171875,1.2728742361068726,20.80228614807129
20.554304122924805,0.12440348416566849,1.127713680267334,21.766443252563477,0.6875429749488831,1.055716872215271,0.663303792476654,1.6379361152648926,21.768138885498047,0.5362297296524048,0.5202686786651611,0.9873486161231995,21.400232315063477,0.5939940810203552,0.9433634281158447,22.35110092163086,1.107741355895996,22.687728881835938,1.5381783246994019,1.2661192417144775,0.4382666349411011,0.5930878520011902,0.8256811499595642,0.9225047826766968,1.216282606124878,0.861424446105957,21.583297729492188,1.7670875787734985,0.891261875629425,1.2239325046539307,12.398299217224121,8.416579246520996,21.683061599731445,0.524951159954071,0.6139231324195862,0.772686243057251,1.2364708185195923,1.287313461303711,2.9461426734924316,0.603480875492096,0.3601013720035553,0.8134407997131348,2.42181396484375,4.342060089111328,16.13367462158203,1.7391725778579712,0.8910745978355408,0.8274222016334534,22.217761993408203,22.48725128173828,0.8465732336044312,0.5223285555839539,0.6702691316604614,0.44292035698890686,9.99761962890625,20.697795867919922,1.0792222023010254,21.569612503051758,0.8208134174346924,0.3190506100654602,19.32362174987793,0.5414737462997437,19.885883331298828,19.05514907836914,0.9541610479354858,0.5389864444732666,1.8459351062774658,0.7453769445419312,0.5097880959510803,1.2555137872695923,1.0190943479537964,0.7758296132087708,21.396900177001953,1.2235217094421387,0.4693721532821655,0.8957553505897522,0.983818769454956,22.773988723754883,0.480611652135849,0.5718905329704285,6.68640661239624,15.548158645629883,14.97037410736084,21.217151641845703,0.984571635723114,1.0781338214874268,0.46501195430755615,2.0803632736206055,0.9785662889480591,1.0808230638504028,2.8050148487091064,1.1011772155761719,0.5294157862663269,0.6164562106132507,1.229697346687317,0.8876700401306152,1.2743808031082153,21.543235778808594,20.12648582458496,0.45316919684410095
20.481407165527344,1.127713680267334,0.0,21.70865249633789,1.0680665969848633,1.297549843788147,1.1422842741012573,2.0579919815063477,21.722002029418945,1.025081753730774,1.0819590091705322,1.4170928001403809,21.365501403808594,1.0173625946044922,1.0384860038757324,22.342819213867188,1.8232001066207886,22.611902236938477,1.7136836051940918,1.9046598672866821,0.7504080533981323,1.3211984634399414,1.5046498775482178,1.2034610509872437,1.2792104482650757,1.311056137084961,21.592391967773438,1.4070641994476318,1.0139230489730835,0.5847791433334351,11.386707305908203,7.422021865844727,21.616086959838867,1.0069254636764526,1.0780179500579834,1.3833786249160767,1.1914238929748535,1.1569994688034058,2.8718464374542236,0.5708590745925903,1.3325115442276,1.4766141176223755,3.123382806777954,5.001346111297607,15.63294506072998,2.3290607929229736,1.211176872253418,1.4780865907669067,22.17797088623047,22.475238800048828,0.4805322587490082,1.3288127183914185,0.5927485227584839,1.2074341773986816,10.612610816955566,20.611631393432617,0.21535804867744446,21.552961349487305,1.483453392982483,0.9635717868804932,19.291410446166992,1.1281930208206177,19.840307235717773,19.024660110473633,1.0432649850845337,1.1599161624908447,1.7276850938796997,0.8261337876319885,0.9294402599334717,1.5431139469146729,1.2099117040634155,1.2422473430633545,21.33449363708496,1.157427191734314,0.9506012201309204,1.178425669670105,0.7448336482048035,22.743497848510742,1.4508908987045288,0.7836888432502747,6.933039665222168,15.739825248718262,15.387112617492676,21.185150146484375,1.1943371295928955,1.335564136505127,1.3834185600280762,1.6658787727355957,0.7915483117103577,1.5970642566680908,2.814723491668701,1.1689685583114624,0.9334742426872253,0.721768856048584,1.4741430282592773,1.2703144550323486,1.8435953855514526,21.501251220703125,20.08160400390625,1.0844277143478394
1.7024260759353638,21.766443252563477,21.70865249633789,0.0,21.831756591796875,21.455961227416992,21.53095245361328,21.80021095275879,2.2862277030944824,21.880155563354492,21.655948638916016,22.310832977294922,2.859801769256592,21.688060760498047,22.126018524169922,5.234468460083008,21.461898803710938,1.1472809314727783,20.896461486816406,21.792625427246094,21.611156463623047,21.526029586791992,22.145450592041016,22.110280990600586,21.899993896484375,21.620468139648438,2.4861063957214355,21.615121841430664,22.068742752075195,21.658153533935547,24.9821720123291,23.12262535095215,1.0391799211502075,21.452821731567383,22.031421661376953,22.105527877807617,21.91462516784668,21.2456111907959,22.57047462463379,21.7352352142334,21.740997314453125,22.016475677490234,22.465364456176758,22.897991180419922,27.067230224609375,22.38760757446289,22.25765609741211,21.744483947753906,1.9304147958755493,1.7279847860336304,21.60091781616211,22.09593391418457,21.698928833007812,21.885517120361328,25.127620697021484,2.3184967041015625,21.787256240844727,1.8116410970687866,21.926485061645508,21.890844345092773,3.696728467941284,21.62033462524414,2.13224720954895,2.8796932697296143,21.81718635559082,21.592288970947266,21.818315505981445,21.274850845336914,21.54632568359375,21.86525535583496,21.639602661132812,22.3643856048584,1.7536495923995972,21.392879486083984,21.89004135131836,21.708208084106445,22.041034698486328,2.457791805267334,21.51470375061035,22.010103225708008,23.00042152404785,26.2825870513916,26.362442016601562,1.3763200044631958,21.726804733276367,22.329572677612305,22.064151763916016,22.40145492553711,21.892539978027344,21.606138229370117,22.29900360107422,22.109580993652344,21.88185691833496,21.85208511352539,21.874420166015625,22.201908111572266,22.090068817138672,1.7095813751220703,1.9804571866989136,22.016355514526367
20.619367599487305,0.6875429749488831,1.0680665969848633,21.831756591796875,0.0,0.6849929690361023,0.3605010509490967,1.833762288093567,21.83517074584961,0.8166900873184204,0.7141830921173096,1.2088676691055298,21.421110153198242,0.29144787788391113,0.5809849500656128,22.569561004638672,1.3033915758132935,22.768978118896484,1.350637435913086,1.1812256574630737,0.8236793875694275,0.5180201530456543,0.6799218058586121,0.8966354131698608,1.0777348279953003,0.4533143937587738,21.695756912231445,1.1575021743774414,0.954246997833252,0.9593105316162109,11.950611114501953,8.002813339233398,21.76179313659668,0.5204372406005859,0.6631816029548645,1.0085625648498535,0.7509784698486328,1.1361993551254272,3.4154133796691895,0.7357347011566162,0.9642080068588257,0.5663237571716309,2.5360608100891113,4.965547561645508,16.37425994873047,2.230872392654419,1.2338286638259888,0.9759969115257263,22.33915901184082,22.5642147064209,0.9996747374534607,0.5609822273254395,0.8055592775344849,0.7339112758636475,10.562736511230469,20.72882843017578,0.9688572883605957,21.65201759338379,0.5400046110153198,0.601013720035553,19.429922103881836,0.38121727108955383,19.95657730102539,19.13946533203125,0.8393212556838989,0.39238616824150085,1.3404009342193604,0.8011622428894043,0.793710470199585,0.6491254568099976,1.5134797096252441,0.7441419363021851,21.445026397705078,0.8095591068267822,0.32461854815483093,0.3529810905456543,0.7724640369415283,22.876447677612305,1.0875828266143799,0.5271103978157043,6.7912821769714355,15.379810333251953,14.787850379943848,21.297945022583008,1.094971776008606,0.614142119884491,0.8688234686851501,1.5255318880081177,0.6626276969909668,1.416567087173462,2.434865951538086,0.578807532787323,0.6421995759010315,0.6617463231086731,1.209517478942871,0.6450828909873962,0.9572773575782776,21.620332717895508,20.21324920654297,0.46918925642967224
20.233997344970703,1.055716872215271,1.297549843788147,21.455961227416992,0.6849929690361023,0.0,0.6070229411125183,2.4010090827941895,21.519563674926758,0.9710037112236023,0.7899744510650635,1.4772288799285889,21.034854888916016,0.7485681176185608,0.8898569345474243,22.240575790405273,0.9868181943893433,22.393774032592773,0.8032320141792297,1.064498782157898,1.0954750776290894,0.8717427253723145,0.8718969821929932,1.0521272420883179,0.8473411798477173,0.7143826484680176,21.353113174438477,1.2372772693634033,1.0703089237213135,1.020273208618164,11.932392120361328,8.139130592346191,21.40550422668457,0.6041008234024048,0.9728062748908997,1.1921207904815674,1.1049526929855347,1.0743474960327148,3.5359530448913574,1.0126138925552368,1.2136828899383545,0.7662201523780823,2.498021364212036,5.069278717041016,16.114797592163086,2.559788942337036,1.685610294342041,0.9139529466629028,21.989513397216797,22.193992614746094,1.35445237159729,0.9510776400566101,0.9686678051948547,0.9128263592720032,10.944960594177246,20.394718170166016,1.2344220876693726,21.320417404174805,0.7238917350769043,0.937694251537323,19.121469497680664,0.7530930638313293,19.60175323486328,18.780839920043945,0.9586571455001831,0.590074896812439,1.4772560596466064,0.8369624614715576,0.9356814026832581,1.0048197507858276,1.7117221355438232,1.2096909284591675,21.064977645874023,0.714518129825592,0.8262307643890381,0.7881143689155579,1.0078730583190918,22.462970733642578,1.2863014936447144,0.9209041595458984,6.632205963134766,15.347888946533203,14.281217575073242,20.902904510498047,1.1168348789215088,1.0551223754882812,1.137450933456421,1.5953415632247925,0.7380732297897339,1.1991909742355347,2.1139590740203857,0.7082253098487854,0.8400083780288696,1.2027881145477295,1.5786941051483154,0.985993504524231,1.5038294792175293,21.286540985107422,19.857845306396484,0.8679218292236328
20.330888748168945,0.663303792476654,1.1422842741012573,21.53095245361328,0.3605010509490967,0.6070229411125183,0.0,1.7862745523452759,21.545543670654297,0.7982047200202942,0.7401313185691833,1.191954493522644,21.148399353027344,0.19177459180355072,0.7208883762359619,22.25124740600586,1.151957631111145,22.472633361816406,1.0636957883834839,0.9986124038696289,0.7971484065055847,0.449709951877594,0.8801304697990417,0.882125198841095,1.0425114631652832,0.2343953400850296,21.404678344726562,1.3287456035614014,0.970325767993927,0.960615873336792,12.130064964294434,8.100136756896973,21.46905517578125,0.32660284638404846,0.6732957363128662,0.9573938846588135,0.785628616809845,0.8761376738548279,3.3626890182495117,0.8061155080795288,0.8407766222953796,0.75263512134552,2.680457830429077,4.945310592651367,16.410104751586914,2.1306772232055664,1.25211763381958,0.8015657067298889,22.030000686645508,22.27242088317871,1.0155733823776245,0.6776583790779114,0.7858531475067139,0.6863782405853271,10.581355094909668,20.43490219116211,1.1113650798797607,21.35517120361328,0.5264840126037598,0.6191606521606445,19.14641571044922,0.10615373402833939,19.662904739379883,18.84324073791504,0.7258375883102417,0.18327660858631134,1.59736967086792,0.7185071706771851,0.619093656539917,0.8815044164657593,1.3817217350006104,0.8956020474433899,21.162765502929688,0.625103771686554,0.4091319143772125,0.33800631761550903,1.0354639291763306,22.57251739501953,0.9526766538619995,0.699674129486084,6.948625087738037,15.57445240020752,14.71006965637207,20.98687744140625,0.9210749864578247,0.9999675750732422,0.9118249416351318,1.824869990348816,0.8678844571113586,1.3173433542251587,2.399179697036743,0.7890431880950928,0.6538915634155273,0.804382860660553,1.0671741962432861,0.7377979755401611,1.1429553031921387,21.31112289428711,19.91888999938965,0.6047989726066589
20.64988899230957,1.6379361152648926,2.0579919815063477,21.80021095275879,1.833762288093567,2.4010090827941895,1.7862745523452759,0.0,21.65497589111328,2.0303714275360107,2.0911366939544678,2.0025980472564697,21.49671745300293,1.6902951002120972,2.061270236968994,22.339536666870117,2.60418963432312,22.739225387573242,2.684400796890259,2.361793279647827,1.7535309791564941,1.642958402633667,2.2384567260742188,2.1313588619232178,2.612741708755493,1.794897437095642,21.580360412597656,2.509603261947632,2.2150611877441406,2.223236322402954,12.713268280029297,8.21255874633789,21.689802169799805,1.8939623832702637,1.8852548599243164,2.0369043350219727,1.8576606512069702,2.0887677669525146,3.5666463375091553,1.900048851966858,1.6962511539459229,2.1683883666992188,3.652986764907837,4.96140193939209,17.282058715820312,1.9351472854614258,1.5489192008972168,2.186345338821411,22.20003890991211,22.53017234802246,1.6428544521331787,1.8773168325424194,1.9839842319488525,1.962432861328125,9.520639419555664,20.60762596130371,2.0756301879882812,21.497785568237305,2.0258195400238037,1.8057926893234253,19.247472763061523,1.6642544269561768,19.887956619262695,19.07725715637207,2.0233592987060547,1.8556050062179565,2.656494379043579,1.9877923727035522,1.8258700370788574,2.033015012741089,1.8464950323104858,1.8417378664016724,21.473957061767578,2.1444191932678223,1.7355486154556274,1.741562843322754,2.2687087059020996,22.93650245666504,1.7106833457946777,1.9157941341400146,7.832089424133301,16.047697067260742,16.188642501831055,21.298757553100586,2.115438938140869,2.167330741882324,1.9493322372436523,3.067500114440918,2.328519344329834,2.636786937713623,3.8805906772613525,2.320100784301758,1.996550440788269,1.5275086164474487,1.4538979530334473,1.9811134338378906,1.6039021015167236,21.44740867614746,20.140094757080078,1.881655216217041
2.934340000152588,21.768138885498047,21.722002029418945,2.2862277030944824,21.83517074584961,21.519563674926758,21.545543670654297,21.65497589111328,0.0,21.930330276489258,21.6878719329834,22.365514755249023,3.2521355152130127,21.69440460205078,22.166297912597656,5.8107147216796875,21.56076431274414,2.6851768493652344,21.005727767944336,21.878768920898438,21.619091033935547,21.507427215576172,22.17827606201172,22.177528381347656,22.013473510742188,21.63338279724121,2.3111865520477295,21.602203369140625,22.140392303466797,21.706348419189453,24.953561782836914,22.99214744567871,1.7474521398544312,21.478445053100586,22.070262908935547,22.165996551513672,21.921215057373047,21.302074432373047,22.69569206237793,21.749967575073242,21.761045455932617,22.042278289794922,22.509769439697266,22.955730438232422,27.87677764892578,22.401628494262695,22.258197784423828,21.82213592529297,2.768817663192749,2.4080312252044678,21.58253288269043,22.115915298461914,21.737621307373047,21.930463790893555,24.6444091796875,1.8981400728225708,21.792640686035156,0.9566405415534973,21.96344566345215,21.915691375732422,2.8919339179992676,21.627927780151367,2.3985965251922607,3.2258009910583496,21.875362396240234,21.6148738861084,21.7788143157959,21.290496826171875,21.581377029418945,21.836013793945312,21.67181968688965,22.384071350097656,2.581851005554199,21.43868064880371,21.90370750427246,21.707069396972656,22.064495086669922,4.409801483154297,21.5190372467041,22.032434463500977,23.090003967285156,25.872697830200195,27.384126663208008,3.4149742126464844,21.80394172668457,22.327545166015625,22.09358787536621,22.429794311523438,21.935592651367188,21.71345329284668,22.51099395751953,22.16073989868164,21.926673889160156,21.82288932800293,21.87299156188965,22.239564895629883,22.01089096069336,1.734788417816162,2.393310546875,22.039289474487305
20.665557861328125,0.5362297296524048,1.025081753730774,21.880155563354492,0.8166900873184204,0.9710037112236023,0.7982047200202942,2.0303714275360107,21.930330276489258,0.18460389971733093,0.5626440644264221,0.7290155291557312,21.537981033325195,0.7287826538085938,0.7570708990097046,22.455127716064453,0.9910488128662109,22.797447204589844,1.4015822410583496,1.139177680015564,0.5537204146385193,0.9641605019569397,0.8482410907745361,0.5812573432922363,0.7868367433547974,0.9720834493637085,21.735557556152344,1.822318434715271,0.4506642818450928,1.0148725509643555,12.276895523071289,8.338432312011719,21.810501098632812,0.6202579140663147,0.40849971771240234,0.49752768874168396,1.2255560159683228,1.1582566499710083,2.675222635269165,0.5820361375808716,0.5368109941482544,0.8883563280105591,2.5045182704925537,4.371218204498291,15.788649559020996,1.7356513738632202,0.8653048872947693,0.6020426750183105,22.33646583557129,22.622661590576172,0.9476773142814636,0.5993866920471191,0.4524594247341156,0.26795920729637146,10.295395851135254,20.83765983581543,1.0207549333572388,21.723194122314453,0.8296724557876587,0.26529088616371155,19.490209579467773,0.724798858165741,20.020431518554688,19.187162399291992,0.7006902098655701,0.6621885895729065,1.9882975816726685,0.8425487875938416,0.43722742795944214,1.458190679550171,0.924850583076477,0.6966909170150757,21.521886825561523,1.1446237564086914,0.5212593674659729,1.018812656402588,0.8822992444038391,22.85973358154297,0.8023838400840759,0.46227625012397766,6.718652725219727,15.776732444763184,14.713775634765625,21.313692092895508,0.6648275256156921,1.1413722038269043,0.49978822469711304,1.98173189163208,0.8137174248695374,0.8109232783317566,2.4669442176818848,0.9236907958984375,0.23058044910430908,0.8428317308425903,1.2610383033752441,0.7500699162483215,1.6298936605453491,21.6785945892334,20.257776260375977,0.448519766330719
20.4204158782959,0.5202686786651611,1.0819590091705322,21.655948638916016,0.7141830921173096,0.7899744510650635,0.7401313185691833,2.0911366939544678,21.6878719329834,0.5626440644264221,0.12958510220050812,1.2325255870819092,21.253429412841797,0.7423236966133118,0.9901525378227234,22.28570556640625,0.8988333344459534,22.56968116760254,1.3725807666778564,1.33567476272583,0.5269439220428467,0.7134188413619995,0.6984900236129761,1.0210351943969727,1.0565521717071533,0.9802411198616028,21.48114585876465,1.6070284843444824,0.9014322757720947,1.1578036546707153,12.176492691040039,8.39939022064209,21.574417114257812,0.4630873501300812,0.7906381487846375,0.957975447177887,1.3729822635650635,1.3493645191192627,3.065810203552246,0.5522423982620239,0.7184752821922302,0.7003362774848938,2.1855969429016113,4.399369239807129,15.84011459350586,2.1379363536834717,1.264168381690979,0.8757996559143066,22.131460189819336,22.369396209716797,0.9631758332252502,0.6775063872337341,0.6415309309959412,0.5562464594841003,10.225626945495605,20.612831115722656,0.9857913255691528,21.485532760620117,0.8873197436332703,0.512822687625885,19.23596954345703,0.7270545363426208,19.780595779418945,18.948841094970703,1.0577808618545532,0.5744628310203552,1.6295840740203857,0.5578770637512207,0.6368820071220398,1.2284690141677856,1.2493658065795898,0.9992396235466003,21.26170539855957,1.2018648386001587,0.6453829407691956,1.011036992073059,0.7534177899360657,22.637643814086914,0.721963107585907,0.5944274067878723,6.330021381378174,15.278656005859375,14.736865043640137,21.105182647705078,1.0928680896759033,1.0030736923217773,0.6171566247940063,1.8433340787887573,0.705736517906189,0.8523080348968506,2.6865108013153076,0.9927064180374146,0.5401405692100525,0.8012931942939758,1.5872256755828857,1.0250780582427979,1.4586601257324219,21.473726272583008,20.019779205322266,0.5519124865531921
21.127843856811523,0.9873486161231995,1.4170928001403809,22.310832977294922,1.2088676691055298,1.4772288799285889,1.191954493522644,2.0025980472564697,22.365514755249023,0.7290155291557312,1.2325255870819092,0.0,22.028003692626953,1.0792001485824585,0.8721539378166199,22.83433723449707,1.4306104183197021,23.23942756652832,1.7680991888046265,1.1240323781967163,1.1154788732528687,1.4138365983963013,1.231899380683899,0.4803873598575592,0.9989914298057556,1.2241833209991455,22.191429138183594,2.2357797622680664,0.5937596559524536,1.3122544288635254,12.548354148864746,8.394259452819824,22.255807876586914,1.1877810955047607,0.5478872656822205,0.3386264741420746,1.2786004543304443,1.3296715021133423,2.4429538249969482,1.1416020393371582,0.8347090482711792,1.290457010269165,2.90726637840271,4.426445960998535,15.99559211730957,1.268001675605774,0.6076416373252869,0.790318489074707,22.746967315673828,23.07940673828125,1.3488014936447144,0.8687059879302979,0.9697349071502686,0.7082791924476624,10.329252243041992,21.25688362121582,1.4702608585357666,22.154298782348633,1.0340685844421387,0.7567117810249329,19.94620132446289,1.0767008066177368,20.464677810668945,19.63140296936035,0.7487770318984985,1.1212953329086304,2.481175422668457,1.479421615600586,0.905585765838623,1.8092021942138672,1.013387680053711,0.614443302154541,21.993820190429688,1.418333888053894,0.8700969219207764,1.2767672538757324,1.3859063386917114,23.300071716308594,1.2240968942642212,0.8988216519355774,7.252396583557129,16.33339500427246,14.709549903869629,21.729080200195312,0.6696997880935669,1.4610999822616577,0.8353098034858704,2.3150699138641357,1.332891583442688,1.2741390466690063,2.357731342315674,1.1768327951431274,0.7597706317901611,1.2289230823516846,1.0030195713043213,0.7256523370742798,1.8412894010543823,22.074932098388672,20.70357322692871,0.8461304306983948
2.337080240249634,21.400232315063477,21.365501403808594,2.859801769256592,21.421110153198242,21.034854888916016,21.148399353027344,21.49671745300293,3.2521355152130127,21.537981033325195,21.253429412841797,22.028003692626953,0.0,21.313560485839844,21.763294219970703,7.4313507080078125,21.07498550415039,3.3237757682800293,20.53666877746582,21.449764251708984,21.260051727294922,21.11042594909668,21.70437240600586,21.791791915893555,21.558698654174805,21.2386531829834,3.1037657260894775,21.12761688232422,21.748271942138672,21.321857452392578,24.288419723510742,22.85578727722168,2.828869581222534,21.073152542114258,21.693580627441406,21.79205894470215,21.558250427246094,20.954702377319336,22.503005981445312,21.369182586669922,21.410879135131836,21.57257843017578,21.86742401123047,22.634700775146484,27.09227180480957,22.209470748901367,21.979820251464844,21.412782669067383,4.473046779632568,2.3545520305633545,21.26337432861328,21.70753288269043,21.36212921142578,21.53318977355957,24.861099243164062,3.4204254150390625,21.412921905517578,3.1052942276000977,21.533130645751953,21.536651611328125,3.98203444480896,21.2487850189209,2.858713150024414,3.426692008972168,21.50788688659668,21.205978393554688,21.25511932373047,20.886959075927734,21.219680786132812,21.382423400878906,21.397384643554688,22.011621475219727,1.473106861114502,21.035289764404297,21.52195930480957,21.318458557128906,21.621545791625977,4.040165424346924,21.160646438598633,21.638084411621094,22.041095733642578,24.295059204101562,25.750553131103516,3.5857460498809814,21.44643211364746,21.8673095703125,21.69301414489746,21.88898468017578,21.47919273376465,21.256071090698242,21.95745277404785,21.704133987426758,21.52901268005371,21.47677993774414,21.609413146972656,21.844932556152344,21.619428634643555,4.04964542388916,2.9834084510803223,21.635826110839844
20.487659454345703,0.5939940810203552,1.0173625946044922,21.688060760498047,0.29144787788391113,0.7485681176185608,0.19177459180355072,1.6902951002120972,21.69440460205078,0.7287826538085938,0.7423236966133118,1.0792001485824585,21.313560485839844,0.05520818009972572,0.6026047468185425,22.387346267700195,1.2675119638442993,22.626041412353516,1.2422611713409424,1.090071201324463,0.7100328207015991,0.5152161121368408,0.8714112043380737,0.7988400459289551,1.043995976448059,0.3488830327987671,21.558719635009766,1.3290064334869385,0.8756253719329834,0.8855069279670715,12.068826675415039,8.014025688171387,21.620851516723633,0.4044784605503082,0.557609498500824,0.8905221819877625,0.7009515166282654,0.909269392490387,3.2552402019500732,0.6954523921012878,0.8037340641021729,0.7688766121864319,2.716377019882202,4.913468837738037,16.369617462158203,2.0362749099731445,1.0834405422210693,0.8461608290672302,22.178834915161133,22.43240737915039,0.8867552876472473,0.6092357039451599,0.6910061240196228,0.6467483639717102,10.516732215881348,20.585790634155273,0.9852330088615417,21.50816535949707,0.5727819800376892,0.5077899694442749,19.29115867614746,0.14363107085227966,19.817562103271484,18.998600006103516,0.6621813774108887,0.30162978172302246,1.5955345630645752,0.7397446632385254,0.5842717289924622,0.894723117351532,1.2964705228805542,0.7428489327430725,21.321638107299805,0.6968634128570557,0.23659028112888336,0.3251117169857025,0.9300710558891296,22.7336483001709,0.9601551294326782,0.550850510597229,6.981249809265137,15.623055458068848,14.84509563446045,21.147607803344727,0.8893433809280396,0.9128932356834412,0.8547170758247375,1.7688348293304443,0.8055498003959656,1.3578981161117554,2.4479825496673584,0.7384259104728699,0.5700532793998718,0.639125645160675,0.9765019416809082,0.6360204219818115,1.1073495149612427,21.462034225463867,20.072002410888672,0.5005318522453308
20.924854278564453,0.9433634281158447,1.0384860038757324,22.126018524169922,0.5809849500656128,0.8898569345474243,0.7208883762359619,2.061270236968994,22.166297912597656,0.7570708990097046,0.9901525378227234,0.8721539378166199,21.763294219970703,0.6026047468185425,0.0,22.83405303955078,1.4286024570465088,23.063640594482422,1.4073801040649414,1.0803332328796387,1.0077452659606934,1.053443431854248,0.8898847699165344,0.4732450544834137,0.7311655879020691,0.7088807821273804,22.034250259399414,1.394944190979004,0.5973976850509644,0.7652362585067749,11.882304191589355,7.857604026794434,22.071102142333984,0.8361131548881531,0.4524320363998413,0.7815783023834229,0.6154993772506714,1.0237756967544556,3.117583990097046,0.8642032146453857,1.0853216648101807,0.8662599325180054,2.808793783187866,5.039422035217285,16.171266555786133,2.073472023010254,1.0636438131332397,0.888845682144165,22.62796401977539,22.890419006347656,1.1341654062271118,0.6929686665534973,0.76894611120224,0.7461333870887756,10.81801700592041,21.03342056274414,1.0175116062164307,21.97796630859375,0.6470992565155029,0.6566219329833984,19.773555755615234,0.7037486433982849,20.27237319946289,19.45448875427246,0.49416956305503845,0.7355350255966187,1.718574047088623,1.120168685913086,0.8521681427955627,1.100874900817871,1.4356638193130493,0.521138608455658,21.766294479370117,0.8030622005462646,0.4625835418701172,0.6458866596221924,0.8493882417678833,23.15788459777832,1.3601710796356201,0.5224727988243103,7.071294784545898,15.822166442871094,14.647395133972168,21.57527732849121,0.8150758147239685,0.8290388584136963,0.962344765663147,1.5234531164169312,0.7041686177253723,1.4246209859848022,2.0577290058135986,0.3482893407344818,0.5774945020675659,0.9100525379180908,1.044762134552002,0.30372193455696106,1.3917121887207031,21.91477394104004,20.527206420898438,0.5714284181594849
5.6099324226379395,22.35110092163086,22.342819213867188,5.234468460083008,22.569561004638672,22.240575790405273,22.25124740600586,22.339536666870117,5.8107147216796875,22.455127716064453,22.28570556640625,22.83433723449707,7.4313507080078125,22.387346267700195,22.83405303955078,0.3660220801830292,22.078542709350586,4.789059162139893,21.679779052734375,22.488265991210938,22.17965316772461,22.229015350341797,22.84527015686035,22.731861114501953,22.57489585876465,22.374313354492188,4.753108501434326,22.56764030456543,22.66083526611328,22.367042541503906,26.813844680786133,24.487707138061523,4.966182231903076,22.124244689941406,22.648847579956055,22.663179397583008,22.695220947265625,21.944580078125,22.59939193725586,22.345041275024414,22.26681900024414,22.742734909057617,23.110605239868164,22.64531707763672,26.18606948852539,22.668174743652344,22.739238739013672,22.353403091430664,3.388824462890625,5.5097126960754395,22.18585205078125,22.74017906188965,22.29684829711914,22.477563858032227,24.14463996887207,6.541815280914307,22.444650650024414,5.249058246612549,22.649614334106445,22.48975944519043,5.6271586418151855,22.30801773071289,5.6495208740234375,5.668099403381348,22.47081756591797,22.284841537475586,22.764606475830078,21.933542251586914,22.133312225341797,22.731735229492188,22.05004119873047,22.989425659179688,6.2112321853637695,22.18346405029297,22.551307678222656,22.475900650024414,22.73204231262207,4.653958797454834,22.038246154785156,22.648733139038086,23.608665466308594,28.078298568725586,27.84744644165039,4.943010330200195,22.310543060302734,23.100011825561523,22.62871551513672,23.337875366210938,22.614425659179688,22.13207244873047,23.206724166870117,22.88187026977539,22.49700927734375,22.481904983520508,22.496810913085938,22.885868072509766,22.885814666748047,5.0802459716796875,5.121768474578857,22.65812110900879
20.239917755126953,1.107741355895996,1.8232001066207886,21.461898803710938,1.3033915758132935,0.9868181943893433,1.151957631111145,2.60418963432312,21.56076431274414,0.9910488128662109,0.8988333344459534,1.4306104183197021,21.07498550415039,1.2675119638442993,1.4286024570465088,22.078542709350586,0.08866843581199646,22.38785743713379,1.1649633646011353,1.0265320539474487,1.2670766115188599,1.2138216495513916,1.0217775106430054,1.243996500968933,1.1077654361724854,1.293282151222229,21.304346084594727,2.189927577972412,1.230895757675171,1.689155101776123,12.780125617980957,9.031830787658691,21.41340446472168,0.9885205626487732,1.1802637577056885,1.0792080163955688,1.8195950984954834,1.5797240734100342,3.182339906692505,1.348256230354309,1.0047342777252197,1.041777491569519,2.100024938583374,4.245945930480957,15.853564262390137,2.210916042327881,1.7395480871200562,0.7352315783500671,21.94207000732422,22.17389488220215,1.7324830293655396,1.0738706588745117,1.2666008472442627,0.8640663623809814,10.401744842529297,20.478271484375,1.787545084953308,21.323041915893555,1.0403200387954712,1.0924631357192993,19.119630813598633,1.1739447116851807,19.613609313964844,18.76983070373535,1.342236042022705,0.9895431399345398,2.245152473449707,1.2332627773284912,1.078044056892395,1.7317242622375488,1.5900447368621826,1.435053825378418,21.089447021484375,1.4946531057357788,1.2267770767211914,1.470489740371704,1.5255837440490723,22.387887954711914,1.020036220550537,1.2894190549850464,6.352519989013672,15.48917293548584,13.986798286437988,20.867652893066406,1.2187429666519165,1.6019245386123657,0.9513813853263855,2.397073268890381,1.3622301816940308,0.5819263458251953,2.429349899291992,1.3929225206375122,1.0442910194396973,1.6152933835983276,1.8899686336517334,1.3483707904815674,1.9524143934249878,21.301733016967773,19.85051727294922,1.1065034866333008
2.249138593673706,22.687728881835938,22.611902236938477,1.1472809314727783,22.768978118896484,22.393774032592773,22.472633361816406,22.739225387573242,2.6851768493652344,22.797447204589844,22.56968116760254,23.23942756652832,3.3237757682800293,22.626041412353516,23.063640594482422,4.789059162139893,22.38785743713379,0.0,21.845577239990234,22.752656936645508,22.519420623779297,22.462566375732422,23.076601028442383,23.04410743713379,22.829246520996094,22.572526931762695,2.4847495555877686,22.553987503051758,22.98931884765625,22.58120346069336,25.700517654418945,23.996789932250977,1.1539911031723022,22.38066864013672,22.962343215942383,23.035503387451172,22.867746353149414,22.18821144104004,23.416540145874023,22.643714904785156,22.662961959838867,22.952011108398438,23.362150192260742,23.698535919189453,27.344776153564453,23.30826187133789,23.175521850585938,22.68057632446289,1.6348111629486084,1.6070504188537598,22.506399154663086,23.02910614013672,22.6109619140625,22.811100006103516,25.80489730834961,3.2984020709991455,22.690181732177734,2.338300943374634,22.875593185424805,22.8128719329834,4.1999688148498535,22.56001091003418,3.018401622772217,3.739780902862549,22.754396438598633,22.528688430786133,22.74518394470215,22.187698364257812,22.467849731445312,22.815086364746094,22.541364669799805,23.29789924621582,2.1185996532440186,22.341663360595703,22.82169532775879,22.65717887878418,22.949167251586914,1.8984375,22.431394577026367,22.929840087890625,23.733631134033203,26.928245544433594,27.351572036743164,2.1665501594543457,22.657798767089844,23.261560440063477,22.985118865966797,23.326040267944336,22.809101104736328,22.511625289916992,23.275348663330078,23.04847526550293,22.803722381591797,22.76835060119629,22.827224731445312,23.144723892211914,23.043394088745117,2.5084877014160156,2.6731653213500977,22.943645477294922
19.700931549072266,1.5381783246994019,1.7136836051940918,20.896461486816406,1.350637435913086,0.8032320141792297,1.0636957883834839,2.684400796890259,21.005727767944336,1.4015822410583496,1.3725807666778564,1.7680991888046265,20.53666877746582,1.2422611713409424,1.4073801040649414,21.679779052734375,1.1649633646011353,21.845577239990234,0.0,1.1162168979644775,1.533570408821106,1.3903626203536987,1.5812857151031494,1.3845748901367188,1.1056792736053467,1.108261227607727,20.84568977355957,1.7616963386535645,1.4419264793395996,1.322677731513977,12.166698455810547,8.239792823791504,20.872852325439453,1.073172926902771,1.4110195636749268,1.508246898651123,1.4598541259765625,0.9405077695846558,3.59574818611145,1.5345513820648193,1.540682315826416,1.4795517921447754,3.0585014820098877,5.299289703369141,16.14385223388672,2.6857283115386963,2.0409226417541504,1.110346794128418,21.428722381591797,21.6674861907959,1.7574142217636108,1.536760926246643,1.3745806217193604,1.3529574871063232,11.28108024597168,19.8521728515625,1.754745602607727,20.792198181152344,1.2305470705032349,1.4373517036437988,18.63566780090332,1.1953060626983643,19.06983757019043,18.246932983398438,1.179877519607544,1.1029857397079468,2.158453941345215,1.2630494832992554,1.22549569606781,1.6671843528747559,1.8525166511535645,1.735684871673584,20.546695709228516,0.8539456725120544,1.3734264373779297,1.26471745967865,1.7072153091430664,21.89497184753418,1.6104193925857544,1.5202795267105103,7.09812593460083,15.851982116699219,14.015049934387207,20.31867027282715,1.1962953805923462,1.8369451761245728,1.6489092111587524,2.2454655170440674,1.4243829250335693,1.4137241840362549,2.0001273155212402,1.3500343561172485,1.328644037246704,1.7591975927352905,1.6981700658798218,1.4642665386199951,2.1024842262268066,20.7213077545166,19.32710838317871,1.468353271484375
20.62014389038086,1.2661192417144775,1.9046598672866821,21.792625427246094,1.1812256574630737,1.064498782157898,0.9986124038696289,2.361793279647827,21.878768920898438,1.139177680015564,1.33567476272583,1.1240323781967163,21.449764251708984,1.090071201324463,1.0803332328796387,22.488265991210938,1.0265320539474487,22.752656936645508,1.1162168979644775,0.15041598677635193,1.5246176719665527,1.2755259275436401,1.1477230787277222,0.8961715698242188,0.9869293570518494,0.9141626358032227,21.70539665222168,2.0902931690216064,1.1438835859298706,1.558224081993103,12.75379753112793,8.682409286499023,21.772537231445312,1.1365770101547241,0.9665867686271667,0.8786153793334961,1.2920870780944824,1.2531428337097168,3.346423625946045,1.553439974784851,1.1565922498703003,1.1112165451049805,2.752629041671753,4.8772501945495605,16.499042510986328,2.0063846111297607,1.569271206855774,0.6089977025985718,22.29348373413086,22.549606323242188,1.8489007949829102,1.002305269241333,1.3974202871322632,0.9434584379196167,10.84296989440918,20.745548248291016,1.9152783155441284,21.65420150756836,0.6622030138969421,1.1439152956008911,19.504880905151367,1.0092394351959229,19.960397720336914,19.13089942932129,0.9617251753807068,0.9686288833618164,2.358184337615967,1.563300609588623,1.166996717453003,1.5656298398971558,1.7178070545196533,1.1414566040039062,21.463909149169922,1.1493754386901855,1.0933889150619507,1.1278455257415771,1.7113103866577148,22.78604507446289,1.3899637460708618,1.3101458549499512,7.217191219329834,16.051050186157227,13.914362907409668,21.19917869567871,0.9628678560256958,1.542555809020996,1.1472560167312622,2.345048427581787,1.4960389137268066,1.3281314373016357,1.834307312965393,1.1357946395874023,1.0936297178268433,1.658778190612793,1.2865898609161377,0.8992236852645874,1.733972430229187,21.580854415893555,20.216522216796875,1.096267819404602
20.388715744018555,0.4382666349411011,0.7504080533981323,21.611156463623047,0.8236793875694275,1.0954750776290894,0.7971484065055847,1.7535309791564941,21.619091033935547,0.5537204146385193,0.5269439220428467,1.1154788732528687,21.260051727294922,0.7100328207015991,1.0077452659606934,22.17965316772461,1.2670766115188599,22.519420623779297,1.533570408821106,1.5246176719665527,0.0,0.8180167078971863,1.0912184715270996,1.00911283493042,1.2015131711959839,1.0414305925369263,21.439401626586914,1.686791181564331,0.8563100099563599,0.9905887246131897,12.098653793334961,8.146953582763672,21.519207000732422,0.5397122502326965,0.7494491934776306,0.9600865840911865,1.2848668098449707,1.1816599369049072,2.7792673110961914,0.255082905292511,0.6220818161964417,1.076645016670227,2.627405881881714,4.418901443481445,15.825034141540527,1.8838728666305542,0.9229378700256348,1.0138176679611206,22.056812286376953,22.344196319580078,0.46438807249069214,0.8513743281364441,0.36707839369773865,0.6586188077926636,10.091998100280762,20.54429054260254,0.7364304661750793,21.42754364013672,1.1108912229537964,0.43809249997138977,19.165904998779297,0.721056342124939,19.732730865478516,18.903642654418945,0.9524112939834595,0.714697003364563,1.8252707719802856,0.4815027415752411,0.4156785011291504,1.4120911359786987,0.8356990218162537,0.97719806432724,21.23980712890625,1.1916415691375732,0.6055285930633545,1.0205858945846558,0.8258463144302368,22.616445541381836,0.6787812113761902,0.5422042012214661,6.676122188568115,15.600275039672852,15.165654182434082,21.068647384643555,0.9708131551742554,1.217971920967102,0.7706928253173828,2.011796474456787,0.8511995673179626,1.0887484550476074,2.889554500579834,1.168625831604004,0.5484091639518738,0.48777905106544495,1.3297361135482788,1.0731146335601807,1.5479423999786377,21.396648406982422,19.96872329711914,0.6589763760566711
