0.6971315741539001,27.86835479736328,28.024789810180664,18.457456588745117,27.415668487548828,27.777326583862305,29.68315887451172,27.91813850402832,17.996950149536133,27.498353958129883,26.72303009033203,27.08332633972168,19.12525749206543,29.98130226135254,27.355928421020508,19.517881393432617,28.64103889465332,18.725786209106445,26.430490493774414,28.395206451416016,28.275070190429688,28.607513427734375,27.21810531616211,27.91151237487793,27.774919509887695,28.598196029663086,19.308752059936523,27.047420501708984,28.00848388671875,27.434383392333984,29.50566291809082,29.827186584472656,18.845882415771484,27.016578674316406,28.908857345581055,28.199918746948242,28.211763381958008,29.859577178955078,28.87703514099121,27.33148193359375,27.812255859375,28.776334762573242,27.91254234313965,29.468366622924805,30.95969009399414,29.08330535888672,28.416751861572266,27.853790283203125,18.687307357788086,19.26995849609375,28.172916412353516,28.302383422851562,27.6512508392334,28.369365692138672,29.35660743713379,19.751859664916992,29.760696411132812,18.91415786743164,28.192523956298828,27.242197036743164,19.473567962646484,28.674646377563477,20.082181930541992,18.906465530395508,27.234872817993164,27.236730575561523,28.44662094116211,27.437952041625977,29.101642608642578,28.755847930908203,28.453266143798828,27.83453369140625,19.679489135742188,28.54885482788086,27.785566329956055,27.594253540039062,29.208642959594727,18.531946182250977,28.51736068725586,26.984724044799805,28.776107788085938,29.162431716918945,28.5732479095459,19.070070266723633,30.21630096435547,28.421239852905273,27.228221893310547,29.227481842041016,27.04065704345703,29.636226654052734,29.545711517333984,28.33281898498535,27.705827713012695,27.836088180541992,28.633394241333008,27.326950073242188,30.231340408325195,19.60672950744629,19.07253074645996,27.608312606811523
27.86835479736328,0.3773728609085083,17.46353530883789,26.220335006713867,15.531018257141113,16.96710968017578,19.477643966674805,16.884227752685547,27.120040893554688,15.138259887695312,15.083330154418945,14.698951721191406,28.296144485473633,19.08403205871582,15.102396011352539,29.397716522216797,17.718957901000977,27.69189453125,14.718245506286621,17.59061622619629,16.64851951599121,17.93366813659668,14.735967636108398,16.033466339111328,16.27041244506836,18.202585220336914,27.690216064453125,15.132549285888672,16.45231056213379,15.518087387084961,18.46079444885254,18.4722900390625,28.25025177001953,15.28040599822998,17.92395782470703,16.63535499572754,17.189350128173828,20.011062622070312,17.802722930908203,15.708125114440918,15.972211837768555,17.6722469329834,16.202898025512695,18.902414321899414,21.59444236755371,17.821674346923828,17.375581741333008,16.037166595458984,26.984882354736328,28.0345516204834,16.849464416503906,17.113664627075195,16.285085678100586,17.214691162109375,19.27945899963379,27.825664520263672,19.446739196777344,27.584659576416016,16.680461883544922,15.533138275146484,27.471403121948242,18.08124542236328,26.70616340637207,26.533349990844727,15.541462898254395,15.416854858398438,16.726051330566406,16.27422332763672,17.666133880615234,18.25882911682129,16.61689567565918,15.348703384399414,28.848285675048828,18.140077590942383,16.554691314697266,15.69900131225586,18.51556968688965,26.354087829589844,17.664236068725586,14.940694808959961,18.408769607543945,18.32083511352539,18.25412368774414,28.47240447998047,20.027389526367188,17.513906478881836,14.993148803710938,18.785091400146484,14.515067100524902,19.366846084594727,18.930252075195312,17.531639099121094,15.87631893157959,16.033048629760742,16.871746063232422,14.807291030883789,19.9796142578125,27.21855354309082,28.53382682800293,16.42422866821289
28.024789810180664,17.46353530883789,0.0,26.27719497680664,17.376005172729492,18.467851638793945,20.667774200439453,18.485679626464844,27.103723526000977,16.808176040649414,16.849620819091797,16.44362449645996,28.402116775512695,20.59840965270996,16.814828872680664,29.175750732421875,19.044654846191406,27.734569549560547,16.41300392150879,19.1766414642334,18.34284782409668,19.336668014526367,16.7073917388916,17.69340705871582,17.823223114013672,19.586265563964844,27.46600341796875,16.89065933227539,18.230775833129883,17.220535278320312,19.630983352661133,19.997201919555664,28.344419479370117,17.055429458618164,19.387474060058594,18.174251556396484,18.8023681640625,21.563579559326172,19.08876609802246,17.353466033935547,17.642772674560547,19.158845901489258,17.974470138549805,20.566593170166016,22.77762794494629,19.50275230407715,18.69870376586914,17.894256591796875,27.139341354370117,28.00625228881836,18.578794479370117,18.7762451171875,17.867938995361328,18.98177146911621,20.829299926757812,27.865463256835938,20.826168060302734,27.507041931152344,18.333633422851562,17.329938888549805,27.39392852783203,19.77530860900879,26.837135314941406,26.648061752319336,17.1392765045166,16.75820541381836,18.676576614379883,17.67062759399414,19.280424118041992,19.606922149658203,18.451093673706055,17.04155731201172,28.73397445678711,19.897716522216797,18.2427978515625,17.5415096282959,19.77222442626953,26.605867385864258,19.05756378173828,16.820528030395508,20.07209014892578,19.979692459106445,19.812122344970703,28.346323013305664,21.013744354248047,18.993946075439453,17.02838897705078,20.07932472229004,16.385299682617188,20.94986343383789,20.410799026489258,19.020437240600586,17.794157028198242,17.738990783691406,18.648880004882812,16.67173957824707,21.173677444458008,27.318466186523438,28.54912567138672,17.815065383911133
18.457456588745117,26.220335006713867,26.27719497680664,0.0,25.602550506591797,26.299528121948242,27.932666778564453,26.265239715576172,17.792699813842773,25.626462936401367,25.041845321655273,25.167688369750977,18.20001983642578,28.124197006225586,25.412790298461914,19.16604232788086,26.619848251342773,18.035140991210938,24.631134033203125,26.51897430419922,26.466222763061523,26.775760650634766,25.41248893737793,25.8420352935791,25.875587463378906,26.767810821533203,18.626466751098633,25.215824127197266,26.127851486206055,25.667407989501953,27.80401039123535,28.07556915283203,18.330482482910156,25.078445434570312,27.101512908935547,26.4415225982666,26.536388397216797,28.25420379638672,27.1461124420166,25.445791244506836,25.924789428710938,27.054059982299805,26.237817764282227,27.741472244262695,29.49226188659668,27.183856964111328,26.583572387695312,25.988662719726562,18.166536331176758,18.425554275512695,26.385498046875,26.595216751098633,25.953880310058594,26.834917068481445,27.656461715698242,19.26526641845703,28.066301345825195,18.60108184814453,26.409883499145508,25.500303268432617,18.58725929260254,27.09718894958496,19.660083770751953,18.31893539428711,25.314706802368164,25.315168380737305,26.625242233276367,25.51604461669922,27.221471786499023,27.128747940063477,26.42831039428711,25.849546432495117,18.863792419433594,26.68085289001465,26.054046630859375,25.90285873413086,27.654672622680664,17.822355270385742,26.636140823364258,25.36133575439453,26.907907485961914,27.59409523010254,27.016176223754883,18.47528076171875,28.6704158782959,26.81899070739746,25.395292282104492,27.727807998657227,25.12810707092285,28.049396514892578,27.91542625427246,26.69656753540039,26.104446411132812,25.868511199951172,26.766868591308594,25.369829177856445,28.585838317871094,18.979135513305664,18.474454879760742,25.878740310668945
27.415668487548828,15.531018257141113,17.376005172729492,25.602550506591797,0.3684113621711731,16.36174201965332,19.1553897857666,16.42860984802246,26.57646369934082,14.741442680358887,14.534446716308594,14.273988723754883,27.90350341796875,18.72097396850586,14.305599212646484,28.883739471435547,16.983335494995117,27.463905334472656,14.304959297180176,17.279829025268555,16.142780303955078,17.416976928710938,14.598971366882324,15.56776237487793,15.845452308654785,18.25448989868164,27.1894588470459,14.716824531555176,16.247573852539062,14.916383743286133,17.9199275970459,18.10693359375,27.76490592956543,14.692739486694336,17.474294662475586,16.12784194946289,16.888378143310547,19.804349899291992,17.534809112548828,15.17815113067627,15.56062126159668,17.41085433959961,15.728939056396484,18.589130401611328,21.190574645996094,17.515100479125977,16.784894943237305,15.708016395568848,26.524959564208984,27.631790161132812,16.299753189086914,16.811437606811523,15.786991119384766,16.98891830444336,18.73444175720215,27.307241439819336,19.22526741027832,27.316036224365234,16.22638702392578,15.090436935424805,27.265817642211914,17.620328903198242,26.395509719848633,26.117237091064453,15.019644737243652,14.661205291748047,16.527006149291992,15.562060356140137,17.093944549560547,17.97484588623047,16.277549743652344,14.790107727050781,28.313570022583008,17.821853637695312,16.172943115234375,15.227849960327148,17.96004295349121,26.0548095703125,17.08551025390625,14.477448463439941,18.08953285217285,18.158117294311523,17.80697250366211,27.993675231933594,19.38152313232422,17.36749267578125,14.557190895080566,18.297060012817383,14.094472885131836,19.344268798828125,18.71303367614746,17.201120376586914,15.396635055541992,15.548137664794922,16.755273818969727,14.430412292480469,19.572717666625977,26.703636169433594,28.216333389282227,16.075542449951172
27.777326583862305,16.96710968017578,18.467851638793945,26.299528121948242,16.36174201965332,0.0,20.08252716064453,17.940563201904297,27.24775505065918,16.051013946533203,15.981328010559082,15.783598899841309,28.311376571655273,20.080810546875,16.061853408813477,29.082889556884766,18.228147506713867,27.714046478271484,15.54491901397705,18.52596664428711,17.689838409423828,18.94746971130371,15.753820419311523,16.795711517333984,17.182104110717773,19.01772689819336,27.488990783691406,16.130416870117188,17.599578857421875,16.446561813354492,19.237632751464844,19.412290573120117,28.126628875732422,16.190837860107422,18.8150691986084,17.416730880737305,18.03923797607422,20.955949783325195,18.85068130493164,16.81088638305664,16.896554946899414,18.46347427368164,16.997215270996094,19.958703994750977,22.232633590698242,19.026796340942383,18.143020629882812,17.01881217956543,26.95709991455078,28.030906677246094,17.806028366088867,17.85195541381836,17.314186096191406,18.303760528564453,19.81536865234375,27.57863998413086,20.323566436767578,27.546878814697266,17.60947036743164,16.618854522705078,27.52511978149414,18.93253517150879,26.883214950561523,26.55984115600586,16.56058120727539,16.220516204833984,17.98955535888672,17.03617286682129,18.380369186401367,18.785982131958008,17.754562377929688,16.37784194946289,28.71181297302246,18.75725555419922,17.451297760009766,16.657583236694336,19.265239715576172,26.54474639892578,18.347984313964844,16.20794677734375,19.07077407836914,19.353628158569336,19.12517738342285,28.487470626831055,20.725337982177734,18.44646453857422,16.13457679748535,19.288854598999023,15.583967208862305,20.278779983520508,19.84593391418457,18.415433883666992,16.767730712890625,16.824079513549805,18.009811401367188,16.12218475341797,20.486513137817383,27.254812240600586,28.468528747558594,17.26296043395996
29.68315887451172,19.477643966674805,20.667774200439453,27.932666778564453,19.1553897857666,20.08252716064453,0.0,19.659536361694336,28.86728858947754,18.805435180664062,18.672109603881836,18.589038848876953,30.109050750732422,21.906213760375977,18.473569869995117,30.91632080078125,20.66583824157715,29.563283920288086,18.251636505126953,20.883424758911133,19.846744537353516,20.927534103393555,18.554332733154297,19.396739959716797,19.7960147857666,20.861970901489258,29.331226348876953,18.668601989746094,19.901771545410156,18.92535972595215,21.512006759643555,21.596099853515625,29.91843605041504,18.718521118164062,21.215526580810547,19.810083389282227,20.483400344848633,22.81582260131836,20.735572814941406,18.867815017700195,19.491918563842773,20.578022003173828,19.80602264404297,21.84919548034668,24.382617950439453,21.268367767333984,20.39034652709961,19.55902862548828,28.975345611572266,29.77866554260254,20.214946746826172,20.490612030029297,19.66892433166504,20.776670455932617,22.084381103515625,29.3123722076416,22.060962677001953,29.173370361328125,19.94855499267578,19.14332389831543,29.299150466918945,21.164581298828125,28.826513290405273,28.396997451782227,18.94283676147461,18.61626434326172,19.955862045288086,19.485977172851562,20.3890323638916,21.242958068847656,20.210634231567383,18.986923217773438,30.73411750793457,21.32210922241211,19.92290687561035,18.99257469177246,21.300342559814453,28.52842903137207,20.780385971069336,18.489595413208008,21.388784408569336,21.23567008972168,21.163076400756836,30.193532943725586,22.46514320373535,20.64824676513672,18.6690616607666,21.54842758178711,18.356739044189453,22.34622573852539,21.988351821899414,20.66921615600586,19.463951110839844,19.33494758605957,20.175193786621094,18.63196563720703,22.671741485595703,29.144716262817383,30.536739349365234,20.001182556152344
27.91813850402832,16.884227752685547,18.485679626464844,26.265239715576172,16.42860984802246,17.940563201904297,19.659536361694336,0.20032627880573273,27.138900756835938,16.292808532714844,16.03611183166504,15.686421394348145,28.40656280517578,19.473278045654297,15.639486312866211,29.297929763793945,18.284793853759766,27.858562469482422,15.64938735961914,18.610002517700195,17.61899757385254,18.5921573638916,15.76954174041748,16.57608985900879,16.91604995727539,18.793243408203125,27.494888305664062,16.05953025817871,17.442588806152344,16.16330909729004,19.079883575439453,19.074846267700195,28.27327537536621,16.105077743530273,18.696290969848633,17.36894416809082,18.101552963256836,20.762155532836914,18.683027267456055,16.35529136657715,16.925466537475586,18.413326263427734,17.137575149536133,19.784046173095703,22.173686981201172,18.613046646118164,17.869155883789062,16.84302520751953,27.050466537475586,28.083858489990234,17.7086238861084,17.915346145629883,17.04275131225586,17.978492736816406,19.779199600219727,27.60671043395996,19.982601165771484,27.630029678344727,17.47689437866211,16.433324813842773,27.630643844604492,18.64533233642578,26.79914093017578,26.563295364379883,16.206323623657227,16.063518524169922,17.806833267211914,16.927406311035156,18.303796768188477,19.093812942504883,17.65925407409668,16.320383071899414,28.945634841918945,18.862506866455078,17.30160903930664,16.40163803100586,19.27185821533203,26.574657440185547,17.963226318359375,16.046802520751953,19.073427200317383,19.173736572265625,18.923606872558594,28.502208709716797,20.4372501373291,18.179473876953125,16.001062393188477,19.351322174072266,15.495101928710938,20.18120574951172,19.467021942138672,18.324718475341797,16.700403213500977,16.95452880859375,17.994787216186523,15.794822692871094,20.243589401245117,27.32680892944336,28.739133834838867,17.49616813659668
17.996950149536133,27.120040893554688,27.103723526000977,17.792699813842773,26.57646369934082,27.24775505065918,28.86728858947754,27.138900756835938,0.0,26.577632904052734,25.98126792907715,26.166885375976562,18.220890045166016,29.203458786010742,26.37557601928711,18.616962432861328,27.601165771484375,17.679210662841797,25.34624671936035,27.527103424072266,27.274267196655273,27.558971405029297,26.23390007019043,26.874317169189453,26.879383087158203,27.712656021118164,18.713327407836914,26.122100830078125,26.863998413085938,26.698734283447266,28.646739959716797,28.96601676940918,18.265214920043945,26.081693649291992,28.268129348754883,27.45917320251465,27.511005401611328,29.230289459228516,28.062856674194336,26.508358001708984,26.96969223022461,27.950477600097656,27.126617431640625,28.741439819335938,30.24688720703125,28.201671600341797,27.484249114990234,27.05910301208496,17.67382049560547,18.384944915771484,27.19477653503418,27.349674224853516,26.96291160583496,27.8769588470459,28.407861709594727,19.3568115234375,28.68144416809082,17.87481117248535,27.381763458251953,26.476367950439453,18.78828239440918,27.689083099365234,19.37735366821289,17.93094253540039,26.345670700073242,26.2338924407959,27.503475189208984,26.45845603942871,28.196239471435547,27.99169158935547,27.429996490478516,26.98352813720703,18.45730209350586,27.653446197509766,26.872770309448242,26.584068298339844,28.330007553100586,17.711694717407227,27.680126190185547,26.078411102294922,27.876802444458008,28.16632080078125,27.777658462524414,17.95338249206543,29.258506774902344,27.66240692138672,26.231773376464844,28.37868309020996,26.22039222717285,29.04938507080078,28.831926345825195,27.553869247436523,26.84864616394043,26.97594451904297,27.927371978759766,26.347454071044922,29.184192657470703,18.834226608276367,17.91317367553711,26.76283073425293
27.498353958129883,15.138259887695312,16.808176040649414,25.626462936401367,14.741442680358887,16.051013946533203,18.805435180664062,16.292808532714844,26.577632904052734,0.1875610202550888,14.020305633544922,13.66969108581543,27.906421661376953,18.241748809814453,14.193194389343262,28.933361053466797,16.715425491333008,27.285140991210938,13.699309349060059,16.86618423461914,15.552159309387207,16.99181365966797,14.059782981872559,14.991045951843262,15.424576759338379,17.349620819091797,27.178056716918945,14.376559257507324,15.888054847717285,14.624800682067871,17.905197143554688,17.57945442199707,27.89293670654297,14.242372512817383,17.209640502929688,15.59933853149414,16.26740074157715,19.64457130432129,17.049503326416016,14.895134925842285,15.101263046264648,16.99130630493164,15.221304893493652,18.379318237304688,21.05340003967285,17.13774299621582,16.59671401977539,15.149584770202637,26.454328536987305,27.55438995361328,16.022205352783203,16.39215660095215,15.48225212097168,16.76386833190918,18.406991958618164,27.31929588317871,18.966650009155273,27.156883239746094,15.73353385925293,14.714471817016602,27.15397071838379,17.326108932495117,26.36711311340332,26.109376907348633,14.675936698913574,14.369742393493652,16.19137191772461,15.228797912597656,16.5880126953125,17.575687408447266,16.019775390625,14.118642807006836,28.460575103759766,17.348901748657227,15.503473281860352,14.946306228637695,17.556501388549805,26.08257293701172,16.96417808532715,14.065330505371094,17.615280151367188,17.844907760620117,17.382078170776367,28.20383644104004,18.889135360717773,16.51910972595215,14.073708534240723,17.897563934326172,13.486523628234863,18.865755081176758,18.200477600097656,17.152374267578125,15.193357467651367,15.064250946044922,16.427932739257812,13.974923133850098,19.372173309326172,26.771940231323242,28.175189971923828,15.761813163757324
26.72303009033203,15.083330154418945,16.849620819091797,25.041845321655273,14.534446716308594,15.981328010559082,18.672109603881836,16.03611183166504,25.98126792907715,14.020305633544922,0.27450960874557495,13.320640563964844,27.29969024658203,18.253231048583984,14.065802574157715,28.183856964111328,16.447917938232422,26.74699592590332,13.602851867675781,16.884410858154297,15.857970237731934,17.059770584106445,13.85911750793457,14.821304321289062,15.148401260375977,17.098217010498047,26.295726776123047,14.192037582397461,15.688905715942383,14.541898727416992,17.75398826599121,17.798500061035156,27.26016616821289,14.096323013305664,16.99031639099121,15.404906272888184,16.30415916442871,19.420772552490234,17.108858108520508,14.740697860717773,14.875040054321289,16.92354393005371,15.081611633300781,18.101957321166992,21.041120529174805,17.173913955688477,16.35440444946289,15.097773551940918,25.98448371887207,27.09307098388672,16.05173683166504,16.261615753173828,15.518798828125,16.714309692382812,18.47099494934082,26.76407814025879,18.7086181640625,26.52302360534668,15.863581657409668,14.684272766113281,26.452198028564453,17.182296752929688,25.679702758789062,25.527894973754883,14.576944351196289,14.449088096618652,15.828791618347168,15.027853012084961,16.539154052734375,17.527997970581055,15.967305183410645,14.21293830871582,27.892839431762695,17.31013298034668,15.533655166625977,14.684764862060547,17.325536727905273,25.493703842163086,16.582124710083008,13.809815406799316,17.51412010192871,17.64230728149414,17.259437561035156,27.39293670654297,19.115894317626953,16.665063858032227,14.016683578491211,17.958782196044922,13.493335723876953,18.555744171142578,18.078203201293945,16.93160057067871,14.851859092712402,15.024284362792969,16.42218589782715,13.901175498962402,19.21996307373047,26.046794891357422,27.640853881835938,15.715317726135254
27.08332633972168,14.698951721191406,16.44362449645996,25.167688369750977,14.273988723754883,15.783598899841309,18.589038848876953,15.686421394348145,26.166885375976562,13.66969108581543,13.320640563964844,0.0,27.417200088500977,17.965538024902344,13.645751953125,28.48827362060547,16.296558380126953,26.91869354248047,13.34178638458252,16.57867431640625,15.125739097595215,16.681365966796875,13.612858772277832,14.564033508300781,14.824158668518066,16.70878028869629,26.577861785888672,13.814586639404297,15.501970291137695,14.122041702270508,17.354917526245117,17.14559555053711,27.357603073120117,13.841078758239746,16.886106491088867,15.257493019104004,15.94507884979248,19.103700637817383,16.65825653076172,14.31617259979248,14.684021949768066,16.720129013061523,14.939897537231445,17.931480407714844,20.5297794342041,16.91944694519043,15.910277366638184,14.652713775634766,26.134746551513672,27.10082244873047,15.695841789245605,15.9083890914917,15.162837982177734,16.22617530822754,18.12622833251953,26.77874183654785,18.476734161376953,26.569398880004883,15.265298843383789,14.410284042358398,26.6839656829834,16.958803176879883,25.972139358520508,25.708635330200195,14.011604309082031,13.844902992248535,15.74107837677002,14.710922241210938,16.369739532470703,17.23175048828125,15.553826332092285,13.831826210021973,27.962133407592773,17.060747146606445,15.31257152557373,14.242138862609863,17.2132568359375,25.6055908203125,16.439271926879883,13.516470909118652,17.40797233581543,17.417888641357422,17.065134048461914,27.538715362548828,18.74439239501953,16.17466163635254,13.753632545471191,17.496280670166016,13.092608451843262,18.47665023803711,17.857484817504883,16.436847686767578,14.590677261352539,14.729479789733887,15.974997520446777,13.483713150024414,18.806522369384766,26.170122146606445,27.88477897644043,15.17330551147461
19.12525749206543,28.296144485473633,28.402116775512695,18.20001983642578,27.90350341796875,28.311376571655273,30.109050750732422,28.40656280517578,18.220890045166016,27.906421661376953,27.29969024658203,27.417200088500977,0.48729586601257324,30.268787384033203,27.501710891723633,19.9915714263916,28.70330238342285,17.885358810424805,26.79800796508789,28.43494415283203,28.478273391723633,28.702638626098633,27.406217575073242,28.01064109802246,28.17353057861328,28.918338775634766,19.497426986694336,27.318605422973633,28.205177307128906,27.773052215576172,29.715232849121094,30.173856735229492,18.155364990234375,27.52273941040039,29.08695411682129,28.720684051513672,28.601045608520508,30.1144962310791,29.248249053955078,27.686248779296875,27.911338806152344,29.122844696044922,28.369291305541992,29.790523529052734,31.360322952270508,29.357646942138672,28.680585861206055,28.213481903076172,18.55327796936035,18.40126609802246,28.458677291870117,28.609779357910156,28.0626163482666,28.996381759643555,29.74762535095215,19.541976928710938,30.0522403717041,18.491043090820312,28.68207359313965,27.737775802612305,19.404951095581055,29.059465408325195,20.200361251831055,18.77791976928711,27.451353073120117,27.471670150756836,28.72264862060547,27.624265670776367,29.376142501831055,29.300668716430664,28.380638122558594,27.998571395874023,18.85117530822754,28.94540023803711,28.255104064941406,27.998964309692383,29.477937698364258,17.8861141204834,28.745861053466797,27.478403091430664,29.112382888793945,29.214855194091797,28.87128448486328,18.267871856689453,30.653152465820312,28.92650604248047,27.574520111083984,29.54987907409668,27.363656997680664,30.140865325927734,30.06719398498535,28.619857788085938,28.133512496948242,28.091020584106445,29.068140029907227,27.64080238342285,30.398231506347656,19.31991958618164,18.142358779907227,27.97996711730957
29.98130226135254,19.08403205871582,20.59840965270996,28.124197006225586,18.72097396850586,20.080810546875,21.906213760375977,19.473278045654297,29.203458786010742,18.241748809814453,18.253231048583984,17.965538024902344,30.268787384033203,0.0,17.872013092041016,31.2592830657959,20.182859420776367,29.877124786376953,17.857797622680664,20.528934478759766,19.491302490234375,20.77614974975586,18.279033660888672,19.070158004760742,19.013086318969727,20.750076293945312,29.54898452758789,18.2183837890625,19.68947982788086,18.574129104614258,21.46870994567871,20.987714767456055,30.294036865234375,18.3543758392334,20.744613647460938,19.536571502685547,20.084423065185547,22.220075607299805,20.650299072265625,18.507198333740234,19.058835983276367,20.41000747680664,19.1759090423584,21.712491989135742,23.980236053466797,20.80670166015625,19.964702606201172,18.95522117614746,28.96994400024414,29.935367584228516,19.847658157348633,20.031450271606445,19.302581787109375,20.201793670654297,21.578100204467773,29.7808837890625,22.209260940551758,29.80021858215332,19.582447052001953,18.740188598632812,29.81682586669922,20.85881996154785,29.07120132446289,28.54710578918457,18.5336971282959,18.30000114440918,19.968111038208008,19.301565170288086,20.27762222290039,21.070587158203125,19.68417739868164,18.470050811767578,30.80536460876465,20.49432945251465,19.504438400268555,18.64611053466797,21.02092742919922,28.57377052307129,20.58769989013672,18.09259033203125,21.087688446044922,21.214475631713867,21.06037139892578,30.392654418945312,22.147823333740234,19.98065185546875,18.313508987426758,21.417037963867188,17.901975631713867,21.880970001220703,21.70305061340332,20.724075317382812,18.939266204833984,18.90767478942871,19.69618034362793,18.045623779296875,22.496553421020508,29.417072296142578,30.611408233642578,19.744340896606445
27.355928421020508,15.102396011352539,16.814828872680664,25.412790298461914,14.305599212646484,16.061853408813477,18.473569869995117,15.639486312866211,26.37557601928711,14.193194389343262,14.065802574157715,13.645751953125,27.501710891723633,17.872013092041016,0.23720620572566986,28.614704132080078,16.461721420288086,27.12199592590332,13.609922409057617,16.80441665649414,15.738729476928711,16.956663131713867,13.94465446472168,14.974374771118164,15.123333930969238,17.433900833129883,26.872522354125977,14.088961601257324,15.751253128051758,14.415782928466797,17.504039764404297,17.78024673461914,27.553834915161133,14.150413513183594,16.798072814941406,15.619134902954102,16.41408348083496,19.270296096801758,16.837493896484375,14.47681713104248,15.194623947143555,17.055604934692383,15.203837394714355,18.102123260498047,20.827163696289062,17.140600204467773,16.18642234802246,15.13442325592041,26.342227935791016,27.391714096069336,16.033552169799805,16.079336166381836,15.4805326461792,16.6519718170166,18.3846492767334,26.994123458862305,18.545494079589844,26.962818145751953,15.76851749420166,14.444195747375488,26.893110275268555,16.98264503479004,26.027254104614258,25.830448150634766,14.368572235107422,13.959044456481934,15.992591857910156,15.010621070861816,16.584678649902344,17.367496490478516,15.746411323547363,14.015246391296387,28.277807235717773,17.30581283569336,15.712678909301758,14.632028579711914,17.64754295349121,25.71598243713379,16.432247161865234,13.833001136779785,17.55080795288086,17.723302841186523,17.41919708251953,27.844581604003906,18.801979064941406,16.346923828125,14.225541114807129,17.991748809814453,13.392480850219727,18.94867706298828,18.2150936126709,16.866806030273438,14.848760604858398,15.068718910217285,16.067235946655273,13.735894203186035,18.869220733642578,26.47307586669922,27.88927459716797,15.625994682312012
19.517881393432617,29.397716522216797,29.175750732421875,19.16604232788086,28.883739471435547,29.082889556884766,30.91632080078125,29.297929763793945,18.616962432861328,28.933361053466797,28.183856964111328,28.48827362060547,19.9915714263916,31.2592830657959,28.614704132080078,0.0,29.855976104736328,18.55183982849121,27.625869750976562,29.469993591308594,29.472896575927734,29.960737228393555,28.582670211791992,28.87797737121582,29.0991153717041,29.775054931640625,20.088769912719727,28.22021484375,29.111682891845703,28.756832122802734,30.693876266479492,31.17938232421875,19.34612464904785,28.374170303344727,30.11031150817871,29.46807098388672,29.496057510375977,31.0344295501709,30.0361328125,28.698989868164062,28.983325958251953,30.086328506469727,29.311464309692383,30.739534378051758,32.203189849853516,30.357797622680664,29.500572204589844,29.125001907348633,19.526973724365234,19.98050880432129,29.60536003112793,29.45511245727539,29.067337036132812,30.071094512939453,30.59208869934082,19.88274574279785,30.812646865844727,19.88854217529297,29.590456008911133,28.588266372680664,20.22525405883789,30.021026611328125,20.662141799926758,19.622865676879883,28.510604858398438,28.278892517089844,29.681713104248047,28.58169937133789,30.57357406616211,30.07246971130371,29.512563705444336,28.993043899536133,19.301198959350586,30.02065086364746,29.174968719482422,28.980844497680664,30.616743087768555,19.35174560546875,29.681941986083984,28.694141387939453,29.90115737915039,30.286663055419922,29.821517944335938,19.488323211669922,31.549129486083984,29.96628761291504,28.476457595825195,30.68058967590332,28.52448081970215,30.831663131713867,30.695890426635742,29.57347869873047,28.93238067626953,28.925107955932617,29.8579158782959,28.599987030029297,31.443525314331055,20.249984741210938,18.842681884765625,29.057727813720703
28.64103889465332,17.718957901000977,19.044654846191406,26.619848251342773,16.983335494995117,18.228147506713867,20.66583824157715,18.284793853759766,27.601165771484375,16.715425491333008,16.447917938232422,16.296558380126953,28.70330238342285,20.182859420776367,16.461721420288086,29.855976104736328,0.1515403538942337,28.310365676879883,16.2076358795166,18.866830825805664,18.062597274780273,19.27215576171875,16.45867347717285,17.287839889526367,17.813325881958008,19.49178695678711,27.99578094482422,16.690631866455078,18.15974235534668,17.047807693481445,19.692209243774414,20.041292190551758,28.817195892333984,16.71562957763672,19.381837844848633,18.104450225830078,18.435758590698242,21.409975051879883,19.2018985748291,17.053321838378906,17.305538177490234,19.148527145385742,17.594560623168945,20.385595321655273,22.519468307495117,19.197946548461914,18.600194931030273,17.359254837036133,27.61692237854004,28.53205680847168,18.40070152282715,18.610963821411133,17.90850067138672,18.742460250854492,20.430538177490234,28.26669692993164,20.69622802734375,28.080589294433594,18.082324981689453,17.147951126098633,28.10112762451172,19.278026580810547,27.5588436126709,27.01543617248535,16.951438903808594,16.74663543701172,18.2767333984375,17.49285888671875,18.897890090942383,19.439380645751953,18.194488525390625,16.79803466796875,29.322158813476562,19.651918411254883,18.11092185974121,17.31315803527832,19.512311935424805,27.191539764404297,18.934627532958984,16.444442749023438,19.5665340423584,19.93215560913086,19.32155418395996,28.95722198486328,21.05853843688965,18.760482788085938,16.646997451782227,19.940853118896484,16.22403335571289,21.218467712402344,20.211698532104492,18.84425163269043,17.263669967651367,17.4412899017334,18.49197006225586,16.45648956298828,20.958232879638672,27.829416275024414,29.150142669677734,17.96676254272461
18.725786209106445,27.69189453125,27.734569549560547,18.035140991210938,27.463905334472656,27.714046478271484,29.563283920288086,27.858562469482422,17.679210662841797,27.285140991210938,26.74699592590332,26.91869354248047,17.885358810424805,29.877124786376953,27.12199592590332,18.55183982849121,28.310365676879883,0.0,26.13433265686035,28.13094139099121,28.04108428955078,28.39757537841797,27.113300323486328,27.537126541137695,27.634920120239258,28.37196922302246,19.270795822143555,26.685394287109375,27.657386779785156,27.095060348510742,29.167861938476562,29.647363662719727,17.886327743530273,26.9171199798584,28.691240310668945,28.01279640197754,27.857986450195312,29.827499389648438,28.595823287963867,27.208148956298828,27.450260162353516,28.4589786529541,27.8029842376709,29.287574768066406,30.95293426513672,28.92919921875,28.12492561340332,27.618200302124023,18.239501953125,18.336538314819336,27.989593505859375,28.138307571411133,27.720420837402344,28.39006996154785,29.05801010131836,19.028852462768555,29.335723876953125,17.74576759338379,28.196866989135742,27.16874122619629,18.64799690246582,28.48487663269043,19.742586135864258,18.117158889770508,26.966642379760742,26.853954315185547,27.976043701171875,27.181241989135742,28.863840103149414,28.58612060546875,28.07052230834961,27.47423553466797,18.397762298583984,28.31291389465332,27.673337936401367,27.591955184936523,28.921510696411133,17.691810607910156,28.25637435913086,26.999055862426758,28.4521484375,28.82778549194336,28.547182083129883,17.98845863342285,30.05805206298828,28.32548713684082,26.96748924255371,28.927976608276367,26.632543563842773,29.615983963012695,29.668628692626953,28.232044219970703,27.447166442871094,27.38017463684082,28.470609664916992,27.09194564819336,29.990398406982422,18.947105407714844,17.62383460998535,27.434818267822266
26.430490493774414,14.718245506286621,16.41300392150879,24.631134033203125,14.304959297180176,15.54491901397705,18.251636505126953,15.64938735961914,25.34624671936035,13.699309349060059,13.602851867675781,13.34178638458252,26.79800796508789,17.857797622680664,13.609922409057617,27.625869750976562,16.2076358795166,26.13433265686035,0.0,16.285717010498047,15.168522834777832,16.648479461669922,13.58653736114502,14.583381652832031,15.02287769317627,16.948591232299805,25.937877655029297,13.55758285522461,15.16840648651123,14.306615829467773,17.170412063598633,17.406200408935547,26.717498779296875,14.042864799499512,16.845115661621094,15.295340538024902,15.861690521240234,19.2281436920166,16.802104949951172,14.245271682739258,14.659192085266113,16.634708404541016,14.859867095947266,17.857961654663086,20.712621688842773,16.68071937561035,15.93026351928711,14.90196418762207,25.464698791503906,26.484575271606445,15.709732055664062,16.183385848999023,15.263276100158691,16.325761795043945,17.906368255615234,26.2354793548584,18.3028507232666,26.11064338684082,15.292696952819824,14.238466262817383,25.96168327331543,17.06707191467285,25.284330368041992,25.073318481445312,14.016605377197266,13.74040412902832,15.892208099365234,14.837908744812012,16.366378784179688,17.003522872924805,15.504561424255371,14.118456840515137,27.275543212890625,16.888713836669922,15.35195541381836,14.211738586425781,17.383670806884766,25.280677795410156,16.196975708007812,13.725175857543945,17.38324737548828,17.366912841796875,17.12801742553711,26.910327911376953,18.951244354248047,16.045682907104492,13.708853721618652,17.45682144165039,12.986580848693848,18.55191993713379,17.80649757385254,16.57723617553711,14.427496910095215,14.668149948120117,15.698904991149902,13.634190559387207,18.571943283081055,25.623350143432617,27.157638549804688,15.22387981414795
28.395206451416016,17.59061622619629,19.1766414642334,26.51897430419922,17.279829025268555,18.52596664428711,20.883424758911133,18.610002517700195,27.527103424072266,16.86618423461914,16.884410858154297,16.57867431640625,28.43494415283203,20.528934478759766,16.80441665649414,29.469993591308594,18.866830825805664,28.13094139099121,16.285717010498047,0.40926241874694824,17.822341918945312,19.49249267578125,16.545480728149414,17.517662048339844,17.71259880065918,19.772659301757812,28.032711029052734,16.923839569091797,18.21170997619629,17.322296142578125,19.81837272644043,19.931215286254883,28.63254737854004,17.11177635192871,19.398040771484375,18.299877166748047,18.868125915527344,21.3151912689209,19.266191482543945,17.217485427856445,17.48116111755371,19.373756408691406,17.671602249145508,20.368783950805664,22.616741180419922,19.23564338684082,18.600677490234375,17.67988395690918,27.566795349121094,28.519779205322266,18.324729919433594,18.75806427001953,18.155574798583984,19.134960174560547,20.340286254882812,28.01237678527832,20.798307418823242,28.061681747436523,18.16038703918457,17.23465919494629,28.028125762939453,19.349323272705078,27.253620147705078,27.041961669921875,17.110578536987305,16.98750114440918,18.514179229736328,17.856292724609375,19.19547462463379,19.787057876586914,17.990480422973633,17.040241241455078,29.060762405395508,19.62297248840332,17.93920135498047,17.32883071899414,19.995466232299805,26.86953353881836,19.060836791992188,16.77680015563965,19.667940139770508,20.129377365112305,19.485698699951172,28.9155216217041,20.97317886352539,19.05288314819336,16.723941802978516,20.130191802978516,16.3131160736084,20.73611068725586,20.285785675048828,19.11349868774414,17.709484100341797,17.825681686401367,18.724672317504883,16.647600173950195,21.17245101928711,27.51728057861328,28.908559799194336,17.967275619506836
28.275070190429688,16.64851951599121,18.34284782409668,26.466222763061523,16.142780303955078,17.689838409423828,19.846744537353516,17.61899757385254,27.274267196655273,15.552159309387207,15.857970237731934,15.125739097595215,28.478273391723633,19.491302490234375,15.738729476928711,29.472896575927734,18.062597274780273,28.04108428955078,15.168522834777832,17.822341918945312,0.0,18.20462417602539,15.594317436218262,16.38146209716797,16.71721839904785,18.731975555419922,27.804296493530273,15.659236907958984,17.280536651611328,16.19599151611328,18.762975692749023,19.22039794921875,28.530866622924805,15.796310424804688,18.539873123168945,17.28565788269043,17.921245574951172,20.60979652404785,18.418317794799805,16.172971725463867,16.400814056396484,18.29324722290039,16.957353591918945,19.463970184326172,22.026100158691406,18.577136993408203,17.641685485839844,16.76177406311035,27.428403854370117,28.376142501831055,17.509424209594727,17.798540115356445,17.133586883544922,18.010175704956055,19.493419647216797,28.131364822387695,19.973249435424805,27.956146240234375,17.2710018157959,16.17133140563965,27.99270248413086,18.540576934814453,27.304716110229492,27.03254508972168,15.97412395477295,15.836885452270508,17.628488540649414,16.898269653320312,18.00278091430664,18.829002380371094,17.3901309967041,15.705997467041016,29.19869041442871,18.94939613342285,17.456966400146484,16.447872161865234,19.12775993347168,26.8199520111084,18.432750701904297,15.691316604614258,19.13017463684082,19.022750854492188,18.70155906677246,28.888080596923828,20.249467849731445,18.07615089416504,15.844317436218262,19.23611831665039,15.38427734375,20.153371810913086,19.23138999938965,18.284421920776367,16.677230834960938,16.589662551879883,17.783504486083984,15.58042049407959,20.426158905029297,27.547494888305664,28.982223510742188,17.098987579345703
