0.0,26.457992553710938,27.906635284423828,18.439353942871094,26.25252914428711,27.115060806274414,26.808839797973633,26.773025512695312,19.808507919311523,27.16823959350586,26.016672134399414,26.953428268432617,20.146800994873047,26.594778060913086,26.352441787719727,21.522743225097656,27.696826934814453,19.498598098754883,27.050914764404297,27.175949096679688,27.26907730102539,26.619094848632812,26.843658447265625,27.59758949279785,28.354084014892578,27.143840789794922,18.413040161132812,27.404788970947266,27.75198745727539,26.854389190673828,28.117568969726562,27.499645233154297,19.086435317993164,27.90787696838379,27.881637573242188,26.997812271118164,28.154186248779297,30.217748641967773,27.649133682250977,25.7315616607666,26.7922420501709,26.911657333374023,29.111919403076172,28.826427459716797,28.175891876220703,29.04734230041504,31.14256477355957,28.002546310424805,19.241119384765625,18.92070770263672,25.652957916259766,27.456836700439453,26.637998580932617,26.329975128173828,29.47466468811035,19.526325225830078,27.84282112121582,19.46634292602539,26.57150650024414,27.434492111206055,19.512365341186523,26.258275985717773,19.409168243408203,18.12184715270996,26.2227725982666,26.66322898864746,27.978071212768555,26.450868606567383,26.35255241394043,28.619319915771484,26.577348709106445,26.725345611572266,19.749481201171875,27.623781204223633,27.005170822143555,27.36094093322754,27.64720916748047,19.689781188964844,26.935016632080078,26.127243041992188,29.876094818115234,26.69915199279785,28.355443954467773,19.056659698486328,27.095407485961914,27.76178741455078,25.866260528564453,27.527099609375,26.311107635498047,28.733503341674805,27.51762580871582,27.58428192138672,27.821365356445312,26.927854537963867,28.690258026123047,27.52594566345215,28.162353515625,20.731966018676758,19.288997650146484,26.161569595336914
26.457992553710938,1.0730178356170654,16.273691177368164,26.767425537109375,14.075896263122559,15.308481216430664,14.528057098388672,15.537787437438965,28.107807159423828,15.480582237243652,13.22949504852295,14.474249839782715,27.286117553710938,14.643218040466309,13.666364669799805,29.317846298217773,16.874971389770508,25.427248001098633,16.266427993774414,15.539579391479492,15.391409873962402,15.412524223327637,14.783595085144043,15.19588851928711,18.34047508239746,15.57052993774414,26.82440757751465,16.031827926635742,16.173830032348633,14.479443550109863,16.717201232910156,15.3004732131958,27.734493255615234,16.25138282775879,16.354232788085938,14.368714332580566,16.942285537719727,20.540403366088867,16.020280838012695,13.359036445617676,14.513093948364258,14.326275825500488,17.634084701538086,17.949363708496094,16.777118682861328,17.539548873901367,21.864662170410156,16.85392189025879,27.715490341186523,28.18706703186035,12.978836059570312,15.721203804016113,14.72027587890625,13.487805366516113,18.890335083007812,27.602170944213867,16.015830993652344,27.44203758239746,14.142998695373535,16.282690048217773,27.566680908203125,13.934101104736328,27.08147430419922,25.910659790039062,14.449095726013184,14.578652381896973,16.929340362548828,14.440814018249512,14.112653732299805,17.2436580657959,13.954726219177246,14.092156410217285,28.380334854125977,16.671077728271484,14.590805053710938,15.897560119628906,16.242786407470703,26.984949111938477,14.832330703735352,13.46969223022461,20.26518440246582,14.800066947937012,18.541259765625,26.25823974609375,15.994292259216309,16.603986740112305,12.721053123474121,15.841160774230957,14.307210922241211,18.122844696044922,16.0754451751709,15.777351379394531,16.572696685791016,14.785741806030273,17.898448944091797,15.491366386413574,17.68368911743164,28.320552825927734,27.478347778320312,13.92849349975586
27.906635284423828,16.273691177368164,0.8822246193885803,28.190584182739258,16.189912796020508,17.560775756835938,16.777584075927734,17.329357147216797,29.207233428955078,17.54119110107422,15.420251846313477,16.545156478881836,28.430683135986328,16.567392349243164,15.93262767791748,30.33525276184082,18.537809371948242,26.657001495361328,18.103057861328125,17.445449829101562,17.268190383911133,17.279781341552734,16.803640365600586,17.084835052490234,19.776016235351562,17.41267204284668,28.198862075805664,17.916336059570312,18.105592727661133,16.351606369018555,18.084409713745117,17.20621109008789,29.031232833862305,17.91148567199707,18.02705192565918,16.177663803100586,18.97315216064453,22.107912063598633,17.79681396484375,15.641117095947266,16.855457305908203,16.48759651184082,19.136638641357422,19.599929809570312,18.360458374023438,19.232463836669922,23.317798614501953,18.738798141479492,28.719871520996094,29.34965705871582,15.34731388092041,17.79393196105957,16.77097511291504,15.694906234741211,20.700807571411133,28.921144485473633,17.946969985961914,28.628053665161133,16.28607749938965,17.869918823242188,28.94217300415039,15.944453239440918,28.439611434936523,27.14220428466797,16.35626220703125,16.65572166442871,18.66985511779785,16.143672943115234,16.321208953857422,18.92873191833496,16.1879825592041,16.108367919921875,29.48895835876465,18.736583709716797,16.738569259643555,17.64299774169922,17.730567932128906,28.182268142700195,16.833717346191406,15.560773849487305,21.792837142944336,16.82573890686035,20.077341079711914,27.570648193359375,17.6756534576416,18.145381927490234,15.045536041259766,17.713375091552734,16.239931106567383,19.869644165039062,17.938343048095703,17.86289405822754,18.655229568481445,16.915605545043945,19.830432891845703,17.322792053222656,19.289731979370117,29.573976516723633,28.67912483215332,16.198928833007812
18.439353942871094,26.767425537109375,28.190584182739258,0.7887143492698669,26.456018447875977,27.27652359008789,26.860061645507812,26.833524703979492,18.46822166442871,27.469301223754883,26.09330177307129,26.955402374267578,20.03958511352539,26.706228256225586,26.39069366455078,20.504810333251953,27.640073776245117,18.625104904174805,26.968931198120117,27.089262008666992,27.304508209228516,26.770509719848633,26.965726852416992,27.752586364746094,28.483736038208008,27.20085906982422,17.93741798400879,27.464733123779297,28.012954711914062,26.746477127075195,28.184919357299805,27.911008834838867,18.086273193359375,27.969255447387695,28.05785369873047,27.22551155090332,28.319276809692383,30.206274032592773,27.77379608154297,26.068531036376953,26.92099952697754,27.328603744506836,29.33264923095703,28.874305725097656,28.062829971313477,28.884078979492188,31.27277374267578,28.193803787231445,18.14427947998047,18.52753448486328,25.78598403930664,27.790651321411133,26.777694702148438,26.50005531311035,29.27464485168457,18.890567779541016,28.04192543029785,18.46592140197754,26.517240524291992,27.639543533325195,18.85781478881836,26.522470474243164,18.401952743530273,17.5627498626709,26.503814697265625,26.735246658325195,28.319293975830078,26.58267593383789,26.555789947509766,28.746925354003906,26.97881507873535,26.943716049194336,19.06557273864746,27.701269149780273,26.988405227661133,27.263525009155273,27.557254791259766,18.286884307861328,26.994646072387695,26.43229103088379,30.163551330566406,27.008914947509766,28.470722198486328,18.981847763061523,27.552223205566406,28.040916442871094,25.97632598876953,27.842065811157227,26.585100173950195,28.74215316772461,27.427852630615234,27.45328140258789,28.24370765686035,26.986360549926758,28.79837989807129,27.675100326538086,28.280075073242188,19.448198318481445,18.91216278076172,26.664180755615234
26.25252914428711,14.075896263122559,16.189912796020508,26.456018447875977,0.0,15.389823913574219,14.515314102172852,15.549568176269531,27.688505172729492,15.765493392944336,13.169641494750977,14.48753547668457,26.86972999572754,14.611572265625,13.67715072631836,29.070648193359375,16.389366149902344,25.2214412689209,16.222965240478516,15.504189491271973,15.314827919006348,15.053972244262695,14.81164264678955,15.07750129699707,18.124406814575195,15.433323860168457,26.64919662475586,15.827685356140137,16.07198143005371,14.429753303527832,16.510087966918945,15.043134689331055,27.54587745666504,16.259071350097656,16.197874069213867,14.438278198242188,16.973554611206055,20.748659133911133,15.973213195800781,13.345396995544434,14.519753456115723,14.180581092834473,17.541217803955078,17.81641960144043,16.51177406311035,17.415224075317383,22.044876098632812,16.936548233032227,27.38545036315918,27.947006225585938,12.959183692932129,15.745318412780762,14.576844215393066,13.595725059509277,18.942888259887695,27.34560775756836,16.004974365234375,27.073287963867188,14.01875114440918,16.175642013549805,27.369094848632812,13.781923294067383,26.907175064086914,25.765544891357422,14.244585037231445,14.586387634277344,16.813865661621094,14.254316329956055,14.10327434539795,17.11789894104004,13.888471603393555,14.0218505859375,27.934947967529297,16.63178253173828,15.009078979492188,15.873092651367188,16.094690322875977,26.775379180908203,14.829598426818848,13.549820899963379,20.073156356811523,14.708296775817871,18.543813705444336,26.098651885986328,15.765523910522461,16.2342472076416,12.575397491455078,15.580342292785645,14.192420959472656,18.299644470214844,16.17527961730957,15.982961654663086,16.621240615844727,14.714204788208008,18.046218872070312,15.615058898925781,17.4553279876709,27.93501853942871,27.366437911987305,14.161457061767578
27.115060806274414,15.308481216430664,17.560775756835938,27.27652359008789,15.389823913574219,1.5693598985671997,15.571125984191895,16.5747013092041,28.53788948059082,16.633779525756836,14.50289535522461,15.630717277526855,27.757776260375977,15.819199562072754,15.010966300964355,29.742416381835938,17.851192474365234,25.902687072753906,17.182641983032227,16.61342430114746,16.707386016845703,16.4562931060791,15.932260513305664,16.313308715820312,19.102954864501953,16.48395347595215,27.204376220703125,17.075973510742188,17.341102600097656,15.619561195373535,17.837400436401367,16.402738571166992,28.11499786376953,17.31481170654297,17.281618118286133,15.498614311218262,18.25666046142578,21.430416107177734,17.316871643066406,14.718451499938965,15.881057739257812,15.509101867675781,18.318071365356445,19.01777458190918,17.705875396728516,18.6958065032959,22.731943130493164,17.92513656616211,28.009031295776367,28.58492088317871,14.34119701385498,16.963972091674805,16.04762840270996,14.825251579284668,19.87728500366211,28.114545822143555,17.031909942626953,27.771915435791016,15.186824798583984,17.180879592895508,28.263046264648438,15.282783508300781,27.46869659423828,26.38368034362793,15.758460998535156,15.8373384475708,17.894683837890625,15.534958839416504,15.386682510375977,18.17197608947754,15.194700241088867,15.384302139282227,28.613876342773438,17.47894859313965,15.843657493591309,17.05213737487793,17.371824264526367,27.244300842285156,15.861522674560547,14.56213092803955,20.95642852783203,15.967954635620117,19.38606071472168,26.792442321777344,16.881711959838867,17.266862869262695,14.014988899230957,16.685977935791016,15.403841018676758,19.31732940673828,17.396373748779297,16.865188598632812,17.457313537597656,16.01348304748535,19.10141944885254,16.789743423461914,18.438983917236328,28.630952835083008,27.893667221069336,15.229750633239746
26.808839797973633,14.528057098388672,16.777584075927734,26.860061645507812,14.515314102172852,15.571125984191895,0.8603687286376953,15.586922645568848,28.04596519470215,15.882903099060059,13.644731521606445,14.884024620056152,27.38405990600586,14.786237716674805,14.01091194152832,29.4105167388916,17.048385620117188,25.73814582824707,15.917572975158691,15.910638809204102,15.741378784179688,15.391473770141602,14.961800575256348,15.126582145690918,18.604276657104492,15.459466934204102,27.018892288208008,16.25691032409668,16.38886070251465,14.610703468322754,16.754955291748047,15.521846771240234,27.8886775970459,16.540433883666992,16.678104400634766,14.634979248046875,17.283708572387695,21.010854721069336,16.340194702148438,13.70022964477539,14.977913856506348,14.532123565673828,17.67913246154785,18.221778869628906,16.952686309814453,17.72134017944336,22.379865646362305,17.497600555419922,27.795394897460938,28.581605911254883,13.3538818359375,16.088136672973633,14.871651649475098,13.716934204101562,19.306026458740234,27.872756958007812,16.424068450927734,27.4309139251709,14.26986026763916,16.543502807617188,27.81658935546875,14.393940925598145,27.242938995361328,26.069599151611328,14.658315658569336,14.946290969848633,17.089778900146484,14.734963417053223,14.136126518249512,17.204395294189453,14.297822952270508,14.359366416931152,28.30611801147461,16.811803817749023,15.1317777633667,16.09092903137207,16.324708938598633,27.08115005493164,15.145259857177734,13.811545372009277,20.307716369628906,15.23936653137207,18.836727142333984,26.42471694946289,16.375179290771484,16.562440872192383,13.058873176574707,15.972051620483398,14.613778114318848,18.554317474365234,16.419191360473633,16.22913360595703,16.87714195251465,15.176918983459473,18.181081771850586,16.008604049682617,17.91472816467285,28.613603591918945,27.700687408447266,14.505925178527832
26.773025512695312,15.537787437438965,17.329357147216797,26.833524703979492,15.549568176269531,16.5747013092041,15.586922645568848,0.0,27.890077590942383,16.841808319091797,14.61882209777832,15.830646514892578,27.44077491760254,15.82259464263916,14.797163963317871,29.318880081176758,18.02147102355957,25.590717315673828,17.28209686279297,16.8337459564209,16.445072174072266,16.242095947265625,16.017019271850586,16.122758865356445,19.015438079833984,16.548402786254883,27.172014236450195,17.174114227294922,17.20237922668457,15.620499610900879,17.94626235961914,16.33179473876953,27.693090438842773,17.405380249023438,17.395082473754883,15.597413063049316,18.15867042541504,21.528959274291992,17.26776695251465,14.699462890625,15.959543228149414,15.57996654510498,18.373538970947266,19.224313735961914,17.96845054626465,18.64858055114746,22.363256454467773,18.024045944213867,27.852323532104492,28.380661010742188,14.283198356628418,16.814794540405273,15.929930686950684,14.900484085083008,19.90585708618164,28.05447769165039,17.039247512817383,27.313268661499023,15.253617286682129,17.142070770263672,27.572418212890625,15.188496589660645,27.056671142578125,26.088733673095703,15.570247650146484,15.92435073852539,17.903114318847656,15.484650611877441,15.453875541687012,18.433183670043945,15.369218826293945,15.24625301361084,28.402793884277344,17.850534439086914,15.781219482421875,16.971628189086914,17.338062286376953,27.259424209594727,16.1361083984375,14.81665325164795,21.19415855407715,16.108123779296875,19.408790588378906,26.650039672851562,16.89339256286621,17.350814819335938,14.08602237701416,16.98448371887207,15.504252433776855,19.336933135986328,17.07666015625,17.233659744262695,17.44805335998535,16.057270050048828,18.711471557617188,16.759092330932617,18.63294219970703,28.527587890625,27.57208251953125,15.558985710144043
19.808507919311523,28.107807159423828,29.207233428955078,18.46822166442871,27.688505172729492,28.53788948059082,28.04596519470215,27.890077590942383,0.0,28.507675170898438,27.248764038085938,28.074485778808594,21.066162109375,27.86503028869629,27.575605392456055,21.797765731811523,28.691585540771484,19.446365356445312,28.383155822753906,28.562210083007812,28.259746551513672,27.979555130004883,28.088899612426758,28.570653915405273,29.585498809814453,28.187829971313477,18.866073608398438,28.634618759155273,29.180757522583008,27.820556640625,29.250167846679688,29.000656127929688,19.77727508544922,28.984657287597656,28.968059539794922,28.32779312133789,29.584278106689453,31.32026481628418,28.80797576904297,27.202241897583008,27.95259666442871,28.34231948852539,30.621349334716797,29.916109085083008,29.55912971496582,29.89411735534668,32.22390365600586,29.47312355041504,19.948762893676758,20.476930618286133,26.96270179748535,28.8242244720459,27.880008697509766,27.586246490478516,30.390878677368164,19.926965713500977,29.072092056274414,19.369958877563477,27.66509437561035,28.826663970947266,20.04204559326172,27.417543411254883,20.01998519897461,19.361133575439453,27.64090347290039,27.931259155273438,29.44285774230957,27.744279861450195,27.658174514770508,29.800901412963867,28.019611358642578,27.883337020874023,19.968212127685547,28.717321395874023,28.091646194458008,28.470739364624023,28.592025756835938,19.793909072875977,28.235166549682617,27.447107315063477,31.423471450805664,27.81987190246582,29.50236701965332,20.140399932861328,28.524574279785156,29.067808151245117,27.1058406829834,28.980579376220703,27.61978530883789,29.821327209472656,28.5865421295166,28.6286678314209,29.01348304748535,28.364896774291992,29.670751571655273,28.79654884338379,29.384605407714844,20.74355125427246,20.34744644165039,27.59560775756836
27.16823959350586,15.480582237243652,17.54119110107422,27.469301223754883,15.765493392944336,16.633779525756836,15.882903099060059,16.841808319091797,28.507675170898438,0.0,14.850886344909668,15.743674278259277,27.947723388671875,15.99700927734375,14.994074821472168,29.91206169128418,18.06058120727539,26.11355972290039,17.3433837890625,16.85980224609375,16.635892868041992,16.503520965576172,16.052282333374023,16.337146759033203,19.06109046936035,16.67620086669922,27.5595760345459,17.272573471069336,17.520160675048828,15.875276565551758,18.01491355895996,16.49227523803711,28.416526794433594,17.517234802246094,17.50736427307129,15.67688274383545,18.21306800842285,21.527280807495117,17.48894691467285,14.91316032409668,16.293811798095703,15.657965660095215,18.76434326171875,19.13944435119629,17.848730087280273,18.60272979736328,22.654203414916992,18.15850830078125,28.360265731811523,28.846677780151367,14.400079727172852,17.104772567749023,16.12793731689453,15.026116371154785,19.769126892089844,28.437929153442383,17.292238235473633,28.18819236755371,15.279460906982422,17.246971130371094,28.344558715820312,15.303983688354492,27.617097854614258,26.570255279541016,15.962878227233887,15.902166366577148,18.275693893432617,15.756012916564941,15.503118515014648,18.480880737304688,15.557384490966797,15.436519622802734,28.90260124206543,17.85340690612793,15.924627304077148,17.23963737487793,17.437835693359375,27.621782302856445,16.159181594848633,14.811708450317383,20.847076416015625,16.3837947845459,19.335216522216797,27.125648498535156,17.352447509765625,17.55524253845215,14.378735542297363,16.838212966918945,15.529583930969238,19.185922622680664,17.56805992126465,17.2877197265625,17.729990005493164,16.236141204833984,19.17787742614746,17.02548599243164,18.78668212890625,28.98164176940918,28.37954330444336,15.51980209350586
26.016672134399414,13.22949504852295,15.420251846313477,26.09330177307129,13.169641494750977,14.50289535522461,13.644731521606445,14.61882209777832,27.248764038085938,14.850886344909668,0.24407030642032623,13.322729110717773,26.800769805908203,13.57412338256836,12.594408988952637,28.508769989013672,15.916407585144043,24.830970764160156,15.439650535583496,14.819684028625488,14.673364639282227,14.585182189941406,13.838634490966797,14.175621032714844,17.48819351196289,14.499494552612305,26.328584671020508,15.426963806152344,15.253777503967285,13.540520668029785,16.047962188720703,14.327366828918457,27.170989990234375,15.225518226623535,15.457350730895996,13.43760871887207,16.311452865600586,19.903894424438477,15.236610412597656,12.598130226135254,13.706073760986328,13.375839233398438,16.688495635986328,17.163419723510742,16.11215591430664,16.702239990234375,21.379613876342773,16.162233352661133,27.012548446655273,27.6673526763916,11.909940719604492,14.819454193115234,13.88221263885498,12.565065383911133,18.31020736694336,27.336820602416992,15.370108604431152,26.78861427307129,13.084871292114258,15.54071044921875,27.002803802490234,12.934442520141602,26.556468963623047,25.33074188232422,13.584263801574707,13.642727851867676,15.92717170715332,13.249521255493164,13.046828269958496,16.411041259765625,13.259246826171875,13.006758689880371,27.608999252319336,15.876629829406738,13.841492652893066,14.958209991455078,15.186599731445312,26.379554748535156,13.845972061157227,12.318764686584473,19.616687774658203,13.959098815917969,17.758607864379883,25.74635887145996,15.03862190246582,15.433450698852539,11.714415550231934,14.864492416381836,13.163151741027832,17.559635162353516,15.401780128479004,15.068755149841309,15.695683479309082,14.030623435974121,17.323129653930664,14.588496208190918,16.93219566345215,27.807689666748047,26.81869125366211,13.01857852935791
26.953428268432617,14.474249839782715,16.545156478881836,26.955402374267578,14.48753547668457,15.630717277526855,14.884024620056152,15.830646514892578,28.074485778808594,15.743674278259277,13.322729110717773,0.0,27.310623168945312,14.980325698852539,13.991103172302246,29.372888565063477,16.857746124267578,25.684934616088867,16.41038703918457,15.943044662475586,15.690425872802734,15.498330116271973,15.018640518188477,15.256786346435547,18.286937713623047,15.457856178283691,26.993959426879883,16.24609375,16.531869888305664,14.779961585998535,16.979307174682617,15.340917587280273,28.017955780029297,16.013635635375977,16.466466903686523,14.853845596313477,17.503599166870117,20.48029327392578,16.31648063659668,13.80189037322998,14.89533805847168,14.550592422485352,17.792341232299805,18.25912094116211,16.93006134033203,17.607677459716797,21.87232208251953,17.356189727783203,27.88799476623535,28.419071197509766,13.348286628723145,15.726420402526855,15.10700798034668,13.950526237487793,19.049663543701172,27.818485260009766,16.07088851928711,27.43404769897461,14.180994033813477,16.3854923248291,27.901472091674805,14.244961738586426,27.231931686401367,26.02532196044922,14.5955228805542,15.002962112426758,17.12400245666504,14.463855743408203,14.265685081481934,17.6038761138916,14.29468059539795,14.437939643859863,28.38435935974121,17.024999618530273,14.975924491882324,16.271230697631836,16.141313552856445,27.12978744506836,15.079995155334473,13.692065238952637,20.492137908935547,14.92455005645752,18.864286422729492,26.566083908081055,16.040964126586914,16.085981369018555,13.0305757522583,16.03746223449707,14.399231910705566,18.479005813598633,16.571901321411133,16.135231018066406,16.849170684814453,14.960135459899902,18.18755340576172,15.649699211120605,17.91044807434082,28.28251075744629,27.675752639770508,14.277180671691895
20.146800994873047,27.286117553710938,28.430683135986328,20.03958511352539,26.86972999572754,27.757776260375977,27.38405990600586,27.44077491760254,21.066162109375,27.947723388671875,26.800769805908203,27.310623168945312,0.0,27.11363983154297,26.773937225341797,22.012004852294922,28.258468627929688,20.16269302368164,27.7158260345459,27.70440673828125,27.81381607055664,27.32452964782715,27.336624145507812,28.109596252441406,28.949241638183594,27.612518310546875,20.09829330444336,28.00460433959961,28.240163803100586,27.314109802246094,28.646228790283203,28.205354690551758,20.221406936645508,28.290433883666992,28.329809188842773,27.532367706298828,28.888153076171875,30.553264617919922,28.11914825439453,26.52957534790039,27.38188362121582,27.77082633972168,29.905433654785156,29.33234977722168,28.820327758789062,29.279382705688477,31.872594833374023,28.669179916381836,20.476428985595703,20.551359176635742,26.29653549194336,28.09489631652832,27.255088806152344,26.88139533996582,29.79508399963379,20.750965118408203,28.392684936523438,20.497522354125977,27.07707405090332,28.24398422241211,20.750869750976562,26.750255584716797,20.771873474121094,18.78187370300293,26.877506256103516,27.375946044921875,28.367359161376953,26.988243103027344,27.087820053100586,29.197200775146484,27.113296508789062,27.15288734436035,20.783153533935547,28.125,27.611051559448242,27.873703002929688,28.019420623779297,20.924833297729492,27.529529571533203,26.882774353027344,30.222789764404297,27.327978134155273,28.87969970703125,20.648164749145508,27.511592864990234,28.478851318359375,26.392728805541992,28.219268798828125,27.016324996948242,28.985668182373047,27.905637741088867,28.139562606811523,28.642189025878906,27.420927047729492,29.085105895996094,28.150753021240234,28.538471221923828,21.399747848510742,20.691843032836914,26.74717140197754
26.594778060913086,14.643218040466309,16.567392349243164,26.706228256225586,14.611572265625,15.819199562072754,14.786237716674805,15.82259464263916,27.86503028869629,15.99700927734375,13.57412338256836,14.980325698852539,27.11363983154297,0.0,13.8909330368042,29.335744857788086,17.176956176757812,25.523733139038086,16.50358009338379,15.88643741607666,15.803696632385254,15.800483703613281,15.096467018127441,15.500819206237793,18.23543930053711,15.532319068908691,26.980371475219727,16.434083938598633,16.458457946777344,14.8475980758667,17.07139778137207,15.475692749023438,27.86220932006836,16.49591636657715,16.651470184326172,14.74437141418457,17.526626586914062,20.839954376220703,16.090261459350586,13.984959602355957,14.971620559692383,14.733968734741211,17.738718032836914,18.246280670166016,16.979019165039062,18.13526153564453,22.19091033935547,17.304601669311523,27.80997085571289,28.33658218383789,13.468206405639648,15.995299339294434,15.168680191040039,14.000557899475098,19.260271072387695,27.781776428222656,16.37446403503418,27.390888214111328,14.308098793029785,16.433340072631836,27.812095642089844,14.274718284606934,27.082935333251953,25.69998550415039,14.921768188476562,14.925498962402344,17.16100311279297,14.46743392944336,14.5111083984375,17.456809997558594,14.522847175598145,14.430870056152344,28.103759765625,16.961151123046875,15.256434440612793,16.179141998291016,16.480220794677734,27.02442169189453,15.107880592346191,13.768169403076172,20.452497482299805,15.280898094177246,18.64276695251465,26.26708984375,16.136411666870117,16.590660095214844,13.019329071044922,15.914996147155762,14.670435905456543,18.43914222717285,16.521175384521484,16.24639320373535,17.037012100219727,15.07403564453125,18.427751541137695,15.893874168395996,17.873388290405273,28.368099212646484,27.47971534729004,14.439765930175781
26.352441787719727,13.666364669799805,15.93262767791748,26.39069366455078,13.67715072631836,15.010966300964355,14.01091194152832,14.797163963317871,27.575605392456055,14.994074821472168,12.594408988952637,13.991103172302246,26.773937225341797,13.8909330368042,1.9823439121246338,28.843801498413086,16.420143127441406,24.994667053222656,16.05270767211914,15.123095512390137,14.99443244934082,14.641583442687988,14.22149658203125,14.613643646240234,17.744441986083984,14.880514144897461,26.58407211303711,15.42136001586914,15.748542785644531,13.9183931350708,16.440351486206055,14.781349182128906,27.61357879638672,15.5470552444458,15.744170188903809,13.792264938354492,16.79192543029785,20.377851486206055,15.53125,13.219489097595215,14.04985523223877,13.887381553649902,17.26199722290039,17.53180694580078,16.118337631225586,17.167232513427734,21.547367095947266,16.468839645385742,27.37812042236328,27.96181869506836,12.352252006530762,15.268047332763672,14.319867134094238,13.038254737854004,18.540102005004883,27.606292724609375,15.564759254455566,27.188739776611328,13.38572883605957,15.457697868347168,27.495027542114258,13.199602127075195,26.66254997253418,25.69479751586914,13.772672653198242,14.04185962677002,16.31582260131836,13.791804313659668,13.793326377868652,16.8591365814209,13.564696311950684,13.590301513671875,27.962446212768555,16.172622680664062,14.319116592407227,15.442654609680176,15.866539001464844,27.041706085205078,14.259077072143555,13.034022331237793,19.795883178710938,14.218955993652344,18.149391174316406,26.251636505126953,15.445879936218262,15.697861671447754,12.057034492492676,15.260114669799805,13.711024284362793,18.08265495300293,15.899986267089844,15.408246994018555,16.0977840423584,14.277454376220703,17.53548240661621,15.15035343170166,17.131669998168945,28.06982421875,27.215377807617188,13.55814266204834
21.522743225097656,29.317846298217773,30.33525276184082,20.504810333251953,29.070648193359375,29.742416381835938,29.4105167388916,29.318880081176758,21.797765731811523,29.91206169128418,28.508769989013672,29.372888565063477,22.012004852294922,29.335744857788086,28.843801498413086,0.0,29.940223693847656,21.3098201751709,29.534061431884766,29.549514770507812,29.772050857543945,29.049711227416992,29.364858627319336,29.91162109375,31.05805206298828,29.54791259765625,20.982088088989258,29.96029281616211,30.339855194091797,29.397016525268555,30.6556453704834,30.201278686523438,20.72306251525879,30.19430923461914,30.37668800354004,29.57384490966797,30.721548080444336,32.59135437011719,30.049388885498047,28.48013687133789,29.467506408691406,29.682598114013672,31.529220581054688,31.1376895904541,30.557546615600586,31.271961212158203,33.08687210083008,30.59812355041504,21.172353744506836,21.236644744873047,28.25749969482422,30.25309944152832,29.114686965942383,28.9213809967041,31.784168243408203,21.56992530822754,30.35731315612793,21.613142013549805,29.202903747558594,30.041425704956055,22.014909744262695,28.853025436401367,21.60039710998535,20.786300659179688,28.921398162841797,29.310317993164062,30.55048370361328,29.1041202545166,29.160871505737305,31.192195892333984,29.17958641052246,29.186145782470703,21.932401657104492,30.06529426574707,29.364294052124023,29.510723114013672,29.966909408569336,21.27454948425293,29.664201736450195,28.793869018554688,32.32423782348633,29.23248291015625,30.852487564086914,21.431758880615234,29.812532424926758,30.386974334716797,28.495391845703125,30.121450424194336,29.142698287963867,30.978492736816406,29.65486717224121,29.910968780517578,30.587940216064453,29.677152633666992,31.081829071044922,30.169475555419922,30.594005584716797,22.56102752685547,21.20590591430664,28.906723022460938
27.696826934814453,16.874971389770508,18.537809371948242,27.640073776245117,16.389366149902344,17.851192474365234,17.048385620117188,18.02147102355957,28.691585540771484,18.06058120727539,15.916407585144043,16.857746124267578,28.258468627929688,17.176956176757812,16.420143127441406,29.940223693847656,0.0,26.328083038330078,18.53238296508789,17.822914123535156,17.817378997802734,17.73844337463379,17.28565788269043,17.4829158782959,20.37145233154297,17.780288696289062,27.895713806152344,18.253826141357422,18.455156326293945,16.896282196044922,18.849267959594727,17.656940460205078,28.510448455810547,18.240873336791992,18.61794662475586,16.77109146118164,19.301219940185547,22.522146224975586,18.37337875366211,16.04400634765625,17.05084800720215,16.936635971069336,19.615318298339844,19.73134994506836,18.670116424560547,19.267797470092773,23.642995834350586,19.160226821899414,28.567747116088867,29.176206588745117,15.715239524841309,17.989009857177734,17.181930541992188,16.236652374267578,20.892230987548828,28.810144424438477,18.34587860107422,28.091978073120117,16.393178939819336,18.423538208007812,28.787221908569336,16.486915588378906,28.064571380615234,26.97007179260254,16.70899200439453,17.0173397064209,18.745624542236328,16.78255844116211,16.6178035736084,19.274412155151367,16.50790023803711,16.67500114440918,29.29300308227539,19.112281799316406,17.057748794555664,18.30978012084961,18.620332717895508,28.11864471435547,16.985862731933594,15.844088554382324,22.28959846496582,17.212907791137695,20.397705078125,27.332962036132812,18.180599212646484,18.549053192138672,15.423513412475586,17.924346923828125,16.87413215637207,20.58611297607422,18.404022216796875,18.23651123046875,18.637710571289062,17.39687728881836,20.07741355895996,17.707006454467773,19.35260772705078,29.240617752075195,28.49658966064453,16.875492095947266
19.498598098754883,25.427248001098633,26.657001495361328,18.625104904174805,25.2214412689209,25.902687072753906,25.73814582824707,25.590717315673828,19.446365356445312,26.11355972290039,24.830970764160156,25.684934616088867,20.16269302368164,25.523733139038086,24.994667053222656,21.3098201751709,26.328083038330078,1.1236971616744995,25.98799705505371,26.007286071777344,26.13400650024414,25.26567840576172,25.750246047973633,26.40625,27.48490333557129,25.841293334960938,18.541654586791992,26.23250961303711,26.574628829956055,25.530771255493164,26.809932708740234,26.419912338256836,18.684598922729492,26.353979110717773,26.62296485900879,25.50009536743164,27.054777145385742,29.126558303833008,26.356536865234375,24.71669578552246,25.783578872680664,25.80006980895996,28.154029846191406,27.54371452331543,27.1525821685791,27.838050842285156,30.152963638305664,26.985763549804688,19.60124969482422,19.92074203491211,24.3553409576416,26.6467227935791,25.37263298034668,24.975299835205078,28.25374984741211,19.78665542602539,26.34339714050293,19.379308700561523,25.28785514831543,26.286710739135742,19.67246437072754,25.04180145263672,19.240562438964844,18.31940460205078,25.302003860473633,25.355249404907227,26.83783721923828,25.137842178344727,25.22541046142578,27.3680419921875,25.478755950927734,25.548208236694336,19.83486557006836,26.384607315063477,25.47612953186035,26.22279167175293,26.208932876586914,19.81708335876465,25.56968116760254,25.064857482910156,28.904104232788086,25.397445678710938,27.27281951904297,19.36539649963379,26.16056251525879,26.73747444152832,24.556514739990234,26.456737518310547,25.1514949798584,27.499805450439453,26.20986557006836,26.43716812133789,26.714529037475586,25.832563400268555,27.585166931152344,26.471866607666016,26.850297927856445,20.16448402404785,19.741716384887695,25.22407341003418
27.050914764404297,16.266427993774414,18.103057861328125,26.968931198120117,16.222965240478516,17.182641983032227,15.917572975158691,17.28209686279297,28.383155822753906,17.3433837890625,15.439650535583496,16.41038703918457,27.7158260345459,16.50358009338379,16.05270767211914,29.534061431884766,18.53238296508789,25.98799705505371,0.0,16.734455108642578,17.22062110900879,17.08477783203125,16.81052589416504,16.765384674072266,19.79408073425293,17.268417358398438,27.2508602142334,17.64432716369629,17.84298324584961,16.46198844909668,18.268211364746094,17.01338005065918,28.06502342224121,18.033254623413086,17.915328979492188,16.523242950439453,18.700847625732422,22.094633102416992,17.676536560058594,15.641366004943848,16.681442260742188,16.185117721557617,18.933244705200195,19.46308135986328,18.443246841430664,19.03219985961914,23.3804931640625,18.907283782958984,28.24808120727539,28.63407325744629,15.187274932861328,17.560497283935547,16.779388427734375,15.779022216796875,20.417707443237305,28.009675979614258,17.909549713134766,27.600828170776367,16.023115158081055,18.148906707763672,27.957435607910156,16.074321746826172,27.486608505249023,26.51105308532715,16.41963768005371,16.630022048950195,18.783485412597656,16.43337059020996,16.0344181060791,18.82204818725586,16.293781280517578,16.14067840576172,28.70230484008789,18.218963623046875,16.694374084472656,17.601991653442383,17.901613235473633,27.31922149658203,16.831134796142578,15.57225513458252,21.30608367919922,16.732995986938477,19.8414363861084,26.821712493896484,17.940847396850586,18.1387882232666,14.686336517333984,17.85340690612793,16.215377807617188,19.857378005981445,17.838823318481445,17.803918838500977,18.44475555419922,16.77036476135254,19.396963119506836,17.425399780273438,19.158084869384766,28.433979034423828,27.747167587280273,15.97085952758789
27.175949096679688,15.539579391479492,17.445449829101562,27.089262008666992,15.504189491271973,16.61342430114746,15.910638809204102,16.8337459564209,28.562210083007812,16.85980224609375,14.819684028625488,15.943044662475586,27.70440673828125,15.88643741607666,15.123095512390137,29.549514770507812,17.822914123535156,26.007286071777344,16.734455108642578,0.0,16.58907127380371,16.54108238220215,16.106517791748047,16.4321231842041,18.900619506835938,16.498491287231445,27.496822357177734,17.14064598083496,17.383991241455078,15.61233901977539,17.82888412475586,16.33316993713379,28.32467269897461,17.58136749267578,17.47333335876465,15.86106014251709,18.269948959350586,21.643688201904297,17.48749542236328,14.819091796875,16.070096969604492,15.57087516784668,18.363916397094727,19.081369400024414,17.785999298095703,18.3489933013916,22.833681106567383,18.03514862060547,28.249826431274414,28.618619918823242,14.589433670043945,16.885818481445312,16.057331085205078,14.989774703979492,19.959701538085938,28.29305648803711,17.0057430267334,27.94607925415039,15.416261672973633,17.208253860473633,28.278884887695312,15.334868431091309,27.69234848022461,26.47225570678711,15.891477584838867,15.860660552978516,17.8718318939209,15.731170654296875,15.528609275817871,18.593093872070312,15.372554779052734,15.271085739135742,28.643842697143555,17.892745971679688,16.159574508666992,17.249547958374023,17.350027084350586,27.59221076965332,16.062255859375,14.853779792785645,21.029647827148438,16.19187355041504,19.522123336791992,26.6947078704834,17.02594566345215,17.46399688720703,14.231244087219238,17.030906677246094,15.444330215454102,19.2882137298584,17.254159927368164,16.966678619384766,18.144977569580078,16.00238037109375,19.079986572265625,16.898710250854492,18.630294799804688,28.796175003051758,28.22044563293457,15.607833862304688
27.26907730102539,15.391409873962402,17.268190383911133,27.304508209228516,15.314827919006348,16.707386016845703,15.741378784179688,16.445072174072266,28.259746551513672,16.635892868041992,14.673364639282227,15.690425872802734,27.81381607055664,15.803696632385254,14.99443244934082,29.772050857543945,17.817378997802734,26.13400650024414,17.22062110900879,16.58907127380371,0.0,16.084918975830078,15.908306121826172,15.956269264221191,19.168582916259766,16.372406005859375,27.369808197021484,17.07036781311035,17.14662742614746,15.709365844726562,17.567171096801758,16.399314880371094,28.251209259033203,17.466318130493164,17.41934585571289,15.683826446533203,17.89397430419922,21.4422607421875,16.985172271728516,14.650952339172363,15.98843002319336,15.62600040435791,18.392662048339844,18.814680099487305,17.665124893188477,18.413358688354492,22.4531192779541,18.050413131713867,28.165769577026367,28.845458984375,14.319321632385254,16.834558486938477,15.886253356933594,14.821430206298828,19.668170928955078,28.1374454498291,16.917078018188477,27.991592407226562,15.162755966186523,17.23201560974121,28.062639236450195,15.12674331665039,27.72403335571289,26.70211410522461,15.754897117614746,15.777752876281738,17.85017967224121,15.436361312866211,15.376111030578613,18.3510684967041,15.42041015625,15.415343284606934,28.864242553710938,17.536123275756836,15.887821197509766,16.767044067382812,17.278226852416992,27.471967697143555,15.838541030883789,14.735029220581055,21.124305725097656,15.950209617614746,19.44654083251953,26.968551635742188,16.918838500976562,17.358129501342773,14.022686958312988,16.916528701782227,15.664045333862305,19.307872772216797,17.110851287841797,16.94778823852539,17.54631233215332,15.994658470153809,18.888809204101562,16.648216247558594,18.421974182128906,28.76470375061035,28.311965942382812,15.362228393554688
