0.0,26.632150650024414,27.247528076171875,19.475820541381836,25.663196563720703,26.613920211791992,26.49666404724121,28.58133316040039,18.44660758972168,27.271278381347656,26.67249298095703,26.671741485595703,18.945079803466797,27.382169723510742,26.037494659423828,19.23891258239746,26.6032772064209,18.897544860839844,26.78784942626953,26.475261688232422,27.003326416015625,26.533458709716797,25.59182357788086,27.176992416381836,26.254650115966797,25.691129684448242,18.582164764404297,26.638641357421875,26.57637596130371,27.166336059570312,28.299182891845703,28.2414608001709,18.614065170288086,26.400665283203125,27.053855895996094,26.48379898071289,27.25365447998047,27.78731346130371,27.33346176147461,27.346267700195312,28.003522872924805,27.69354820251465,26.904617309570312,28.0399227142334,28.368133544921875,29.04710578918457,28.625886917114258,27.232900619506836,18.945646286010742,18.714811325073242,25.80430793762207,27.54444122314453,25.7851505279541,26.423791885375977,26.924917221069336,18.44766616821289,27.668535232543945,18.419668197631836,29.47728157043457,28.015655517578125,20.480459213256836,25.483488082885742,18.86161994934082,16.658536911010742,26.503870010375977,26.60265350341797,28.230426788330078,25.928688049316406,25.568077087402344,27.93928337097168,27.493642807006836,26.08487892150879,18.753280639648438,28.84139633178711,26.00371742248535,26.311906814575195,27.279584884643555,18.364473342895508,26.380590438842773,25.118839263916016,27.642810821533203,28.336307525634766,31.010866165161133,18.931310653686523,27.456090927124023,29.482450485229492,25.761564254760742,26.42632293701172,26.425029754638672,26.430517196655273,27.11174774169922,29.195077896118164,26.013517379760742,26.157407760620117,26.933202743530273,26.075742721557617,27.522789001464844,19.17945671081543,19.35785484313965,26.311405181884766
26.632150650024414,0.0,16.118003845214844,26.566268920898438,14.729693412780762,15.766081809997559,15.93419075012207,19.08513069152832,27.933076858520508,17.21954345703125,15.801472663879395,16.28166961669922,27.594688415527344,17.50370979309082,14.974979400634766,27.288408279418945,16.259252548217773,27.323314666748047,16.393030166625977,15.816020011901855,16.648069381713867,16.270719528198242,14.201672554016113,16.071889877319336,15.452548027038574,14.9356689453125,28.24303436279297,15.590681076049805,15.705355644226074,16.378040313720703,17.909713745117188,18.15070915222168,27.51058006286621,16.18448257446289,16.1716251373291,15.48197078704834,16.93946075439453,17.95042610168457,16.642026901245117,17.63787841796875,18.074174880981445,16.433727264404297,15.6185302734375,17.681730270385742,18.244327545166016,19.314851760864258,18.783876419067383,15.966425895690918,26.633947372436523,27.28753089904785,14.898353576660156,16.842792510986328,14.729262351989746,15.314764022827148,16.548519134521484,26.62679672241211,16.848648071289062,27.762596130371094,19.760406494140625,17.7938232421875,30.108867645263672,15.015064239501953,25.759668350219727,25.9022159576416,15.951678276062012,15.892091751098633,18.488990783691406,15.100089073181152,14.065520286560059,17.899295806884766,16.790790557861328,14.945016860961914,27.298141479492188,19.825878143310547,14.301237106323242,15.204144477844238,17.028783798217773,26.984622955322266,15.700069427490234,13.512364387512207,17.136714935302734,18.556106567382812,22.213056564331055,27.79311180114746,17.899049758911133,20.66156768798828,14.547235488891602,15.221348762512207,15.18065071105957,16.058364868164062,15.903364181518555,20.465076446533203,15.4005126953125,15.772181510925293,16.096540451049805,14.005195617675781,16.993650436401367,29.080320358276367,28.915555953979492,14.90189266204834
27.247528076171875,16.118003845214844,0.0,26.78744888305664,15.667099952697754,16.73565101623535,16.65680694580078,19.486297607421875,28.650917053222656,17.766469955444336,16.35536766052246,16.785032272338867,28.199779510498047,17.892009735107422,15.881180763244629,28.0035400390625,17.000459671020508,28.024089813232422,17.046466827392578,16.713024139404297,17.185142517089844,17.039161682128906,15.181422233581543,16.88995361328125,16.177030563354492,15.625624656677246,29.11116600036621,16.318395614624023,16.510087966918945,16.898189544677734,18.471155166625977,18.775503158569336,28.345455169677734,17.028268814086914,16.819759368896484,16.115488052368164,17.871421813964844,18.8316707611084,17.294836044311523,17.918216705322266,18.900671005249023,17.19823455810547,16.682964324951172,18.379915237426758,19.173601150512695,19.93630027770996,19.03504753112793,16.607633590698242,27.4539737701416,28.035987854003906,15.911038398742676,17.58431053161621,15.802769660949707,15.87416934967041,17.31069564819336,27.590229034423828,17.59103012084961,28.511049270629883,20.47705078125,18.601181030273438,30.819835662841797,15.850713729858398,26.460521697998047,26.41954231262207,16.692590713500977,16.390647888183594,19.309921264648438,15.834687232971191,14.994888305664062,18.678430557250977,17.467939376831055,15.68840217590332,27.947355270385742,20.151695251464844,15.080513000488281,16.094175338745117,17.8055362701416,27.60034942626953,16.27090072631836,14.480051040649414,18.122629165649414,19.28611183166504,22.61109733581543,28.554977416992188,18.618207931518555,21.2159423828125,15.128034591674805,16.04062843322754,15.870231628417969,16.551618576049805,16.67473793029785,20.733991622924805,16.004486083984375,16.58070945739746,16.902379989624023,14.764657974243164,17.736488342285156,29.614681243896484,29.389507293701172,15.957554817199707
19.475820541381836,26.566268920898438,26.78744888305664,0.0,25.212553024291992,25.987939834594727,25.976720809936523,28.344629287719727,20.182565689086914,26.994104385375977,26.083436965942383,26.266159057617188,20.344614028930664,27.067245483398438,25.497777938842773,20.700571060180664,26.176067352294922,19.785642623901367,26.337299346923828,26.093544006347656,26.580581665039062,26.261493682861328,25.118877410888672,26.614490509033203,25.943635940551758,25.328081130981445,19.995311737060547,26.06825065612793,26.103179931640625,26.582290649414062,28.058359146118164,27.454631805419922,19.700986862182617,25.91399574279785,26.38723373413086,26.096052169799805,26.97694969177246,27.453886032104492,26.579038619995117,26.993488311767578,27.245824813842773,26.83807373046875,26.184049606323242,27.542137145996094,27.7366943359375,28.739501953125,28.138139724731445,26.976806640625,19.90472984313965,19.909364700317383,25.39296531677246,27.224544525146484,25.550233840942383,25.875019073486328,26.555458068847656,20.214595794677734,27.087873458862305,19.455001831054688,28.979148864746094,27.592086791992188,21.420364379882812,25.184282302856445,19.662683486938477,18.159637451171875,25.93793296813965,26.06382942199707,28.086727142333984,25.667190551757812,25.049365997314453,27.324493408203125,27.06838035583496,25.388946533203125,20.216045379638672,28.074798583984375,25.373865127563477,25.721370697021484,26.743793487548828,19.946754455566406,25.883527755737305,24.73126983642578,27.149919509887695,28.014888763427734,30.316076278686523,20.64381217956543,27.167665481567383,28.893966674804688,25.242843627929688,25.943805694580078,26.21331214904785,26.04274559020996,26.553638458251953,28.906402587890625,25.576173782348633,25.571571350097656,26.41388511657715,25.55352020263672,26.9829044342041,20.319589614868164,20.52140235900879,25.635478973388672
25.663196563720703,14.729693412780762,15.667099952697754,25.212553024291992,0.0,14.791784286499023,15.004491806030273,18.419111251831055,27.142545700073242,16.538070678710938,14.695576667785645,15.253073692321777,26.65656089782715,16.369064331054688,13.91663932800293,26.28985023498535,15.090676307678223,26.45978355407715,15.449641227722168,15.123159408569336,15.65546989440918,15.148709297180176,13.269111633300781,15.025564193725586,14.637548446655273,14.105524063110352,27.664581298828125,14.586119651794434,14.881694793701172,15.410274505615234,17.118013381958008,17.402069091796875,26.655115127563477,15.424399375915527,15.079995155334473,14.480961799621582,16.308637619018555,17.455299377441406,15.717724800109863,16.44611167907715,17.1622257232666,15.823766708374023,14.736023902893066,16.886280059814453,17.546283721923828,18.42038345336914,18.018112182617188,14.76234245300293,25.5113525390625,26.416749954223633,13.850661277770996,16.1745548248291,13.79732608795166,14.23241138458252,15.547401428222656,25.787443161010742,16.01592254638672,26.859970092773438,19.1457462310791,17.106800079345703,29.418418884277344,13.899260520935059,24.959028244018555,24.98093032836914,15.06399154663086,14.897436141967773,17.8648624420166,14.069199562072754,13.117780685424805,17.070024490356445,15.936396598815918,13.937114715576172,26.51020622253418,18.648422241210938,13.317084312438965,14.001569747924805,16.41276741027832,26.000394821166992,14.499797821044922,12.422769546508789,16.26273536682129,17.900222778320312,21.50631332397461,26.900278091430664,17.249462127685547,19.993650436401367,13.36042594909668,14.083803176879883,14.180201530456543,14.83976936340332,15.132326126098633,19.683406829833984,14.114556312561035,14.632476806640625,15.359589576721191,13.01546573638916,16.28316879272461,27.98737144470215,27.954832077026367,14.226715087890625
26.613920211791992,15.766081809997559,16.73565101623535,25.987939834594727,14.791784286499023,1.2577881813049316,15.841900825500488,19.32084083557129,28.002511978149414,17.29170036315918,15.920180320739746,16.356412887573242,27.397857666015625,17.321212768554688,15.181197166442871,27.105731964111328,16.20998764038086,27.21019172668457,16.4385986328125,15.858227729797363,16.922733306884766,16.38298988342285,14.256303787231445,16.007932662963867,15.5344877243042,14.829466819763184,28.31536293029785,15.467581748962402,15.885823249816895,16.418804168701172,18.164020538330078,18.027620315551758,27.18918800354004,16.16621971130371,16.29923439025879,15.546772956848145,17.262704849243164,18.293106079101562,17.02373695373535,17.52375602722168,18.149417877197266,16.6217098236084,15.681304931640625,17.892528533935547,18.32590675354004,19.41065216064453,18.721593856811523,16.018817901611328,26.579204559326172,27.323278427124023,15.057571411132812,16.934473037719727,14.971620559692383,15.261170387268066,16.660030364990234,26.639118194580078,16.896427154541016,27.531232833862305,19.862049102783203,18.07833480834961,30.1087703704834,14.820738792419434,25.618234634399414,25.65920066833496,15.99627685546875,15.72958755493164,18.61931037902832,15.06674575805664,14.31413745880127,17.800819396972656,16.904170989990234,15.059322357177734,27.16345977783203,19.425689697265625,14.24057388305664,15.337224960327148,17.272178649902344,26.711877822875977,15.691141128540039,13.49200439453125,17.20867919921875,18.746145248413086,22.38396644592285,27.642105102539062,17.90515899658203,20.67616844177246,14.57490062713623,15.099830627441406,15.286457061767578,15.902780532836914,15.83530330657959,20.334218978881836,15.39791202545166,15.742185592651367,16.400386810302734,14.235978126525879,17.083148956298828,28.81205940246582,28.80631446838379,15.301048278808594
26.49666404724121,15.93419075012207,16.65680694580078,25.976720809936523,15.004491806030273,15.841900825500488,0.3292391896247864,19.067930221557617,27.78163719177246,17.414691925048828,16.04781150817871,16.499792098999023,27.232864379882812,17.19338035583496,15.098440170288086,27.06224822998047,16.165464401245117,27.053945541381836,16.569543838500977,16.253305435180664,16.867706298828125,16.27161979675293,14.302807807922363,16.067453384399414,15.670589447021484,14.846776008605957,28.36338233947754,15.601889610290527,16.067697525024414,16.560997009277344,18.274892807006836,18.184734344482422,27.4049129486084,16.628612518310547,16.27111053466797,15.669312477111816,17.23838996887207,18.409460067749023,16.806806564331055,17.41121482849121,18.237688064575195,16.598722457885742,15.891693115234375,17.787015914916992,18.515090942382812,19.439332962036133,18.98956298828125,16.026071548461914,26.32352066040039,27.121129989624023,15.202859878540039,17.0350341796875,15.068106651306152,15.538762092590332,16.699434280395508,26.52462387084961,17.183067321777344,27.63652229309082,19.753658294677734,17.873689651489258,30.165769577026367,15.105812072753906,25.643667221069336,25.581575393676758,16.15546417236328,15.933271408081055,18.558395385742188,15.249903678894043,14.263460159301758,17.809154510498047,17.228530883789062,15.091323852539062,27.097768783569336,19.564870834350586,14.451022148132324,15.27546501159668,17.151268005371094,26.791439056396484,15.582755088806152,13.800050735473633,17.541385650634766,18.90519142150879,22.476051330566406,27.52885627746582,18.144548416137695,20.80785369873047,14.769882202148438,15.268590927124023,15.37769889831543,15.931463241577148,16.12602996826172,20.468486785888672,15.451979637145996,15.930268287658691,16.40678596496582,14.317002296447754,17.363615036010742,28.80150032043457,28.612186431884766,15.466981887817383
28.58133316040039,19.08513069152832,19.486297607421875,28.344629287719727,18.419111251831055,19.32084083557129,19.067930221557617,1.4463045597076416,29.92583656311035,20.224641799926758,19.02924919128418,19.543920516967773,29.568859100341797,20.248577117919922,18.347530364990234,29.33399772644043,19.250125885009766,29.308151245117188,19.49085807800293,18.99336814880371,19.890668869018555,19.1259708404541,17.86021614074707,19.003957748413086,18.59965705871582,18.117347717285156,30.588354110717773,18.977191925048828,19.215675354003906,19.668020248413086,20.66995620727539,20.919160842895508,29.524816513061523,19.375402450561523,19.385204315185547,18.836519241333008,20.30341148376465,20.793394088745117,19.649839401245117,20.252941131591797,20.95125389099121,19.697467803955078,19.031814575195312,20.53538703918457,21.33171272277832,21.834829330444336,21.248920440673828,19.13416290283203,28.736597061157227,29.649219512939453,18.381668090820312,19.957841873168945,18.133941650390625,18.685487747192383,19.793193817138672,28.875709533691406,20.03437042236328,29.976341247558594,22.653749465942383,20.777748107910156,32.015132904052734,18.251150131225586,28.0357608795166,27.867904663085938,19.438505172729492,19.04930305480957,21.374794006347656,18.475200653076172,17.838193893432617,20.887813568115234,19.8602294921875,18.130144119262695,29.415813446044922,22.240562438964844,17.63726806640625,18.505701065063477,20.00651741027832,29.13882827758789,18.79084014892578,17.492101669311523,20.414623260498047,21.867855072021484,24.590652465820312,29.61417007446289,20.516523361206055,23.16615867614746,17.779052734375,18.560420989990234,18.530881881713867,19.031993865966797,19.007579803466797,23.00212287902832,18.63042640686035,19.07384490966797,19.41281509399414,17.586782455444336,19.96141242980957,30.908729553222656,30.98381996154785,18.80915069580078
18.44660758972168,27.933076858520508,28.650917053222656,20.182565689086914,27.142545700073242,28.002511978149414,27.78163719177246,29.92583656311035,1.7710784673690796,28.612051010131836,27.967388153076172,27.94352912902832,19.175586700439453,28.627473831176758,27.155494689941406,20.387218475341797,27.864015579223633,19.44099235534668,28.13452911376953,27.689157485961914,28.282733917236328,27.65665626525879,26.888240814208984,28.370817184448242,27.587255477905273,27.111188888549805,18.989641189575195,27.778507232666016,27.74908447265625,28.655704498291016,29.576932907104492,29.434398651123047,19.141103744506836,27.707826614379883,28.286222457885742,27.8748779296875,28.480615615844727,28.74626350402832,28.517162322998047,28.706403732299805,28.988380432128906,28.8961124420166,27.98435401916504,29.201799392700195,29.38673210144043,30.14118766784668,29.694965362548828,28.701641082763672,20.128419876098633,19.01043128967285,27.15691566467285,28.927356719970703,27.18268585205078,27.678768157958984,28.245332717895508,19.432876586914062,28.76348114013672,18.764108657836914,30.615304946899414,29.41025161743164,20.53543472290039,26.655426025390625,19.284086227416992,17.313627243041992,27.61623191833496,27.61695671081543,29.447998046875,27.330299377441406,26.83962059020996,28.966861724853516,28.950237274169922,27.339338302612305,19.632488250732422,29.72159194946289,27.318309783935547,27.603233337402344,28.274965286254883,19.94254493713379,27.656902313232422,26.638402938842773,28.832202911376953,29.557016372680664,32.06033706665039,19.35712432861328,28.596431732177734,30.662620544433594,27.193532943725586,27.769611358642578,28.044015884399414,27.865697860717773,28.28459930419922,30.416702270507812,27.42610740661621,27.347623825073242,28.217641830444336,27.45242691040039,28.66277503967285,19.513416290283203,20.44843864440918,27.432409286499023
27.271278381347656,17.21954345703125,17.766469955444336,26.994104385375977,16.538070678710938,17.29170036315918,17.414691925048828,20.224641799926758,28.612051010131836,0.0,16.777437210083008,17.515005111694336,28.058237075805664,18.256153106689453,16.273839950561523,27.920944213867188,17.375534057617188,28.080276489257812,17.846405029296875,17.396316528320312,18.039155960083008,17.344425201416016,15.880443572998047,17.359283447265625,16.763404846191406,16.182401657104492,29.065271377563477,17.002412796020508,17.217161178588867,17.8656005859375,19.150999069213867,19.1616268157959,28.31488037109375,17.534008026123047,17.3299503326416,16.820833206176758,18.3798885345459,19.267900466918945,18.03777503967285,18.483999252319336,19.40154457092285,17.83756446838379,17.0150146484375,18.96025276184082,19.428630828857422,20.310359954833984,19.807373046875,17.253538131713867,27.220293045043945,28.211740493774414,16.20998764038086,18.15312957763672,16.422639846801758,16.591571807861328,17.716489791870117,27.78082847595215,18.261154174804688,28.490713119506836,20.54998207092285,18.890722274780273,30.658655166625977,16.156431198120117,26.50742530822754,26.312759399414062,17.42483901977539,17.12417221069336,19.550016403198242,16.47242546081543,15.503244400024414,19.23505401611328,18.248823165893555,16.235179901123047,27.895889282226562,20.16320037841797,15.611838340759277,16.65264320373535,18.433103561401367,27.676881790161133,17.060611724853516,15.120899200439453,18.720184326171875,20.096057891845703,23.2430477142334,28.33877182006836,19.237363815307617,21.45701026916504,15.92704963684082,16.61465835571289,16.3708553314209,17.183380126953125,17.13523292541504,21.023122787475586,16.60410499572754,17.18869400024414,17.570032119750977,15.683079719543457,18.319698333740234,29.478988647460938,29.611398696899414,16.495798110961914
26.67249298095703,15.801472663879395,16.35536766052246,26.083436965942383,14.695576667785645,15.920180320739746,16.04781150817871,19.02924919128418,27.967388153076172,16.777437210083008,1.8768219947814941,15.874076843261719,27.354034423828125,17.2318172454834,14.769749641418457,27.251110076904297,16.073165893554688,27.274734497070312,16.26984977722168,15.78954029083252,16.634923934936523,15.840790748596191,14.1237211227417,15.82663631439209,15.71321964263916,14.715929985046387,28.27935028076172,15.730549812316895,15.918707847595215,16.39687156677246,17.806577682495117,17.96480941772461,27.463293075561523,16.19338035583496,15.920487403869629,15.200483322143555,17.151752471923828,18.04378318786621,16.298336029052734,17.343299865722656,17.940277099609375,16.64240837097168,15.532695770263672,17.688631057739258,18.155792236328125,19.09016990661621,18.715959548950195,15.89534854888916,26.53426742553711,27.369630813598633,15.008624076843262,16.683666229248047,14.879364967346191,15.293546676635742,16.42427635192871,26.928199768066406,16.90070343017578,27.63719367980957,19.85858154296875,17.962987899780273,30.170705795288086,14.805377960205078,25.875377655029297,25.68497085571289,15.870016098022461,15.842301368713379,18.49704360961914,14.985148429870605,14.05843734741211,17.83600425720215,16.635452270507812,14.620124816894531,27.311534881591797,19.53125,14.064027786254883,15.11214542388916,16.923974990844727,26.9320068359375,15.57777214050293,13.620089530944824,17.33541488647461,18.31940460205078,22.024822235107422,27.662904739379883,17.916555404663086,20.84061050415039,14.477150917053223,15.13542366027832,15.105779647827148,15.750557899475098,15.859182357788086,20.14716339111328,15.20600700378418,15.691110610961914,16.136592864990234,13.81083869934082,17.207374572753906,28.953052520751953,28.80938148498535,15.167457580566406
26.671741485595703,16.28166961669922,16.785032272338867,26.266159057617188,15.253073692321777,16.356412887573242,16.499792098999023,19.543920516967773,27.94352912902832,17.515005111694336,15.874076843261719,0.0,27.407711029052734,17.54558753967285,15.482002258300781,27.22248077392578,16.511566162109375,27.344518661499023,16.770771026611328,16.36026382446289,16.97740936279297,16.758888244628906,14.633544921875,16.20284652709961,15.861275672912598,15.219904899597168,28.357906341552734,16.265377044677734,16.16362190246582,16.926483154296875,18.414365768432617,18.020034790039062,27.42279624938965,16.54604148864746,16.454631805419922,15.699851989746094,17.47199249267578,18.49506378173828,17.084720611572266,17.753108978271484,18.35223960876465,17.049732208251953,16.259492874145508,18.27288818359375,18.254627227783203,19.904043197631836,18.608135223388672,16.31779670715332,26.613351821899414,27.29467010498047,15.463951110839844,17.14275360107422,15.350240707397461,15.508597373962402,16.840038299560547,27.054109573364258,17.385141372680664,27.714258193969727,20.16850471496582,18.349258422851562,30.10752296447754,15.415122032165527,25.77833366394043,25.667856216430664,16.190032958984375,16.1648006439209,18.95950698852539,15.396294593811035,14.36983585357666,18.3458251953125,17.02370834350586,15.362069129943848,27.240196228027344,19.911056518554688,14.747417449951172,15.714587211608887,17.385562896728516,27.05122184753418,15.957279205322266,14.118948936462402,17.956436157226562,18.88498306274414,22.496244430541992,27.79337501525879,18.328065872192383,20.40837860107422,14.9734468460083,15.616591453552246,15.465971946716309,16.113428115844727,16.289764404296875,20.397418975830078,15.57560920715332,15.863584518432617,16.494436264038086,14.576944351196289,17.76396942138672,28.65062713623047,28.971464157104492,15.59296703338623
18.945079803466797,27.594688415527344,28.199779510498047,20.344614028930664,26.65656089782715,27.397857666015625,27.232864379882812,29.568859100341797,19.175586700439453,28.058237075805664,27.354034423828125,27.407711029052734,0.0,28.157550811767578,26.707033157348633,20.44719696044922,27.307458877563477,19.27273941040039,27.49319839477539,27.279584884643555,27.94068145751953,27.343820571899414,26.422849655151367,27.80809211730957,26.968875885009766,26.69825553894043,19.372554779052734,27.39480972290039,27.323152542114258,27.913806915283203,29.135845184326172,28.93041229248047,19.346500396728516,27.281017303466797,27.7397403717041,27.212631225585938,28.084171295166016,28.453258514404297,28.08674430847168,28.582921981811523,28.608312606811523,28.315603256225586,27.45939826965332,28.60517120361328,29.199325561523438,29.870161056518555,29.36690330505371,28.178247451782227,19.899625778198242,19.356014251708984,26.670772552490234,28.28763771057129,26.602323532104492,27.061309814453125,27.941781997680664,19.815629959106445,28.68446922302246,19.083389282226562,30.215744018554688,28.85354995727539,20.8198184967041,26.43630027770996,19.350942611694336,18.02686309814453,27.343624114990234,27.246578216552734,28.972660064697266,26.86591339111328,26.469228744506836,28.593032836914062,28.38755989074707,26.909988403320312,20.05341911315918,29.186195373535156,26.806798934936523,27.064016342163086,27.90091323852539,19.58235740661621,27.168689727783203,26.014230728149414,28.27565574645996,28.896181106567383,31.677452087402344,19.549766540527344,28.459314346313477,30.235807418823242,26.742568969726562,27.237060546875,27.517234802246094,27.378923416137695,27.893264770507812,29.703203201293945,26.996763229370117,27.138568878173828,27.6663818359375,26.9168643951416,28.32956886291504,19.86573600769043,20.016496658325195,26.89508628845215
27.382169723510742,17.50370979309082,17.892009735107422,27.067245483398438,16.369064331054688,17.321212768554688,17.19338035583496,20.248577117919922,28.627473831176758,18.256153106689453,17.2318172454834,17.54558753967285,28.157550811767578,1.4983714818954468,16.20468521118164,28.02769660949707,17.407541275024414,28.178110122680664,17.787673950195312,17.482412338256836,18.122493743896484,17.62796401977539,15.944422721862793,17.424781799316406,16.818191528320312,16.424989700317383,29.1480770111084,16.87728500366211,17.14474868774414,17.822174072265625,19.292591094970703,19.584701538085938,28.33196449279785,17.74232292175293,17.479564666748047,16.895675659179688,18.620830535888672,19.488954544067383,18.036718368530273,18.707347869873047,19.48274040222168,18.12184715270996,16.79951286315918,19.020496368408203,19.72590446472168,20.591876983642578,19.960311889648438,17.42595863342285,27.461727142333984,28.122013092041016,16.46175193786621,18.09615135192871,16.35312843322754,16.71921730041504,17.95567512512207,27.799171447753906,18.315805435180664,28.489906311035156,21.074251174926758,19.117006301879883,30.901256561279297,16.39565086364746,26.54092788696289,26.483320236206055,17.446569442749023,17.10431480407715,19.75321388244629,16.647188186645508,15.708277702331543,19.195438385009766,18.37143898010254,16.47657585144043,28.050352096557617,20.629165649414062,15.786942481994629,16.673213958740234,18.3756103515625,27.80802345275879,16.868141174316406,15.329455375671387,18.743906021118164,20.036758422851562,23.238277435302734,28.296232223510742,19.13676643371582,21.507061004638672,15.97244930267334,16.490615844726562,16.73101234436035,17.31035614013672,17.54497528076172,21.1849422454834,16.834760665893555,17.133010864257812,17.40790557861328,15.553492546081543,18.34941864013672,29.647653579711914,29.4890079498291,16.794281005859375
26.037494659423828,14.974979400634766,15.881180763244629,25.497777938842773,13.91663932800293,15.181197166442871,15.098440170288086,18.347530364990234,27.155494689941406,16.273839950561523,14.769749641418457,15.482002258300781,26.707033157348633,16.20468521118164,0.0,26.5438175201416,15.339357376098633,26.61834144592285,15.593311309814453,15.30746078491211,15.842856407165527,15.179718017578125,13.372188568115234,15.423576354980469,14.550793647766113,13.941073417663574,27.810989379882812,14.763797760009766,15.075752258300781,15.623406410217285,17.16120147705078,17.58425521850586,26.99376106262207,15.374777793884277,15.425761222839355,14.52483081817627,16.417972564697266,17.378990173339844,15.778403282165527,16.87641716003418,17.43621253967285,15.98500919342041,14.825284957885742,16.94683837890625,17.678442001342773,18.642871856689453,18.012474060058594,14.880972862243652,25.702207565307617,26.6117000579834,14.237178802490234,16.215045928955078,13.96056842803955,14.417531967163086,15.923124313354492,26.166086196899414,16.18146514892578,27.304256439208984,19.4122371673584,17.0628719329834,29.529216766357422,13.984296798706055,24.998456954956055,24.894601821899414,15.258962631225586,14.803069114685059,17.92693519592285,14.296525001525879,13.322179794311523,17.27737808227539,16.278430938720703,14.08279800415039,26.57101058959961,18.851600646972656,13.332474708557129,14.436857223510742,16.53742218017578,26.400535583496094,14.626668930053711,12.822175979614258,16.719392776489258,17.885377883911133,21.514326095581055,26.968170166015625,17.308128356933594,20.19545555114746,13.619443893432617,14.29707145690918,14.496430397033691,15.189268112182617,15.333276748657227,19.709312438964844,14.651751518249512,15.121190071105957,15.189718246459961,13.167675971984863,16.26015281677246,28.335342407226562,28.339563369750977,14.468851089477539
19.23891258239746,27.288408279418945,28.0035400390625,20.700571060180664,26.28985023498535,27.105731964111328,27.06224822998047,29.33399772644043,20.387218475341797,27.920944213867188,27.251110076904297,27.22248077392578,20.44719696044922,28.02769660949707,26.5438175201416,0.0,27.010684967041016,20.30223274230957,27.35099983215332,27.0299129486084,27.57179832458496,26.911693572998047,26.134138107299805,27.532154083251953,26.80994987487793,26.34347152709961,20.208097457885742,27.017337799072266,26.81834602355957,27.58716583251953,28.91705894470215,28.743085861206055,19.93289566040039,26.90904426574707,27.352373123168945,27.071989059448242,27.838014602661133,28.289173126220703,27.780195236206055,28.058063507080078,28.274187088012695,28.092777252197266,27.475521087646484,28.411802291870117,28.743223190307617,29.39703369140625,28.977783203125,27.707332611083984,19.94504165649414,19.66221046447754,26.349533081054688,27.90766716003418,26.255041122436523,27.1060733795166,27.7246150970459,20.683746337890625,28.008264541625977,19.82304573059082,30.27878189086914,28.389312744140625,21.85320281982422,25.990251541137695,20.12155532836914,18.287578582763672,26.913434982299805,26.91497802734375,28.724632263183594,26.412147521972656,26.102020263671875,28.198808670043945,27.99405288696289,26.63094139099121,20.485107421875,29.1617431640625,26.531084060668945,26.751441955566406,27.939056396484375,19.94712257385254,26.942792892456055,25.7115535736084,28.0401668548584,28.853515625,31.178104400634766,20.30367660522461,28.269559860229492,30.02066421508789,26.241535186767578,26.83061408996582,27.218103408813477,26.884899139404297,27.5305233001709,30.059593200683594,26.563438415527344,27.006563186645508,27.53756332397461,26.54050636291504,28.265119552612305,20.57097625732422,20.833768844604492,26.814939498901367
26.6032772064209,16.259252548217773,17.000459671020508,26.176067352294922,15.090676307678223,16.20998764038086,16.165464401245117,19.250125885009766,27.864015579223633,17.375534057617188,16.073165893554688,16.511566162109375,27.307458877563477,17.407541275024414,15.339357376098633,27.010684967041016,0.0,27.215627670288086,16.793960571289062,16.031797409057617,17.106456756591797,16.385046005249023,14.612140655517578,16.27111053466797,15.946627616882324,15.040959358215332,28.383087158203125,15.626593589782715,16.13420295715332,16.52610969543457,18.2454776763916,18.58946990966797,27.46554946899414,16.645898818969727,16.538986206054688,15.703055381774902,17.57234001159668,18.695833206176758,16.9431209564209,17.66813850402832,18.363224029541016,16.995948791503906,16.074077606201172,17.852012634277344,18.578933715820312,19.477550506591797,19.070695877075195,16.2496395111084,26.31032943725586,27.18791389465332,15.248527526855469,17.257244110107422,15.18065071105957,15.691452026367188,16.853748321533203,26.81537628173828,17.266014099121094,27.563085556030273,20.225994110107422,17.98474884033203,30.116683959960938,15.083297729492188,25.735280990600586,25.651453018188477,16.39487648010254,16.031646728515625,18.71887969970703,15.235264778137207,14.606525421142578,18.08713722229004,17.1315860748291,15.212717056274414,27.28472137451172,19.79546356201172,14.71038818359375,15.511147499084473,17.12166404724121,26.863697052001953,15.609086036682129,14.019657135009766,17.299776077270508,19.003597259521484,22.37030792236328,27.492008209228516,18.18290901184082,20.902536392211914,14.927101135253906,15.280163764953613,15.58140754699707,16.215076446533203,16.297527313232422,20.122791290283203,15.472379684448242,15.986352920532227,16.485790252685547,14.39360237121582,17.430498123168945,28.71550178527832,28.716642379760742,15.573760032653809
18.897544860839844,27.323314666748047,28.024089813232422,19.785642623901367,26.45978355407715,27.21019172668457,27.053945541381836,29.308151245117188,19.44099235534668,28.080276489257812,27.274734497070312,27.344518661499023,19.27273941040039,28.178110122680664,26.61834144592285,20.30223274230957,27.215627670288086,0.0,27.360673904418945,27.16558074951172,27.581750869750977,27.178787231445312,26.129486083984375,27.75897216796875,26.797399520874023,26.59819221496582,19.090553283691406,27.289445877075195,27.029714584350586,27.818029403686523,28.801244735717773,28.73291015625,19.204593658447266,27.056869506835938,27.619590759277344,27.061779022216797,28.05230140686035,28.240232467651367,27.784273147583008,28.056339263916016,28.51274299621582,28.16883659362793,27.308584213256836,28.392271041870117,28.85327911376953,29.76755714416504,29.09215545654297,28.025362014770508,18.992597579956055,18.62735939025879,26.450979232788086,28.182615280151367,26.428743362426758,26.992042541503906,27.60017204284668,19.71035385131836,28.39125633239746,18.55813217163086,30.21039581298828,28.582563400268555,20.8822021484375,26.202802658081055,18.69371795654297,17.929685592651367,27.220130920410156,26.975521087646484,28.757810592651367,26.54554557800293,26.23111343383789,28.46729278564453,28.303272247314453,26.828594207763672,19.420385360717773,29.09633445739746,26.50005531311035,26.861698150634766,27.81992530822754,19.031301498413086,27.02926254272461,26.003887176513672,28.142858505249023,28.970705032348633,31.54125213623047,19.88170623779297,28.193370819091797,29.996288299560547,26.661359786987305,27.024276733398438,27.24921226501465,27.107065200805664,27.78915786743164,29.944252014160156,26.66756820678711,26.70513153076172,27.585254669189453,26.69361114501953,28.346317291259766,19.483617782592773,20.2359619140625,26.903837203979492
26.78784942626953,16.393030166625977,17.046466827392578,26.337299346923828,15.449641227722168,16.4385986328125,16.569543838500977,19.49085807800293,28.13452911376953,17.846405029296875,16.26984977722168,16.770771026611328,27.49319839477539,17.787673950195312,15.593311309814453,27.35099983215332,16.793960571289062,27.360673904418945,0.0,16.19398307800293,17.07811737060547,16.80084991455078,15.07795524597168,16.41770362854004,16.04312515258789,15.399053573608398,28.52341079711914,16.029056549072266,16.176063537597656,17.126083374023438,18.399139404296875,18.593408584594727,27.614816665649414,16.93819236755371,16.58259391784668,16.173738479614258,17.282577514648438,18.66402244567871,17.25226402282715,18.033063888549805,18.405481338500977,17.071168899536133,16.155736923217773,18.146888732910156,18.847999572753906,19.78152084350586,19.16119384765625,16.480131149291992,26.79927635192871,27.65593147277832,15.761590003967285,17.76811981201172,15.366835594177246,15.935385704040527,17.1793155670166,27.003761291503906,17.322368621826172,28.06037712097168,20.32328987121582,18.632339477539062,30.316526412963867,15.542375564575195,26.024232864379883,25.79827117919922,16.596044540405273,16.463857650756836,19.29924774169922,15.472474098205566,14.931255340576172,18.51205825805664,17.72536277770996,15.563409805297852,27.65238380432129,19.949691772460938,14.926741600036621,15.926007270812988,17.496204376220703,27.094884872436523,15.960553169250488,14.244105339050293,17.99978256225586,19.106992721557617,22.652326583862305,28.173776626586914,18.547420501708984,21.133365631103516,15.264049530029297,15.749162673950195,15.882072448730469,16.64982795715332,16.46364974975586,20.713422775268555,15.875338554382324,16.315433502197266,16.662111282348633,14.739303588867188,17.33637237548828,28.92572021484375,29.02396583557129,16.03584861755371
26.475261688232422,15.816020011901855,16.713024139404297,26.093544006347656,15.123159408569336,15.858227729797363,16.253305435180664,18.99336814880371,27.689157485961914,17.396316528320312,15.78954029083252,16.36026382446289,27.279584884643555,17.482412338256836,15.30746078491211,27.0299129486084,16.031797409057617,27.16558074951172,16.19398307800293,0.0,16.95138931274414,16.23569107055664,14.362970352172852,15.864877700805664,15.735608100891113,14.848222732543945,28.392805099487305,15.470549583435059,15.753626823425293,16.436460494995117,18.474882125854492,18.25481605529785,27.424684524536133,16.487773895263672,16.07990837097168,15.623499870300293,17.25472640991211,18.23645782470703,16.761045455932617,17.49346923828125,18.100900650024414,16.906538009643555,15.756942749023438,17.887615203857422,18.242185592651367,19.593774795532227,18.675634384155273,15.996673583984375,26.5,27.26846694946289,14.98648452758789,17.18107795715332,15.289555549621582,15.507810592651367,16.817407608032227,26.645111083984375,17.197355270385742,27.781583786010742,19.79620361328125,18.037721633911133,29.911392211914062,15.038979530334473,25.817909240722656,25.82067108154297,16.142976760864258,15.993834495544434,18.95937728881836,15.247726440429688,14.39234733581543,17.94098472595215,16.82562255859375,14.9786958694458,27.325672149658203,19.757686614990234,14.334078788757324,15.419049263000488,16.97565460205078,26.92145347595215,15.71915340423584,13.667686462402344,16.9766902923584,19.015592575073242,22.104555130004883,27.57211685180664,18.15549659729004,20.694177627563477,14.615782737731934,15.287256240844727,15.400385856628418,15.940532684326172,15.930452346801758,20.415842056274414,15.416610717773438,15.91472053527832,16.387935638427734,14.330706596374512,17.019691467285156,28.874019622802734,28.720279693603516,15.313392639160156
27.003326416015625,16.648069381713867,17.185142517089844,26.580581665039062,15.65546989440918,16.922733306884766,16.867706298828125,19.890668869018555,28.282733917236328,18.039155960083008,16.634923934936523,16.97740936279297,27.94068145751953,18.122493743896484,15.842856407165527,27.57179832458496,17.106456756591797,27.581750869750977,17.07811737060547,16.95138931274414,1.8977782726287842,16.697532653808594,15.291312217712402,16.915489196777344,16.402559280395508,15.861799240112305,28.910236358642578,16.386863708496094,16.665306091308594,17.089263916015625,18.479480743408203,18.66786766052246,27.916658401489258,17.084064483642578,16.85009765625,16.259132385253906,18.02201271057129,18.831645965576172,17.3681697845459,18.143470764160156,18.65549087524414,17.577341079711914,16.602340698242188,18.253639221191406,18.73720932006836,20.099605560302734,19.439836502075195,16.898479461669922,27.09794807434082,27.826383590698242,15.871216773986816,17.801366806030273,15.69434642791748,16.25663948059082,17.301496505737305,27.292362213134766,17.470483779907227,28.342716217041016,20.59925079345703,18.58857536315918,30.621763229370117,15.763294219970703,26.2842960357666,26.19596290588379,16.77796173095703,16.39755630493164,19.352733612060547,16.09514617919922,15.139875411987305,18.733352661132812,17.838960647583008,15.841253280639648,27.733139038085938,19.9998779296875,15.171158790588379,16.078784942626953,17.903358459472656,27.204376220703125,16.4580135345459,14.84019660949707,18.0559024810791,19.056171417236328,22.634536743164062,28.193424224853516,18.790424346923828,21.32008171081543,15.28125,16.008604049682617,16.154769897460938,16.765356063842773,16.66729736328125,20.923385620117188,16.170629501342773,16.46222686767578,17.181476593017578,14.936355590820312,17.927642822265625,29.378772735595703,29.185441970825195,16.16036033630371
