0.6597747802734375,20.83831787109375,21.184818267822266,1.873953938484192,20.3360652923584,20.599729537963867,20.45796775817871,21.023935317993164,1.1064276695251465,20.69905662536621,20.82190704345703,20.501850128173828,0.5336572527885437,20.705196380615234,20.491729736328125,1.025024175643921,20.425640106201172,0.7396750450134277,20.582672119140625,20.569013595581055,20.72355079650879,20.368301391601562,20.53403663635254,21.362407684326172,20.52939224243164,20.54503631591797,1.8063523769378662,20.84013557434082,20.53330421447754,21.036710739135742,21.393680572509766,20.993919372558594,0.8621581196784973,20.11949920654297,20.997535705566406,20.834978103637695,20.71644401550293,20.285152435302734,20.980260848999023,20.72432518005371,20.644725799560547,21.312450408935547,21.036027908325195,20.995927810668945,21.02193260192871,21.349506378173828,21.033023834228516,21.637962341308594,1.3530237674713135,0.6484845876693726,20.339996337890625,21.122291564941406,20.406354904174805,20.8460636138916,20.79737663269043,0.8677679896354675,21.281360626220703,1.5991215705871582,21.381853103637695,21.042251586914062,2.8705968856811523,20.046640396118164,1.8468962907791138,0.8097534775733948,20.409292221069336,20.476242065429688,20.678422927856445,20.424724578857422,20.518280029296875,20.747894287109375,21.094640731811523,20.708019256591797,0.7984054088592529,20.39291000366211,20.982275009155273,20.678932189941406,20.524782180786133,0.5163347125053406,20.665733337402344,20.51964569091797,20.817703247070312,20.693424224853516,28.158336639404297,0.922387957572937,20.287067413330078,20.699432373046875,20.612380981445312,20.944211959838867,21.219980239868164,20.548696517944336,21.251798629760742,20.59891128540039,20.49518585205078,20.26782989501953,20.770662307739258,21.291135787963867,21.01959228515625,2.359400987625122,1.757048487663269,20.62029266357422
20.83831787109375,0.0,0.3636433482170105,19.14970588684082,0.4897010624408722,0.2822113633155823,0.4709988236427307,0.44445502758026123,21.967369079589844,0.27953580021858215,0.1918988823890686,0.31189823150634766,21.205303192138672,0.007176239509135485,0.3533483147621155,20.292659759521484,0.4126759469509125,21.194005966186523,0.24983973801136017,0.5137442946434021,0.24557779729366302,0.447794109582901,0.2917683720588684,0.48949459195137024,0.27589574456214905,0.29790759086608887,22.641813278198242,0.4044336676597595,0.4956379532814026,0.15498757362365723,0.5870237350463867,0.35316476225852966,21.49414825439453,0.718601405620575,0.3067401349544525,0.17222975194454193,0.0,0.6020885705947876,0.2720808982849121,0.16846764087677002,0.31054073572158813,0.4779532849788666,0.2209579199552536,0.2997012734413147,0.2564922273159027,1.2052347660064697,0.25,0.8316643834114075,19.863967895507812,21.316648483276367,0.6274335980415344,0.27281948924064636,0.4173705279827118,0.09652666747570038,0.0,20.17708396911621,0.49743759632110596,22.1673526763916,0.73890620470047,0.5588156580924988,23.624866485595703,0.8009194135665894,19.195981979370117,20.404584884643555,0.43145498633384705,0.35693326592445374,0.1230081170797348,0.4602832496166229,0.32086580991744995,0.13015787303447723,0.3091896176338196,0.16542288661003113,20.866920471191406,1.2700419425964355,0.2074270248413086,0.26617732644081116,0.3803231418132782,20.51904296875,0.22491063177585602,0.3205684423446655,0.21419914066791534,0.839807391166687,18.908056259155273,21.409515380859375,0.6536092758178711,1.9433034658432007,0.2296728789806366,0.0,0.413472443819046,0.4427523612976074,0.5835089683532715,0.27245569229125977,0.35194748640060425,0.5878257155418396,0.19051730632781982,0.4509139358997345,0.5387439727783203,23.055870056152344,22.56182289123535,0.2940150499343872
21.184818267822266,0.3636433482170105,0.0,19.489131927490234,0.8516011238098145,0.6926933526992798,0.8750572204589844,0.631083071231842,22.31381607055664,0.660218358039856,0.37141740322113037,0.6814125180244446,21.55270004272461,0.48548418283462524,0.687493085861206,20.632169723510742,0.7594618201255798,21.542865753173828,0.6696513295173645,0.6760267615318298,0.44657638669013977,0.8368428349494934,0.6730960011482239,0.2587429881095886,0.6579415202140808,0.6475220322608948,22.987388610839844,0.6954798102378845,0.688719630241394,0.1201687827706337,0.4699122905731201,0.5555447936058044,21.838802337646484,1.0717661380767822,0.2155749350786209,0.5390660166740417,0.45493561029434204,1.0053837299346924,0.4908798038959503,0.5795270800590515,0.7088000774383545,0.2957872152328491,0.011637085117399693,0.4890969693660736,0.42386186122894287,1.301450490951538,0.3933159410953522,0.45881396532058716,20.216989517211914,21.66330909729004,0.872888445854187,0.0,0.7814337015151978,0.3690605163574219,0.48225975036621094,20.525348663330078,0.4686645567417145,22.507986068725586,0.38560742139816284,0.3752771019935608,23.9681396484375,1.1376852989196777,19.54933738708496,20.7489013671875,0.837533712387085,0.7044780254364014,0.5307021737098694,0.8620010614395142,0.7297627329826355,0.5631693005561829,0.0,0.45485594868659973,21.218826293945312,1.5947949886322021,0.4156050682067871,0.6585290431976318,0.7855642437934875,20.86591148376465,0.5222318172454834,0.6721843481063843,0.36625391244888306,0.8232856392860413,18.727174758911133,21.751201629638672,0.9174813628196716,1.8410987854003906,0.6058561205863953,0.29829150438308716,0.0,0.6606501340866089,0.2363886535167694,0.5762943625450134,0.7588871121406555,0.9896881580352783,0.4021303653717041,0.15926653146743774,0.7301474809646606,23.406179428100586,22.910371780395508,0.7020010352134705
1.873953938484192,19.14970588684082,19.489131927490234,0.0,18.644729614257812,18.91878318786621,18.78209686279297,19.35258674621582,2.8518781661987305,19.020854949951172,19.125347137451172,18.810073852539062,2.1838033199310303,19.01436424255371,18.797122955322266,1.0469005107879639,18.732444763183594,2.2902419567108154,18.898937225341797,18.863563537597656,19.02378273010254,18.680944442749023,18.84475326538086,19.676183700561523,18.83855438232422,18.852540969848633,3.506951093673706,19.168203353881836,18.828998565673828,19.3441219329834,19.714740753173828,19.318634033203125,2.3919808864593506,18.427898406982422,19.298124313354492,19.156343460083008,19.025047302246094,18.607807159423828,19.302188873291016,19.042583465576172,18.967714309692383,19.625972747802734,19.33928871154785,19.317140579223633,19.341266632080078,19.70553970336914,19.350875854492188,19.939620971679688,1.6317936182022095,2.270139694213867,18.636241912841797,19.427881240844727,18.714963912963867,19.154003143310547,19.11334800720215,1.3708211183547974,19.60441780090332,3.0115742683410645,19.673913955688477,19.333154678344727,4.489209175109863,18.351757049560547,1.4120728969573975,1.374611496925354,18.7266902923584,18.782758712768555,18.988924026489258,18.745004653930664,18.83448600769043,19.067096710205078,19.396461486816406,19.01140785217285,2.1772289276123047,18.754657745361328,19.3004150390625,18.99979591369629,18.84610939025879,1.5247490406036377,18.97055435180664,18.827259063720703,19.119470596313477,18.973812103271484,26.400836944580078,2.239337682723999,18.584341049194336,18.94287872314453,18.92313575744629,19.255613327026367,19.52334213256836,18.846797943115234,19.546113967895508,18.902605056762695,18.812108993530273,18.587608337402344,19.07291030883789,19.59929847717285,19.35239601135254,4.110755920410156,3.521986484527588,18.941526412963867
20.3360652923584,0.4897010624408722,0.8516011238098145,18.644729614257812,0.0,0.371983140707016,0.39303335547447205,0.8461450338363647,21.4647274017334,0.4960918128490448,0.5106497406959534,0.13657742738723755,20.703203201293945,0.3600960969924927,0.15802519023418427,19.787765502929688,0.0962124690413475,20.692712783813477,0.30733492970466614,0.4424625635147095,0.41600301861763,0.06138765439391136,0.2186758667230606,1.0242772102355957,0.16966070234775543,0.22437147796154022,22.13885498046875,0.7028841972351074,0.38354796171188354,0.6932905912399292,1.100655198097229,0.7745562791824341,20.991031646728516,0.23031973838806152,0.6948631405830383,0.5780227184295654,0.351508229970932,0.3405235707759857,0.7255544066429138,0.45831066370010376,0.46258148550987244,0.9926804900169373,0.6987521648406982,0.7449648380279541,0.7423808574676514,1.5402920246124268,0.7440816760063171,1.3148263692855835,19.364795684814453,20.81427574157715,0.3213565945625305,0.781010091304779,0.027369895949959755,0.5246722102165222,0.49396979808807373,19.67548179626465,1.0040596723556519,21.662906646728516,1.1323935985565186,0.8383554220199585,23.121267318725586,0.3041847050189972,18.696840286254883,19.901458740234375,0.2176891267299652,0.12779730558395386,0.3500169515609741,0.3130229413509369,0.2640902101993561,0.47551673650741577,0.7667222023010254,0.37070292234420776,20.3670597076416,1.2549561262130737,0.6958232522010803,0.4641806185245514,0.36796972155570984,20.016740798950195,0.35086193680763245,0.19812549650669098,0.5089661478996277,0.8328274488449097,18.842723846435547,20.90532684326172,0.29681718349456787,1.8801909685134888,0.306886225938797,0.6127546429634094,0.8917700052261353,0.35087552666664124,0.978541910648346,0.274770051240921,0.26425445079803467,0.2687259614467621,0.4521157443523407,0.958354651927948,0.9038627743721008,22.555301666259766,22.06016731262207,0.4164990484714508
20.599729537963867,0.2822113633155823,0.6926933526992798,18.91878318786621,0.371983140707016,0.07336577773094177,0.1813279539346695,0.4810856580734253,21.72877311706543,0.15760520100593567,0.4676317274570465,0.2816058099269867,20.965763092041016,0.265118271112442,0.35927680134773254,20.061477661132812,0.35974499583244324,20.95288848876953,0.08049387484788895,0.6405371427536011,0.475173681974411,0.27728527784347534,0.24268510937690735,0.7603089213371277,0.24969272315502167,0.3137547969818115,22.404062271118164,0.3421705663204193,0.6028650403022766,0.5195550918579102,0.791257917881012,0.4271364212036133,21.257448196411133,0.5603018403053284,0.623308539390564,0.21071584522724152,0.2553631663322449,0.3254576623439789,0.3899383544921875,0.14374390244483948,0.07814940810203552,0.7389397621154785,0.5789508819580078,0.42698681354522705,0.43428823351860046,1.1729763746261597,0.45275020599365234,1.1331769227981567,19.618539810180664,21.077869415283203,0.6422537565231323,0.6158556342124939,0.32697349786758423,0.39877963066101074,0.21288613975048065,19.93672752380371,0.6754721403121948,21.934757232666016,1.0546034574508667,0.8512813448905945,23.389387130737305,0.6593344807624817,18.950302124023438,20.168352127075195,0.19311754405498505,0.3368602693080902,0.24466350674629211,0.20825982093811035,0.13064055144786835,0.10591989755630493,0.651482105255127,0.39334744215011597,20.622596740722656,1.0244708061218262,0.3982986509799957,0.1300039142370224,0.1162109375,20.28013801574707,0.37941935658454895,0.31503942608833313,0.49189096689224243,1.0257848501205444,19.099201202392578,21.17593002319336,0.6407105922698975,2.1231689453125,0.25225576758384705,0.39966827630996704,0.7382102012634277,0.5458905696868896,0.9057626128196716,0.38239625096321106,0.14236392080783844,0.32780078053474426,0.4527186155319214,0.7508514523506165,0.5314079523086548,22.813013076782227,22.320932388305664,0.03474696725606918
20.45796775817871,0.4709988236427307,0.8750572204589844,18.78209686279297,0.39303335547447205,0.1813279539346695,0.0,0.5646947026252747,21.586992263793945,0.2521025836467743,0.6373190879821777,0.3812604248523712,20.823373794555664,0.4341575503349304,0.4579344093799591,19.924585342407227,0.4271855354309082,20.80946159362793,0.2148859202861786,0.762153685092926,0.6364191174507141,0.27913805842399597,0.34479570388793945,0.9240773916244507,0.3612086772918701,0.4258495569229126,22.262819290161133,0.3961823880672455,0.7186279296875,0.7026439905166626,0.9297875165939331,0.5347034335136414,21.116912841796875,0.5195716619491577,0.8028276562690735,0.3518688976764679,0.4359211325645447,0.1522826999425888,0.518556535243988,0.2969231903553009,0.14904020726680756,0.8997808694839478,0.7648978233337402,0.5551034212112427,0.5773731470108032,1.1768372058868408,0.6017938852310181,1.3104748725891113,19.47229766845703,20.93597412109375,0.7114390134811401,0.7994140982627869,0.37867966294288635,0.5702707171440125,0.38409581780433655,19.793821334838867,0.8064963817596436,21.796894073486328,1.23879873752594,1.0275484323501587,23.24960708618164,0.6242377161979675,18.803911209106445,20.028146743774414,0.14530284702777863,0.4274929463863373,0.40279266238212585,0.11913061887025833,0.1973647028207779,0.2818749248981476,0.8368684649467468,0.5565215349197388,20.477066040039062,0.8758655190467834,0.5474205613136292,0.23592424392700195,0.07797838002443314,20.138179779052734,0.5272822380065918,0.4174087941646576,0.6623649597167969,1.1617116928100586,19.223268508911133,21.037437438964844,0.6946109533309937,2.2482690811157227,0.38175100088119507,0.5762513279914856,0.9203665256500244,0.6636192798614502,1.090954065322876,0.5177485346794128,0.17684276401996613,0.19244971871376038,0.6205899119377136,0.9249263405799866,0.5857104063034058,22.668405532836914,22.177629470825195,0.14543898403644562
21.023935317993164,0.44445502758026123,0.631083071231842,19.35258674621582,0.8461450338363647,0.4810856580734253,0.5646947026252747,0.0,22.15329360961914,0.3652134835720062,0.6743431091308594,0.7226747274398804,21.388975143432617,0.5740958452224731,0.7854222059249878,20.49482536315918,0.8093847632408142,21.37387466430664,0.5299702882766724,0.9888243675231934,0.7652562260627747,0.7599319219589233,0.666233241558075,0.47027745842933655,0.6856623291969299,0.717510998249054,22.829559326171875,0.17438136041164398,0.9719083309173584,0.521449625492096,0.38816362619400024,0.06334873288869858,21.684114456176758,1.0383647680282593,0.7176305651664734,0.20280548930168152,0.5670255422592163,0.7462458610534668,0.13712967932224274,0.38781213760375977,0.38211432099342346,0.48646146059036255,0.626298725605011,0.21310105919837952,0.22826926410198212,0.7315724492073059,0.2788252830505371,0.9264382123947144,20.03374671936035,21.502002716064453,1.071469783782959,0.577046811580658,0.7911054491996765,0.5623490810394287,0.37547019124031067,20.358837127685547,0.22646567225456238,22.36622428894043,1.017987608909607,0.9734481573104858,23.817373275756836,1.140709400177002,19.365388870239258,20.595542907714844,0.6671680212020874,0.7745513319969177,0.5703610181808472,0.6356109380722046,0.589123010635376,0.3295721113681793,0.6720907092094421,0.6971288323402405,21.039350509643555,0.993008017539978,0.2660053074359894,0.39213818311691284,0.5253742933273315,20.704193115234375,0.7022835612297058,0.731858491897583,0.7093877792358398,1.3106108903884888,19.345977783203125,21.606380462646484,1.0846976041793823,2.403918504714966,0.6183083057403564,0.43442216515541077,0.6684197783470154,0.9133632183074951,0.9054225087165833,0.7521141767501831,0.6009970903396606,0.7790943384170532,0.7063943147659302,0.5848003029823303,0.0,23.231494903564453,22.74235725402832,0.42790156602859497
1.1064276695251465,21.967369079589844,22.31381607055664,2.8518781661987305,21.4647274017334,21.72877311706543,21.586992263793945,22.15329360961914,0.0,21.82818603515625,21.95064926147461,21.630603790283203,0.47402629256248474,21.83409309387207,21.620372772216797,1.7513902187347412,21.554288864135742,0.7321066856384277,21.711666107177734,21.697172164916992,21.85213851928711,21.497098922729492,21.66286277770996,22.49181365966797,21.65818977355957,21.673770904541016,0.0,21.96937370300293,21.661521911621094,22.16574478149414,22.52320671081543,22.123239517211914,0.13643944263458252,21.248008728027344,22.126258850097656,21.964210510253906,21.845348358154297,21.4140625,22.109560012817383,21.853429794311523,21.773853302001953,22.441774368286133,22.164918899536133,22.125202178955078,22.151212692260742,22.478466033935547,22.162281036376953,22.76708221435547,2.2138583660125732,0.3237242102622986,21.468124389648438,22.251314163208008,21.535057067871094,21.974973678588867,21.926490783691406,1.7473342418670654,22.410858154296875,0.5482404828071594,22.510330200195312,22.170482635498047,1.6287610530853271,21.174999237060547,2.827906370162964,1.5573058128356934,21.538209915161133,21.60491943359375,21.807331085205078,21.553674697875977,21.647232055664062,21.877046585083008,22.223501205444336,21.836729049682617,1.1835615634918213,21.52111053466797,22.111515045166016,21.808040618896484,21.653812408447266,1.330661654472351,21.79444122314453,21.64837074279785,21.946386337280273,21.820634841918945,28.990068435668945,0.5615497827529907,21.415220260620117,21.821643829345703,21.741241455078125,22.073299407958984,22.348957061767578,21.677040100097656,22.380367279052734,21.727556228637695,21.624135971069336,21.39670181274414,21.899349212646484,22.420310974121094,22.14893913269043,1.1527475118637085,0.0,21.749385833740234
20.69905662536621,0.27953580021858215,0.660218358039856,19.020854949951172,0.4960918128490448,0.15760520100593567,0.2521025836467743,0.3652134835720062,21.82818603515625,0.12327143549919128,0.4995916485786438,0.39467868208885193,21.064802169799805,0.3212668001651764,0.46658945083618164,20.163421630859375,0.4754856526851654,21.051300048828125,0.19708183407783508,0.7239378690719604,0.5362350940704346,0.40535226464271545,0.34692856669425964,0.6811227798461914,0.36060288548469543,0.4112522602081299,22.503755569458008,0.24109427630901337,0.6926196813583374,0.49362313747406006,0.692736029624939,0.3222241997718811,21.35747718811035,0.6823034882545471,0.6289138197898865,0.09352593868970871,0.3126434087753296,0.41965949535369873,0.29259416460990906,0.13411299884319305,0.055997151881456375,0.6657506823539734,0.5694757699966431,0.3397819995880127,0.3505709767341614,1.0604164600372314,0.37724143266677856,1.0776383876800537,19.715303421020508,21.17717170715332,0.7513377666473389,0.5854962468147278,0.44827303290367126,0.4108578562736511,0.1896342635154724,20.035451889038086,0.5704429149627686,22.036169052124023,1.0379329919815063,0.8719428777694702,23.48980140686035,0.7823813557624817,19.047025680541992,20.268531799316406,0.3166819214820862,0.4484708309173584,0.3057093024253845,0.3061099052429199,0.25,0.020108653232455254,0.6383313536643982,0.45596370100975037,20.719802856445312,0.9891772866249084,0.3240745961666107,0.12010527402162552,0.20058080554008484,20.37941551208496,0.4477919638156891,0.41779187321662903,0.5289273858070374,1.094481348991394,19.167818069458008,21.27704429626465,0.7543431520462036,2.1955819129943848,0.3309985101222992,0.37070807814598083,0.7054945826530457,0.6342861652374268,0.8953347206115723,0.46889442205429077,0.26049700379371643,0.4365988075733185,0.5001220703125,0.6962020993232727,0.41401413083076477,22.910720825195312,22.419466018676758,0.09523361921310425
20.82190704345703,0.1918988823890686,0.37141740322113037,19.125347137451172,0.5106497406959534,0.4676317274570465,0.6373190879821777,0.6743431091308594,21.95064926147461,0.4995916485786438,0.1406521201133728,0.34645816683769226,21.189775466918945,0.20122875273227692,0.34246307611465454,20.26840591430664,0.418425977230072,21.180278778076172,0.41486093401908875,0.3760792911052704,0.07574500143527985,0.5138751268386841,0.36732903122901917,0.5965638160705566,0.3313613533973694,0.324345201253891,22.624109268188477,0.6367966532707214,0.36731475591659546,0.24141842126846313,0.7348501682281494,0.582887589931488,21.475547790527344,0.7253375053405762,0.22796407341957092,0.45095622539520264,0.13978153467178345,0.7239193916320801,0.5096421241760254,0.4057590663433075,0.5271846055984497,0.5822245478630066,0.19493615627288818,0.5179980397224426,0.4755087196826935,1.414365291595459,0.45562267303466797,0.8266057968139648,19.85528564453125,21.300296783447266,0.5318053364753723,0.3034611940383911,0.44412878155708313,0.20370635390281677,0.3350449204444885,20.16265869140625,0.6776105165481567,22.144346237182617,0.6477370262145996,0.40396177768707275,23.604705810546875,0.7840386033058167,19.187633514404297,20.385698318481445,0.5478419661521912,0.3621256649494171,0.2615073323249817,0.5962615609169006,0.45739835500717163,0.40541577339172363,0.26627764105796814,0.07977983355522156,20.856794357299805,1.4674586057662964,0.4348149299621582,0.48152750730514526,0.5509777665138245,20.5029354095459,0.20718321204185486,0.34559139609336853,0.103708915412426,0.6527675986289978,18.701711654663086,21.38761329650879,0.5708014369010925,1.742836594581604,0.3252730071544647,0.26510030031204224,0.40904563665390015,0.33444663882255554,0.4864300787448883,0.22906585037708282,0.48629283905029297,0.6910427212715149,0.07043446600437164,0.5049120783805847,0.7678042054176331,23.043846130371094,22.547569274902344,0.49887147545814514
20.501850128173828,0.31189823150634766,0.6814125180244446,18.810073852539062,0.13657742738723755,0.2816058099269867,0.3812604248523712,0.7226747274398804,21.630603790283203,0.39467868208885193,0.34645816683769226,0.0,20.869091033935547,0.17395426332950592,0.0,19.95311164855957,0.038995303213596344,20.858631134033203,0.1985810548067093,0.368104487657547,0.2517789602279663,0.13370706140995026,0.07784373313188553,0.8567503690719604,0.0,0.057980187237262726,22.304677963256836,0.6007716655731201,0.3146699070930481,0.5199468731880188,0.9435721635818481,0.643182635307312,21.15674591064453,0.38431549072265625,0.5315380692481995,0.44530820846557617,0.14155778288841248,0.40400663018226624,0.5855980515480042,0.33047226071357727,0.3771820068359375,0.8288484811782837,0.5255185961723328,0.604960560798645,0.5935515761375427,1.4465904235839844,0.5918830633163452,1.1473013162612915,19.53083610534668,20.98011589050293,0.3458506762981415,0.6085841655731201,0.015594452619552612,0.3587215840816498,0.34296396374702454,19.84137725830078,0.8517147898674011,21.828330993652344,0.9752491116523743,0.6957012414932251,23.286897659301758,0.45806610584259033,18.862918853759766,20.06711769104004,0.22465182840824127,0.0,0.18089090287685394,0.3125351071357727,0.1899169236421585,0.3433780372142792,0.5964094996452332,0.185166135430336,20.533098220825195,1.271079659461975,0.5457097291946411,0.3622494041919708,0.3201606273651123,20.182592391967773,0.18658989667892456,0.027265163138508797,0.34482476115226746,0.7668739557266235,18.828529357910156,21.070842742919922,0.3498445749282837,1.8519458770751953,0.16282257437705994,0.4449129104614258,0.7226806879043579,0.2661988139152527,0.8186512589454651,0.0937296524643898,0.2102775126695633,0.35145533084869385,0.2829083204269409,0.7900656461715698,0.7921667695045471,22.721277236938477,22.226131439208984,0.3298714756965637
0.5336572527885437,21.205303192138672,21.55270004272461,2.1838033199310303,20.703203201293945,20.965763092041016,20.823373794555664,21.388975143432617,0.47402629256248474,21.064802169799805,21.189775466918945,20.869091033935547,0.0,21.072391510009766,20.859281539916992,1.208023190498352,20.793014526367188,0.2795630693435669,20.94902229309082,20.937786102294922,21.091753005981445,20.735000610351562,20.901002883911133,21.729270935058594,20.896533966064453,20.91236686706543,1.3339486122131348,21.20519256591797,20.90194320678711,21.404203414916992,21.75971221923828,21.359411239624023,0.37638092041015625,20.486597061157227,21.36577606201172,21.20081901550293,21.083707809448242,20.650678634643555,21.346073150634766,21.09048843383789,21.01032066345215,21.679323196411133,21.40398597717285,21.361825942993164,21.3880558013916,21.711332321166992,21.399320602416992,22.006267547607422,1.5097543001174927,0.0,20.708513259887695,21.490015029907227,20.773521423339844,21.21343421936035,21.16382598876953,1.0293691158294678,21.64712905883789,1.2448747158050537,21.751142501831055,21.41156768798828,2.466245412826538,20.41408348083496,2.0871477127075195,0.9363273978233337,20.775461196899414,20.843664169311523,21.04545783996582,20.790563583374023,20.884618759155273,21.113956451416016,21.46277618408203,21.07586669921875,0.5917936563491821,20.753780364990234,21.34852409362793,21.044780731201172,20.890531539916992,0.5871601700782776,21.033401489257812,20.8869571685791,21.185760498046875,21.063749313354492,28.493789672851562,0.6167917847633362,20.655452728271484,21.073375701904297,20.9793643951416,21.311222076416016,21.58797836303711,20.91707420349121,21.620807647705078,20.96668815612793,20.861434936523438,20.633682250976562,21.138652801513672,21.658613204956055,21.384143829345703,1.9147639274597168,1.2628973722457886,20.986082077026367
20.705196380615234,0.007176239509135485,0.48548418283462524,19.01436424255371,0.3600960969924927,0.265118271112442,0.4341575503349304,0.5740958452224731,21.83409309387207,0.3212668001651764,0.20122875273227692,0.17395426332950592,21.072391510009766,0.0,0.215784952044487,20.15736198425293,0.28025132417678833,21.061641693115234,0.20142769813537598,0.4146907925605774,0.16754238307476044,0.33273133635520935,0.18424192070960999,0.6481727361679077,0.13882651925086975,0.1758788824081421,22.508272171020508,0.49405956268310547,0.3848003149032593,0.31248170137405396,0.7449872493743896,0.487409383058548,21.360389709472656,0.5893852114677429,0.36825600266456604,0.3007749021053314,0.0,0.5277070999145508,0.4187939167022705,0.2242736965417862,0.3322293758392334,0.6279122233390808,0.33077946305274963,0.4394401013851166,0.4133225083351135,1.3205363750457764,0.4076186418533325,0.9525324702262878,19.733104705810547,21.183507919311523,0.49642524123191833,0.40657851099967957,0.2875889539718628,0.182280033826828,0.1776968091726303,20.044504165649414,0.6584059596061707,22.03241539001465,0.8132438063621521,0.577844500541687,23.490694046020508,0.6658616662025452,19.065185546875,20.27076530456543,0.3477686941623688,0.2199282944202423,0.045070238411426544,0.3984219431877136,0.25214797258377075,0.2193116694688797,0.40891972184181213,0.028671715408563614,20.73560905456543,1.2864753007888794,0.36595433950424194,0.2964731752872467,0.3485630452632904,20.38596534729004,0.1298864781856537,0.1962040215730667,0.20813386142253876,0.7733672261238098,18.850683212280273,21.274852752685547,0.5188203454017639,1.876785397529602,0.15017487108707428,0.24040104448795319,0.5298461318016052,0.33185887336730957,0.6552159190177917,0.139296293258667,0.2833966910839081,0.498952716588974,0.15100447833538055,0.5891626477241516,0.6576088070869446,22.92402458190918,22.429271697998047,0.2980996072292328
20.491729736328125,0.3533483147621155,0.687493085861206,18.797122955322266,0.15802519023418427,0.35927680134773254,0.4579344093799591,0.7854222059249878,21.620372772216797,0.46658945083618164,0.34246307611465454,0.0,20.859281539916992,0.215784952044487,0.0,19.94020652770996,0.05446908250451088,20.84946060180664,0.28077319264411926,0.3061830997467041,0.21609851717948914,0.19832755625247955,0.1553962230682373,0.8845667243003845,0.010896442458033562,0.0995471253991127,22.29410171508789,0.6698122620582581,0.24711470305919647,0.5360545516014099,0.9831690788269043,0.7023949027061462,21.145849227905273,0.3850035071372986,0.5220555663108826,0.5120522379875183,0.18608321249485016,0.46704351902008057,0.642076313495636,0.3988704979419708,0.4552289843559265,0.8561457395553589,0.5267276167869568,0.6579763293266296,0.6427665948867798,1.5136828422546387,0.6371469497680664,1.1504818201065063,19.523454666137695,20.970014572143555,0.2827591001987457,0.6183275580406189,0.08888059854507446,0.37856632471084595,0.4012127220630646,19.831954956054688,0.8980122804641724,21.81587791442871,0.9565533399581909,0.6610895395278931,23.27545738220215,0.44384148716926575,18.855653762817383,20.056114196777344,0.2997760474681854,0.0,0.2307850867509842,0.38413119316101074,0.271502822637558,0.4145999550819397,0.5938335061073303,0.17080913484096527,20.525205612182617,1.3428949117660522,0.5944081544876099,0.4351437985897064,0.3982064425945282,20.172574996948242,0.18436868488788605,0.08455023914575577,0.3313685357570648,0.701898455619812,18.75659942626953,21.05877685546875,0.2925412058830261,1.7813752889633179,0.21542668342590332,0.47727736830711365,0.7263800501823425,0.20571191608905792,0.8005204200744629,0.04966086894273758,0.2896178960800171,0.4098532795906067,0.26806241273880005,0.8058901429176331,0.8583589792251587,22.712717056274414,22.216777801513672,0.4085674285888672
1.025024175643921,20.292659759521484,20.632169723510742,1.0469005107879639,19.787765502929688,20.061477661132812,19.924585342407227,20.49482536315918,1.7513902187347412,20.163421630859375,20.26840591430664,19.95311164855957,1.208023190498352,20.15736198425293,19.94020652770996,0.0,19.875503540039062,1.4089546203613281,20.04174041748047,20.006654739379883,20.16691780090332,19.823883056640625,19.987712860107422,20.819046020507812,19.981571197509766,19.995567321777344,2.3857243061065674,20.310457229614258,19.972118377685547,20.48713493347168,20.857330322265625,20.461057662963867,1.3213695287704468,19.570940017700195,20.441190719604492,20.29895782470703,20.168079376220703,19.750370025634766,20.44474983215332,20.185300827026367,20.110252380371094,20.76879119873047,20.48236846923828,20.45970344543457,20.483919143676758,20.8457088470459,20.493576049804688,21.082626342773438,1.5767441987991333,1.260109305381775,19.779380798339844,20.570920944213867,19.857994079589844,20.296985626220703,20.256149291992188,0.9644166827201843,20.7469425201416,1.8868683576583862,20.816896438598633,20.47617530822754,3.363612413406372,19.494874954223633,1.8256171941757202,0.6388599872589111,19.86946678161621,19.925825119018555,20.131879806518555,19.88764762878418,19.9772891998291,20.20979881286621,20.5395450592041,20.15451431274414,1.5020432472229004,19.89422035217285,20.443113327026367,20.14240837097168,19.98871421813965,0.7610073089599609,20.11361312866211,19.970287322998047,20.262557983398438,20.11655044555664,27.225278854370117,1.1077163219451904,19.727489471435547,20.082178115844727,20.06607437133789,20.39853286743164,20.6663818359375,19.989912033081055,20.68916893005371,20.045705795288086,19.954885482788086,19.730302810668945,20.21601104736328,20.74225425720215,20.494400024414062,3.0679409503936768,2.4503555297851562,20.084138870239258
20.425640106201172,0.4126759469509125,0.7594618201255798,18.732444763183594,0.0962124690413475,0.35974499583244324,0.4271855354309082,0.8093847632408142,21.554288864135742,0.4754856526851654,0.418425977230072,0.038995303213596344,20.793014526367188,0.28025132417678833,0.05446908250451088,19.875503540039062,0.048671625554561615,20.78290557861328,0.286246120929718,0.366315096616745,0.31194865703582764,0.14417780935764313,0.17557768523693085,0.9446222186088562,0.09467369318008423,0.15427833795547485,22.228187561035156,0.6812319755554199,0.30769777297973633,0.6051505208015442,1.0329442024230957,0.7313501238822937,21.080121994018555,0.3232126832008362,0.5990134477615356,0.5376577377319336,0.26285862922668457,0.4135306775569916,0.6760753989219666,0.42090070247650146,0.4542905390262604,0.9147623181343079,0.6032066345214844,0.6936247944831848,0.6842198371887207,1.5235276222229004,0.6820091605186462,1.221746802330017,19.456079483032227,20.903892517089844,0.29477226734161377,0.6898057460784912,0.039239101111888885,0.44282129406929016,0.4390069246292114,19.765520095825195,0.9425517916679382,21.75094223022461,1.033567190170288,0.7397240400314331,23.20999526977539,0.38649487495422363,18.788217544555664,19.990459442138672,0.2612491846084595,0.0,0.2816278338432312,0.3504981994628906,0.2617141902446747,0.43739643692970276,0.6704263091087341,0.26832908391952515,20.458049774169922,1.304445505142212,0.6366573572158813,0.4436034560203552,0.38085561990737915,20.106414794921875,0.26200464367866516,0.13228186964988708,0.41243207454681396,0.7586589455604553,18.793710708618164,20.993637084960938,0.2892232835292816,1.823674201965332,0.2516501247882843,0.5358597040176392,0.7988657355308533,0.27134910225868225,0.8789312243461609,0.17412139475345612,0.27268487215042114,0.3516499698162079,0.35361677408218384,0.8720402121543884,0.8757038116455078,22.6458683013916,22.15027618408203,0.40747472643852234
0.7396750450134277,21.194005966186523,21.542865753173828,2.2902419567108154,20.692712783813477,20.95288848876953,20.80946159362793,21.37387466430664,0.7321066856384277,21.051300048828125,21.180278778076172,20.858631134033203,0.2795630693435669,21.061641693115234,20.84946060180664,1.4089546203613281,20.78290557861328,0.5015235543251038,20.936758041381836,20.930423736572266,21.0830078125,20.723613739013672,20.889984130859375,21.717248916625977,20.885854721069336,20.90205955505371,1.4671283960342407,21.19029426574707,20.894323348999023,21.393720626831055,21.746095657348633,21.34516716003418,0.7131661772727966,20.476255416870117,21.356861114501953,21.18734359741211,21.073074340820312,20.63715171813965,21.332429885864258,21.07773780822754,20.99657440185547,21.667394638061523,21.394437789916992,21.348339080810547,21.37495994567871,21.69050407409668,21.386545181274414,21.99688148498535,1.496139645576477,0.426300585269928,20.700841903686523,21.479909896850586,20.763015747070312,21.202919006347656,21.15154266357422,1.1088659763336182,21.63311767578125,1.4539228677749634,21.744070053100586,21.40488052368164,2.567544460296631,20.404502868652344,2.071542978286743,1.101908802986145,20.763019561767578,20.833599090576172,21.0344295501709,20.777496337890625,20.872394561767578,21.100984573364258,21.453533172607422,21.066410064697266,0.6177805662155151,20.73223114013672,21.335702896118164,21.03148651123047,20.877195358276367,0.7652860879898071,21.023649215698242,20.876632690429688,21.176639556884766,21.05971336364746,28.606708526611328,0.9323098659515381,20.647563934326172,21.078998565673828,20.968311309814453,21.29989242553711,21.57834815979004,20.90889549255371,21.61324119567871,20.95720672607422,20.849063873291016,20.62078094482422,21.129436492919922,21.647878646850586,21.368167877197266,1.9550459384918213,1.351855993270874,20.97272491455078
20.582672119140625,0.24983973801136017,0.6696513295173645,18.898937225341797,0.30733492970466614,0.08049387484788895,0.2148859202861786,0.5299702882766724,21.711666107177734,0.19708183407783508,0.41486093401908875,0.1985810548067093,20.94902229309082,0.20142769813537598,0.28077319264411926,20.04174041748047,0.286246120929718,20.936758041381836,0.0,0.5683861970901489,0.40570971369743347,0.21888293325901031,0.16957072913646698,0.7664404511451721,0.16344517469406128,0.23948290944099426,22.386655807495117,0.39695554971694946,0.5286180973052979,0.49501991271972656,0.8139822483062744,0.4659973680973053,21.23968505859375,0.5116162300109863,0.5806729793548584,0.24899087846279144,0.18437127768993378,0.32863903045654297,0.4203304648399353,0.153049498796463,0.1494683027267456,0.7432442903518677,0.5432883501052856,0.452602744102478,0.45343637466430664,1.2364877462387085,0.465956449508667,1.1213284730911255,19.60404396057129,21.060853958129883,0.5695837736129761,0.59211266040802,0.2552604377269745,0.3598019778728485,0.20669470727443695,19.92030143737793,0.704172670841217,21.915546417236328,1.0200577974319458,0.7989653944969177,23.37120246887207,0.6072837114334106,18.935874938964844,20.150432586669922,0.16139893233776093,0.2582615613937378,0.18406066298484802,0.20584863424301147,0.07418019324541092,0.1349494904279709,0.6172276735305786,0.3232230246067047,20.607667922973633,1.0863194465637207,0.41235458850860596,0.16430646181106567,0.14034327864646912,20.263160705566406,0.311919629573822,0.24022246897220612,0.4350144863128662,0.9564899802207947,19.02998161315918,21.15704917907715,0.5696725249290466,2.0530645847320557,0.19027186930179596,0.38211432099342346,0.7149518132209778,0.4724665582180023,0.8681162595748901,0.3056968152523041,0.10173138231039047,0.31511205434799194,0.3905566334724426,0.7416051626205444,0.5880268812179565,22.79755210876465,22.304689407348633,0.10275739431381226
20.569013595581055,0.5137442946434021,0.6760267615318298,18.863563537597656,0.4424625635147095,0.6405371427536011,0.762153685092926,0.9888243675231934,21.697172164916992,0.7239378690719604,0.3760792911052704,0.368104487657547,20.937786102294922,0.4146907925605774,0.3061830997467041,20.006654739379883,0.366315096616745,20.930423736572266,0.5683861970901489,0.1535409688949585,0.19674766063690186,0.5119907855987549,0.4425293803215027,0.9398732781410217,0.38804322481155396,0.36581358313560486,22.369470596313477,0.9080309271812439,0.11741920560598373,0.5827484726905823,1.0817183256149292,0.8955796957015991,21.220054626464844,0.5882011651992798,0.4777257442474365,0.7382334470748901,0.3881365954875946,0.7692424654960632,0.826591968536377,0.641987144947052,0.7334614992141724,0.9143107533454895,0.5178728699684143,0.8312927484512329,0.8007085919380188,1.72957181930542,0.7815941572189331,1.095625638961792,19.611486434936523,21.047359466552734,0.2649725675582886,0.6286256313323975,0.4096967875957489,0.4796164929866791,0.609511137008667,19.912073135375977,1.0267642736434937,21.88387107849121,0.8252640962600708,0.4883085787296295,23.347299575805664,0.5992307066917419,18.944250106811523,20.130016326904297,0.6114201545715332,0.3362184166908264,0.4488619565963745,0.6850945949554443,0.5708139538764954,0.6599973440170288,0.5595029592514038,0.2646105885505676,20.611156463623047,1.6374294757843018,0.7546142935752869,0.6966416835784912,0.6940920948982239,20.250347137451172,0.318443238735199,0.36920005083084106,0.33174964785575867,0.43121621012687683,18.472158432006836,21.128398895263672,0.31468960642814636,1.5000444650650024,0.45529812574386597,0.5929849743843079,0.7016966938972473,0.16799145936965942,0.680287778377533,0.2521839141845703,0.590957522392273,0.710161030292511,0.2939664125442505,0.8221101760864258,1.0754449367523193,22.79583168029785,22.296911239624023,0.6900960206985474
20.72355079650879,0.24557779729366302,0.44657638669013977,19.02378273010254,0.41600301861763,0.475173681974411,0.6364191174507141,0.7652562260627747,21.85213851928711,0.5362350940704346,0.07574500143527985,0.2517789602279663,21.091753005981445,0.16754238307476044,0.21609851717948914,20.16691780090332,0.31194865703582764,21.0830078125,0.40570971369743347,0.19674766063690186,0.0,0.44626128673553467,0.3079719543457031,0.7027261257171631,0.2500801086425781,0.23213447630405426,22.525222778320312,0.7047805190086365,0.17458905279636383,0.32260575890541077,0.845373809337616,0.6698763370513916,21.376312255859375,0.6279175281524658,0.24495567381381989,0.5169217586517334,0.08469673991203308,0.6945233941078186,0.5956631302833557,0.43987175822257996,0.5566920042037964,0.6821566820144653,0.2563583552837372,0.6027993559837341,0.5646795034408569,1.5170269012451172,0.5444141030311584,0.9066024422645569,19.760072708129883,21.201946258544922,0.378136545419693,0.38331788778305054,0.3510521352291107,0.2268611639738083,0.38265302777290344,20.06507682800293,0.7871723771095276,22.04339599609375,0.6810107231140137,0.3690450191497803,23.50489044189453,0.6745728850364685,19.092525482177734,20.28634262084961,0.5124152898788452,0.2494577318429947,0.23686422407627106,0.5765127539634705,0.4342212378978729,0.4494076669216156,0.32213538885116577,0.0,20.760988235473633,1.5084445476531982,0.5186070799827576,0.5119311809539795,0.5520334243774414,20.404666900634766,0.06387346237897873,0.25212717056274414,0.0,0.5310291647911072,18.619461059570312,21.28706932067871,0.4244284927845001,1.6428788900375366,0.28513282537460327,0.3385307192802429,0.4811173677444458,0.14463678002357483,0.5160483717918396,0.0,0.4626866281032562,0.6489542722702026,0.0,0.5950576066970825,0.85781329870224,22.947307586669922,22.450077056884766,0.5185868740081787
