0.0,21.09261703491211,20.660091400146484,1.4801491498947144,20.842817306518555,20.89382553100586,21.5057430267334,20.47418975830078,0.26705726981163025,20.99751853942871,21.085880279541016,21.033470153808594,0.0,24.779226303100586,20.850309371948242,0.3345264792442322,20.752418518066406,2.3592262268066406,20.564651489257812,20.801366806030273,20.190828323364258,20.202117919921875,20.889404296875,20.85293960571289,20.4670352935791,20.35960578918457,0.0,20.94753646850586,20.594512939453125,20.974205017089844,20.70865821838379,21.00753402709961,0.2998921573162079,20.227703094482422,22.6054744720459,20.780515670776367,21.543684005737305,21.69501495361328,20.826940536499023,20.43927764892578,20.683074951171875,20.75638771057129,21.046039581298828,20.75769805908203,20.342315673828125,20.529203414916992,20.666669845581055,20.41045379638672,0.6768754720687866,2.6742753982543945,20.910991668701172,21.381669998168945,21.026338577270508,20.5887508392334,20.706607818603516,0.0,20.733253479003906,0.45383161306381226,20.60610008239746,20.25847816467285,0.0,20.677610397338867,0.0,1.4328218698501587,20.789459228515625,20.767650604248047,20.666526794433594,20.56062889099121,21.03074073791504,20.938243865966797,20.6817684173584,20.914661407470703,0.24382010102272034,20.839630126953125,20.474924087524414,20.17034912109375,20.540773391723633,0.0,20.71622657775879,20.745464324951172,21.39423942565918,20.704669952392578,20.874988555908203,0.9023014903068542,20.83222198486328,20.75538444519043,20.838369369506836,20.846410751342773,20.95305824279785,20.143484115600586,20.511667251586914,21.096317291259766,20.794422149658203,21.024749755859375,19.96587371826172,20.838367462158203,20.732820510864258,0.8677591681480408,2.311734437942505,20.590845108032227
21.09261703491211,0.0,0.5111836194992065,19.566953659057617,1.011838436126709,0.3544612526893616,6.130243301391602,0.8695788979530334,20.757144927978516,0.8782886266708374,1.6576802730560303,3.583969831466675,20.992277145385742,13.069930076599121,2.32549786567688,21.07081413269043,0.7155611515045166,18.73957061767578,1.5176997184753418,1.1785997152328491,2.6164445877075195,1.3285212516784668,0.8456027507781982,0.4144032299518585,0.7505002021789551,1.027065634727478,21.109731674194336,0.2209363430738449,0.589251697063446,0.3673199415206909,1.0314432382583618,0.4330853819847107,20.659934997558594,1.1442954540252686,9.253849029541016,1.0332013368606567,1.0351636409759521,5.67969274520874,0.7871893644332886,0.6717713475227356,0.5128970742225647,0.39458441734313965,0.23710566759109497,0.5478663444519043,1.2879178524017334,0.8738117218017578,1.378096103668213,1.0638455152511597,20.620092391967773,18.454679489135742,1.8499326705932617,2.5986993312835693,0.23647335171699524,1.1341843605041504,0.37808990478515625,21.302139282226562,0.42128458619117737,21.508087158203125,0.7582817673683167,0.9242533445358276,21.191503524780273,0.5456703901290894,21.002899169921875,19.631610870361328,2.0922353267669678,0.4917047917842865,0.4006430208683014,0.5611666440963745,0.750405490398407,0.4801192879676819,0.3977116048336029,0.7053269743919373,21.503267288208008,4.237740516662598,0.7657520174980164,1.0606915950775146,0.6147513389587402,21.19474220275879,0.39728695154190063,0.4194355905056,3.740896701812744,1.5875428915023804,0.2043607234954834,22.127878189086914,2.9406607151031494,0.3551117479801178,0.18409693241119385,0.1784893423318863,0.06263718008995056,0.9546626210212708,2.352369546890259,0.390625,1.3230328559875488,0.1384722888469696,1.1756433248519897,2.3123836517333984,0.4124147295951843,20.156198501586914,23.368101119995117,0.8575475215911865
20.660091400146484,0.5111836194992065,0.0,19.132251739501953,0.6861141920089722,0.6621021628379822,6.423325538635254,0.9448891878128052,20.32260513305664,0.6465979814529419,1.3973350524902344,3.8782715797424316,20.559614181518555,13.386423110961914,2.6103203296661377,20.63153839111328,0.32765963673591614,18.2987060546875,1.1063690185546875,0.8353520631790161,2.178112268447876,0.8151940107345581,0.5564247369766235,0.17904947698116302,0.7601490020751953,1.07186758518219,20.67203712463379,0.27249768376350403,0.0,0.3200116455554962,0.6432545185089111,0.3621532917022705,20.2213134765625,0.6165907382965088,8.932541847229004,0.6776091456413269,1.0724799633026123,5.995541572570801,1.0709903240203857,0.22648882865905762,0.6244031190872192,0.5677012205123901,0.389314204454422,0.1473153531551361,0.7989881038665771,0.37639105319976807,1.6125279664993286,0.564814567565918,20.180034637451172,18.014625549316406,1.5344510078430176,2.3564555644989014,0.3772844076156616,0.7044488787651062,0.3127928376197815,20.865602493286133,0.07285705953836441,21.071622848510742,0.2700420320034027,0.408979207277298,20.75324821472168,0.0,20.566564559936523,19.198619842529297,1.7451190948486328,0.12398114055395126,0.36281368136405945,0.12991218268871307,0.5692010521888733,0.8307912945747375,0.4381295144557953,0.449547678232193,21.064064025878906,4.501878261566162,0.22940489649772644,0.5342314839363098,0.10458797216415405,20.763622283935547,0.14459721744060516,0.0,3.456101894378662,1.2175074815750122,0.34017473459243774,21.69401741027832,3.21637225151062,0.09916798770427704,0.37870484590530396,0.3664517402648926,0.3658422529697418,0.5383269190788269,1.9556560516357422,0.45546773076057434,1.5977858304977417,0.400726318359375,0.688423216342926,1.9733706712722778,0.13101233541965485,19.727079391479492,22.926589965820312,0.3896264135837555
1.4801491498947144,19.566953659057617,19.132251739501953,0.282724529504776,19.31111717224121,19.370925903320312,20.095474243164062,18.954633712768555,1.2661433219909668,19.466236114501953,19.552125930786133,19.56031036376953,1.4993844032287598,23.583629608154297,19.35344696044922,1.5792075395584106,19.22247314453125,0.8900465965270996,19.031517028808594,19.269071578979492,18.65718650817871,18.670591354370117,19.35848045349121,19.324691772460938,18.94550323486328,18.841205596923828,1.5169936418533325,19.420156478881836,19.066469192504883,19.445966720581055,19.177122116088867,19.478734970092773,1.1159507036209106,18.697269439697266,21.15435218811035,19.248821258544922,20.012054443359375,20.270383834838867,19.308624267578125,18.912240982055664,19.160261154174805,19.233112335205078,19.518489837646484,19.228897094726562,18.810497283935547,18.99909019470215,19.155118942260742,18.879667282104492,1.1978565454483032,1.2279177904129028,19.37703514099121,19.84774398803711,19.49889373779297,19.0570011138916,19.181039810180664,1.767577052116394,19.205825805664062,1.9980268478393555,19.076440811157227,18.730045318603516,1.6440812349319458,19.149173736572266,1.443088412284851,0.41072317957878113,19.25535011291504,19.239301681518555,19.141613006591797,19.03352928161621,19.500123977661133,19.4169864654541,19.157520294189453,19.38443374633789,1.9453988075256348,19.38153648376465,18.94608497619629,18.641164779663086,19.013084411621094,1.6854959726333618,19.189390182495117,19.21771812438965,19.864530563354492,19.171236038208008,19.349008560180664,2.565059185028076,19.34632682800293,19.22835350036621,19.31322479248047,19.32108497619629,19.426876068115234,18.616979598999023,18.977725982666016,19.567882537841797,19.282485961914062,19.497953414916992,18.437850952148438,19.304277420043945,19.20563316345215,0.7467427849769592,3.8339779376983643,19.06060218811035
20.842817306518555,1.011838436126709,0.6861141920089722,19.31111717224121,0.0,1.2965580224990845,7.104176044464111,1.6429812908172607,20.50072479248047,0.09741180390119553,0.6968141198158264,4.556711196899414,20.74162483215332,14.060791015625,3.289501667022705,20.798994064331055,0.33542612195014954,18.464792251586914,0.5076847672462463,0.1236422210931778,1.6081045866012573,0.635061502456665,0.1513640433549881,0.6148591637611389,1.4569733142852783,1.7677229642868042,20.84335708618164,0.7524678707122803,0.6756090521812439,0.6428170204162598,0.08439217507839203,0.5645291209220886,20.390762329101562,0.6439480185508728,8.2556734085083,0.0,0.690184473991394,6.66806697845459,1.741316318511963,0.8624617457389832,1.302111268043518,1.2445682287216187,0.7606362700462341,0.5292103886604309,0.4967930018901825,0.41377681493759155,2.2985942363739014,0.45505717396736145,20.34598159790039,18.182491302490234,0.8456027507781982,1.6580443382263184,0.7704131007194519,0.23740312457084656,0.9848002195358276,21.03905487060547,0.736936628818512,21.244937896728516,0.43315473198890686,0.8010414242744446,20.92308235168457,0.590628981590271,20.740800857543945,19.38104248046875,1.070412278175354,0.602216899394989,1.0618427991867065,0.8140642642974854,0.2835598587989807,1.4702861309051514,1.1364309787750244,0.2980388104915619,21.23164176940918,5.189693927764893,0.6187855005264282,0.7925879955291748,0.7432224750518799,20.948890686035156,0.8197054266929626,0.6843926906585693,2.7636048793792725,0.5596120953559875,0.9345626831054688,21.872880935668945,3.898792266845703,0.7865639328956604,1.0290930271148682,1.0082638263702393,0.9163258075714111,1.074826717376709,1.3291722536087036,0.6627687215805054,2.2739176750183105,0.8564893007278442,1.0551214218139648,1.2937990427017212,0.7730317115783691,19.91747283935547,23.087623596191406,0.3604229986667633
20.89382553100586,0.3544612526893616,0.6621021628379822,19.370925903320312,1.2965580224990845,0.14130154252052307,5.814818859100342,0.5352320075035095,20.560693740844727,1.196955680847168,1.9740780591964722,3.2676689624786377,20.79392433166504,12.76615047454834,2.0031793117523193,20.879005432128906,0.9622575044631958,18.549930572509766,1.7598230838775635,1.4560497999191284,2.838296890258789,1.467567801475525,1.1375858783721924,0.6779313683509827,0.4592284560203552,0.6916882395744324,20.91610336303711,0.5438392162322998,0.7193189859390259,0.6854425072669983,1.2841295003890991,0.7656773328781128,20.467445373535156,1.2545830011367798,9.553302764892578,1.3040119409561157,1.4115413427352905,5.374589920043945,0.45200181007385254,0.6906092166900635,0.2732979655265808,0.14871351420879364,0.5980390906333923,0.7762412428855896,1.4634283781051636,1.0529390573501587,1.0371019840240479,1.2283153533935547,20.42925453186035,18.264484405517578,2.1447958946228027,2.9252655506134033,0.584284782409668,1.3619416952133179,0.3959066867828369,21.10746192932129,0.5903140306472778,21.31336784362793,0.9498389363288879,0.96481853723526,20.998519897460938,0.7301657795906067,20.808029174804688,19.433940887451172,2.373997449874878,0.7120057940483093,0.32897838950157166,0.62676602602005,1.0769505500793457,0.17992617189884186,0.2510468363761902,1.0030614137649536,21.311119079589844,3.9096312522888184,0.8851185441017151,1.1124868392944336,0.7053634524345398,20.994789123535156,0.5230565667152405,0.6135393381118774,4.054017543792725,1.8545222282409668,0.38786131143569946,21.93027114868164,2.616370439529419,0.5205453634262085,0.24918997287750244,0.2777320444583893,0.3951520025730133,0.8848798871040344,2.605053186416626,0.7445532083511353,0.9947956204414368,0.49955156445503235,1.1442642211914062,2.5993423461914062,0.5672626495361328,19.954570770263672,23.17795753479004,1.0579967498779297
21.5057430267334,6.130243301391602,6.423325538635254,20.095474243164062,7.104176044464111,5.814818859100342,0.10364452749490738,5.495377540588379,21.227174758911133,7.011748313903809,7.784389019012451,2.546431541442871,21.416278839111328,6.972226142883301,3.8100578784942627,21.617773056030273,6.755844593048096,19.427871704101562,7.525335788726807,7.256786346435547,8.534225463867188,7.09944486618042,6.9439215660095215,6.482240200042725,5.689314842224121,5.404021263122559,21.62152099609375,6.355435848236084,6.455866813659668,6.485511302947998,7.072057247161865,6.56981897354126,21.210613250732422,6.87114143371582,15.357783317565918,7.104345321655273,7.126520156860352,0.5578147172927856,5.354435920715332,6.323333263397217,5.813500881195068,5.852723598480225,6.3868608474731445,6.567185878753662,7.155470848083496,6.790716648101807,4.8090620040893555,6.928225040435791,21.202878952026367,19.14537811279297,7.949759006500244,8.732054710388184,6.372777462005615,7.125784873962402,6.126410007476807,21.785642623901367,6.366252422332764,21.982675552368164,6.708347320556641,6.53562068939209,21.71200942993164,6.507319450378418,21.49448013305664,20.125364303588867,8.171808242797852,6.499712944030762,6.042533874511719,6.327020168304443,6.884385108947754,5.6367878913879395,5.962094306945801,6.810176849365234,22.028329849243164,1.9270129203796387,6.581968784332275,6.659542560577393,6.409029483795166,21.58007049560547,6.286581039428711,6.405612945556641,9.866503715515137,7.643064975738525,6.17503023147583,22.52516746520996,3.208855390548706,6.308103561401367,6.063899993896484,6.0871381759643555,6.197324275970459,6.282262802124023,8.363510131835938,6.523264408111572,4.828570365905762,6.28326940536499,6.506028652191162,8.401631355285645,6.335455894470215,20.550846099853516,23.867815017700195,6.813950061798096
20.47418975830078,0.8695788979530334,0.9448891878128052,18.954633712768555,1.6429812908172607,0.5352320075035095,5.495377540588379,0.0,20.143722534179688,1.5890583992004395,2.346972703933716,2.959104537963867,20.374874114990234,12.464427947998047,1.6974977254867554,20.466968536376953,1.2886706590652466,18.140729904174805,2.030329465866089,1.7867213487625122,3.05013370513916,1.617223858833313,1.5018563270568848,1.0544754266738892,0.1899997591972351,0.15129944682121277,20.50202178955078,0.9738894104957581,0.9673629403114319,1.1061487197875977,1.592136263847351,1.1914215087890625,20.05471420288086,1.3869346380233765,9.864476203918457,1.6329158544540405,1.8946596384048462,5.0812578201293945,0.344561904668808,0.8243937492370605,0.40471065044403076,0.44739460945129395,1.0531890392303467,1.1078213453292847,1.6613500118255615,1.2939891815185547,0.6989104151725769,1.4327713251113892,20.018383026123047,17.854808807373047,2.4814670085906982,3.306016445159912,1.0334135293960571,1.6340032815933228,0.6817399263381958,20.692270278930664,0.9105019569396973,20.898122787475586,1.2183387279510498,1.0512923002243042,20.585155487060547,1.0269371271133423,20.392662048339844,19.015888214111328,2.6857876777648926,1.0480303764343262,0.5753204822540283,0.8380396962165833,1.4841102361679077,0.47135305404663086,0.49835890531539917,1.3815019130706787,20.89858055114746,3.5646581649780273,1.0843628644943237,1.1870160102844238,0.9168847799301147,20.573972702026367,0.8308360576629639,0.9447509050369263,4.40360689163208,2.156632423400879,0.7935410141944885,21.51176643371582,2.292360544204712,0.8571849465370178,0.6655458211898804,0.692116916179657,0.8452598452568054,0.8354619145393372,2.868224859237671,1.1958070993423462,0.7235735058784485,0.9587655663490295,1.0965585708618164,2.9155328273773193,0.8845424652099609,19.532161712646484,22.767288208007812,1.3234783411026
0.26705726981163025,20.757144927978516,20.32260513305664,1.2661433219909668,20.50072479248047,20.560693740844727,21.227174758911133,20.143722534179688,0.5525928735733032,20.65603256225586,20.739669799804688,20.72859001159668,0.6239004135131836,24.573667526245117,20.533689498901367,0.6820630431175232,20.412626266479492,2.0725629329681396,20.219934463500977,20.458309173583984,19.84038543701172,19.860240936279297,20.548364639282227,20.51500701904297,20.135072708129883,20.02999496459961,0.39632558822631836,20.6104736328125,20.25682258605957,20.636253356933594,20.366785049438477,20.66900062561035,0.4238596260547638,19.88733673095703,22.238540649414062,20.438425064086914,21.201690673828125,21.41075325012207,20.497312545776367,20.10260772705078,20.35003662109375,20.42299461364746,20.708776473999023,20.419191360473633,20.000001907348633,20.189228057861328,20.341585159301758,20.069610595703125,0.695838987827301,2.3866419792175293,20.563783645629883,21.03041648864746,20.68917465209961,20.246551513671875,20.37124252319336,0.7295804023742676,20.396154403686523,0.957899808883667,20.266658782958984,19.920419692993164,0.612197995185852,20.339523315429688,0.4415617883205414,1.240854024887085,20.440963745117188,20.42961311340332,20.331769943237305,20.223873138427734,20.690101623535156,20.606416702270508,20.34758758544922,20.574504852294922,0.8464583158493042,20.541606903076172,20.13640785217285,19.831483840942383,20.203441619873047,0.7040792107582092,20.37969970703125,20.408071517944336,21.037744522094727,20.359233856201172,20.539228439331055,1.4190713167190552,20.521257400512695,20.418682098388672,20.50339126586914,20.511266708374023,20.61711883544922,19.807355880737305,20.162111282348633,20.75813102722168,20.469064712524414,20.68821144104004,19.62828826904297,20.488616943359375,20.395946502685547,0.8224581480026245,2.6873865127563477,20.25069808959961
20.99751853942871,0.8782886266708374,0.6465979814529419,19.466236114501953,0.09741180390119553,1.196955680847168,7.011748313903809,1.5890583992004395,20.65603256225586,0.0,0.7636868357658386,4.463709831237793,20.896347045898438,13.960426330566406,3.1988861560821533,20.955951690673828,0.31320416927337646,18.621801376342773,0.6834039688110352,0.3010474741458893,1.771898865699768,0.7960547804832458,0.05630287155508995,0.5243949890136719,1.4097226858139038,1.723114013671875,20.99979591369629,0.6376811265945435,0.6566938161849976,0.5205618739128113,0.2701214849948883,0.42741096019744873,20.547426223754883,0.7676253318786621,8.358945846557617,0.19053232669830322,0.5246822237968445,6.568264007568359,1.6489580869674683,0.8607776761054993,1.2309050559997559,1.1630913019180298,0.6266092658042908,0.47452497482299805,0.667784571647644,0.48506754636764526,2.2188565731048584,0.580521821975708,20.503114700317383,18.339155197143555,0.9524884223937988,1.722381591796875,0.6413094401359558,0.41456660628318787,0.9180954694747925,21.19513702392578,0.6748124361038208,21.401031494140625,0.458585262298584,0.8588787913322449,21.079721450805664,0.5546513795852661,20.89676284790039,19.535598754882812,1.1949549913406372,0.5392447113990784,0.9985617995262146,0.7888473272323608,0.04182150959968567,1.3656436204910278,1.0679755210876465,0.1813463717699051,21.388654708862305,5.106052875518799,0.6489152908325195,0.8812041282653809,0.7312477827072144,21.103137969970703,0.7574462294578552,0.6203116774559021,2.8515303134918213,0.7097184062004089,0.8375627398490906,22.028215408325195,3.8110527992248535,0.7157250642776489,0.9366909265518188,0.9148029685020447,0.8041504621505737,1.11142897605896,1.4769009351730347,0.5139354467391968,2.184675693511963,0.7306867241859436,1.1366276741027832,1.4118540287017822,0.7097721695899963,20.070838928222656,23.24570655822754,0.42336660623550415
21.085880279541016,1.6576802730560303,1.3973350524902344,19.552125930786133,0.6968141198158264,1.9740780591964722,7.784389019012451,2.346972703933716,20.739669799804688,0.7636868357658386,0.0889797955751419,5.23724365234375,20.984081268310547,14.731127738952637,3.9733662605285645,21.02729606628418,1.0559923648834229,18.694509506225586,0.5628525614738464,0.5785702466964722,1.2259480953216553,1.0899150371551514,0.8520271182060242,1.3074615001678467,2.161665439605713,2.4720489978790283,21.07537269592285,1.4262868165969849,1.3861002922058105,1.3038195371627808,0.7787949442863464,1.2168713808059692,20.62143898010254,1.2203421592712402,7.592289924621582,0.7178112864494324,0.8621470928192139,7.340146064758301,2.427055597305298,1.5658220052719116,1.997712254524231,1.9390935897827148,1.4051319360733032,1.2379701137542725,0.9440400004386902,1.1028084754943848,2.9912376403808594,1.0592565536499023,20.57329750061035,18.41429901123047,0.2864176332950592,0.965069055557251,1.419475793838501,0.7954921126365662,1.6833654642105103,21.272924423217773,1.4401254653930664,21.478466033935547,1.144758701324463,1.465796947479248,21.153568267822266,1.3078399896621704,20.975744247436523,19.625402450561523,0.5164824724197388,1.3047313690185547,1.7655850648880005,1.521368384361267,0.902465283870697,2.144967794418335,1.8392019271850586,0.9803802371025085,21.45962905883789,5.878572940826416,1.3151382207870483,1.418501615524292,1.4500256776809692,21.194293975830078,1.5219236612319946,1.3929424285888672,2.0842397212982178,0.40082865953445435,1.6156883239746094,22.111190795898438,4.584237575531006,1.489324688911438,1.7191195487976074,1.6968525648117065,1.5871258974075317,1.7488315105438232,0.8690747618675232,1.2798141241073608,2.9596164226531982,1.50851309299469,1.6754614114761353,0.6894669532775879,1.473333477973938,20.168916702270508,23.307533264160156,1.0578317642211914
21.033470153808594,3.583969831466675,3.8782715797424316,19.56031036376953,4.556711196899414,3.2676689624786377,2.546431541442871,2.959104537963867,20.72859001159668,4.463709831237793,5.23724365234375,0.0,20.938642501831055,9.507265090942383,1.2576518058776855,21.091487884521484,4.20934534072876,18.81903076171875,4.984000205993652,4.7102532386779785,6.008990287780762,4.573935031890869,4.396603107452393,3.934605598449707,3.153087615966797,2.877270460128784,21.109722137451172,3.8074235916137695,3.912782669067383,3.9384925365448,4.526722431182861,4.0226593017578125,20.678617477416992,4.344578742980957,12.813206672668457,4.557662487030029,4.592596530914307,2.1215720176696777,2.8049283027648926,3.7864997386932373,3.269411563873291,3.3052282333374023,3.8406283855438232,4.020544528961182,4.622434616088867,4.24968957901001,2.265230894088745,4.392356872558594,20.65762710571289,18.53199005126953,5.403260707855225,6.186193943023682,3.826481342315674,4.583419322967529,3.5811705589294434,21.287153244018555,3.8200578689575195,21.489797592163086,4.164867401123047,4.0083465576171875,21.197538375854492,3.9614498615264893,20.98973846435547,19.604881286621094,5.626521587371826,3.9531896114349365,3.4970364570617676,3.785395622253418,4.337211608886719,3.0884175300598145,3.4157214164733887,4.2627339363098145,21.51507568359375,0.6664937138557434,4.043255805969238,4.137428283691406,3.8680202960968018,21.120071411132812,3.74076247215271,3.858469247817993,7.319345474243164,5.098637104034424,3.6278445720672607,22.06930160522461,0.6707043647766113,3.7610113620758057,3.515342950820923,3.538790225982666,3.6496875286102295,3.764997959136963,5.825568675994873,3.978315591812134,2.2807207107543945,3.7370026111602783,4.001288414001465,5.855719089508057,3.789637327194214,20.076114654541016,23.381359100341797,4.27121639251709
0.0,20.992277145385742,20.559614181518555,1.4993844032287598,20.74162483215332,20.79392433166504,21.416278839111328,20.374874114990234,0.6239004135131836,20.896347045898438,20.984081268310547,20.938642501831055,0.5753470063209534,24.70612335205078,20.75328254699707,0.695093035697937,20.651575088500977,2.329009532928467,20.46323585510254,20.700063705444336,20.088956832885742,20.101211547851562,20.7883358001709,20.752323150634766,20.367481231689453,20.26047706604004,0.3509543240070343,20.84701156616211,20.49403190612793,20.873538970947266,20.607547760009766,20.90677261352539,0.6122229099273682,20.126989364624023,22.504762649536133,20.67934799194336,21.442241668701172,21.6042537689209,20.72762680053711,20.339008331298828,20.583267211914062,20.656496047973633,20.945449829101562,20.65703582763672,20.241294860839844,20.428422927856445,20.568187713623047,20.309600830078125,0.853119969367981,2.6360907554626465,20.80914878845215,21.279239654541016,20.925769805908203,20.487646102905273,20.60643196105957,0.6263413429260254,20.63280487060547,0.8258185982704163,20.50536346435547,20.158077239990234,0.561468243598938,20.577037811279297,0.43599769473075867,1.4590823650360107,20.68752670288086,20.667051315307617,20.566457748413086,20.460298538208008,20.929672241210938,20.838533401489258,20.5817813873291,20.813705444335938,0.7258691191673279,20.746253967285156,20.374370574951172,20.069868087768555,20.440366744995117,0.5610332489013672,20.61587142944336,20.64496612548828,21.291460037231445,20.603113174438477,20.774688720703125,1.1983468532562256,20.73627281188965,20.654987335205078,20.73819923400879,20.746213912963867,20.852699279785156,20.043413162231445,20.40974235534668,20.995574951171875,20.695844650268555,20.924274444580078,19.865659713745117,20.73628807067871,20.632408142089844,0.9775073528289795,2.4918322563171387,20.490015029907227
24.779226303100586,13.069930076599121,13.386423110961914,23.583629608154297,14.060791015625,12.76615047454834,6.972226142883301,12.464427947998047,24.573667526245117,13.960426330566406,14.731127738952637,9.507265090942383,24.70612335205078,0.21072037518024445,10.77198600769043,25.006345748901367,13.715533256530762,23.11332130432129,14.491825103759766,14.215216636657715,15.504735946655273,14.07002067565918,13.897483825683594,13.436911582946777,12.657954216003418,12.374273300170898,24.977766036987305,13.304962158203125,13.421003341674805,13.43307876586914,14.033732414245605,13.515874862670898,24.63245391845703,13.841815948486328,22.31955909729004,14.063529968261719,14.03437614440918,7.395089626312256,12.311366081237793,13.29218864440918,12.774812698364258,12.812154769897461,13.32964038848877,13.526385307312012,14.125399589538574,13.757765769958496,11.774051666259766,13.897178649902344,24.654315948486328,22.856626510620117,14.905421257019043,15.669018745422363,13.316668510437012,14.091201782226562,13.087018013000488,25.10377311706543,13.32619857788086,25.27842903137207,13.67328929901123,13.506219863891602,25.06964683532715,13.470161437988281,24.841222763061523,23.579586029052734,15.133273124694824,13.458186149597168,13.00557804107666,13.2929105758667,13.830130577087402,12.586321830749512,12.924935340881348,13.762118339538574,25.36785316467285,8.902486801147461,13.550047874450684,13.630209922790527,13.375478744506836,24.821884155273438,13.247122764587402,13.365653991699219,16.813608169555664,14.605744361877441,13.127696990966797,25.71114158630371,10.17403507232666,13.267463684082031,13.019503593444824,13.042160987854004,13.145984649658203,13.252415657043457,15.331660270690918,13.462594985961914,11.787639617919922,13.227049827575684,13.474388122558594,15.362519264221191,13.295116424560547,23.88030242919922,27.06324005126953,13.779179573059082
20.850309371948242,2.32549786567688,2.6103203296661377,19.35344696044922,3.289501667022705,2.0031793117523193,3.8100578784942627,1.6974977254867554,20.533689498901367,3.1988861560821533,3.9733662605285645,1.2576518058776855,20.75328254699707,10.77198600769043,0.0,20.880517959594727,2.9416794776916504,18.579004287719727,3.7180256843566895,3.4431450366973877,4.751830101013184,3.3185009956359863,3.1305925846099854,2.6679108142852783,1.8914536237716675,1.6270873546600342,20.90602684020996,2.542590379714966,2.645737648010254,2.675271511077881,3.2593517303466797,2.7598495483398438,20.466922760009766,3.088744878768921,11.54680061340332,3.290147066116333,3.3524763584136963,3.3816800117492676,1.534119725227356,2.523493766784668,2.0029895305633545,2.0361597537994385,2.580242872238159,2.7528810501098633,3.36148738861084,2.9836974143981934,0.9953734874725342,3.1297450065612793,20.439289093017578,18.291536331176758,4.1370978355407715,4.925292015075684,2.5655908584594727,3.3170108795166016,2.3140079975128174,21.089332580566406,2.552393674850464,21.293807983398438,2.897650957107544,2.7526943683624268,20.992029190063477,2.6929380893707275,20.790281295776367,19.405261993408203,4.359476566314697,2.685901165008545,2.228417158126831,2.51930832862854,3.074213981628418,1.8236937522888184,2.1462292671203613,2.9972476959228516,21.308557510375977,1.8986464738845825,2.7788023948669434,2.8857309818267822,2.6022558212280273,20.942718505859375,2.47314715385437,2.5899317264556885,6.054748058319092,3.8317196369171143,2.3624684810638428,21.889251708984375,0.6031457185745239,2.492751121520996,2.24725341796875,2.271193742752075,2.3856911659240723,2.519284963607788,4.5613017082214355,2.720203161239624,1.0090816020965576,2.4763448238372803,2.7657744884490967,4.588473796844482,2.522425889968872,19.89704132080078,23.179811477661133,3.0045313835144043
0.3345264792442322,21.07081413269043,20.63153839111328,1.5792075395584106,20.798994064331055,20.879005432128906,21.617773056030273,20.466968536376953,0.6820630431175232,20.955951690673828,21.02729606628418,21.091487884521484,0.695093035697937,25.006345748901367,20.880517959594727,0.47803306579589844,20.71636962890625,2.337769031524658,20.5111141204834,20.754087448120117,20.114105224609375,20.15839385986328,20.849246978759766,20.823101043701172,20.45539665222168,20.35477066040039,0.0,20.920591354370117,20.565244674682617,20.94440269470215,20.66545867919922,20.97587013244629,0.4794991612434387,20.189218521118164,22.393579483032227,20.73663330078125,21.500852584838867,21.796228408813477,20.82242202758789,20.413145065307617,20.668371200561523,20.740699768066406,21.018510818481445,20.725908279418945,20.297199249267578,20.49233627319336,20.67473030090332,20.370512008666992,0.7053783535957336,2.659832239151001,20.84836769104004,21.303010940551758,20.999109268188477,20.544286727905273,20.68479347229004,0.5188111662864685,20.70599937438965,0.7270243763923645,20.571094512939453,20.227703094482422,0.3274267017841339,20.647136688232422,0.35711756348609924,1.5677353143692017,20.721614837646484,20.737394332885742,20.64659309387207,20.534318923950195,20.99208641052246,20.92737579345703,20.663631439208984,20.877527236938477,0.46100369095802307,20.912593841552734,20.442848205566406,20.136838912963867,20.512605667114258,0.7290155291557312,20.690776824951172,20.717294692993164,21.290735244750977,20.648597717285156,20.852079391479492,1.164861798286438,20.876121520996094,20.72942543029785,20.817899703979492,20.825428009033203,20.929664611816406,20.118806838989258,20.43911361694336,21.06583595275879,20.801822662353516,20.999515533447266,19.936378479003906,20.76545524597168,20.706274032592773,1.195472002029419,2.3313212394714355,20.553451538085938
20.752418518066406,0.7155611515045166,0.32765963673591614,19.22247314453125,0.33542612195014954,0.9622575044631958,6.755844593048096,1.2886706590652466,20.412626266479492,0.31320416927337646,1.0559923648834229,4.20934534072876,20.651575088500977,13.715533256530762,2.9416794776916504,20.71636962890625,0.0,18.38252830505371,0.7980852127075195,0.49639931321144104,1.8921582698822021,0.652432918548584,0.22443097829818726,0.28655746579170227,1.1035946607589722,1.4145078659057617,20.758771896362305,0.44102150201797485,0.3245788812637329,0.3659152388572693,0.3131706714630127,0.3194807469844818,20.307069778442383,0.5341823697090149,8.60181999206543,0.3324417173862457,0.8333357572555542,6.323480606079102,1.3961668014526367,0.5247122049331665,0.954246997833252,0.8964258432388306,0.4888434410095215,0.17338865995407104,0.5781679153442383,0.2023535519838333,1.947945237159729,0.38807761669158936,20.26406478881836,18.099271774291992,1.1979273557662964,2.014995574951172,0.4917164444923401,0.4070824980735779,0.6375360488891602,20.953405380249023,0.3877949118614197,21.15938377380371,0.11352092772722244,0.5355775356292725,20.839263916015625,0.2160433530807495,20.654714584350586,19.29059600830078,1.4143861532211304,0.25892722606658936,0.707962691783905,0.4655090272426605,0.2901097536087036,1.1353747844696045,0.7822954654693604,0.16498415172100067,21.149011611938477,4.838271617889404,0.31519073247909546,0.5845825672149658,0.4000176787376404,20.857208251953125,0.47061800956726074,0.3248623013496399,3.1176085472106934,0.8914180994033813,0.6054577231407166,21.784574508666992,3.5496857166290283,0.4351635277271271,0.6868963241577148,0.6680843830108643,0.5987212061882019,0.775664210319519,1.6449226140975952,0.44605714082717896,1.927094578742981,0.5652635097503662,0.8230457901954651,1.6408377885818481,0.42787036299705505,19.823041915893555,23.008541107177734,0.15894585847854614
2.3592262268066406,18.73957061767578,18.2987060546875,0.8900465965270996,18.464792251586914,18.549930572509766,19.427871704101562,18.140729904174805,2.0725629329681396,18.621801376342773,18.694509506225586,18.81903076171875,2.329009532928467,23.11332130432129,18.579004287719727,2.337769031524658,18.38252830505371,0.0,18.17744255065918,18.41997528076172,17.786466598510742,17.82406997680664,18.515178680419922,18.49010467529297,18.127355575561523,18.029603958129883,2.332106590270996,18.588134765625,18.232275009155273,18.61147117614746,18.33125114440918,18.642629623413086,1.8928754329681396,17.855056762695312,20.242189407348633,18.402423858642578,19.166826248168945,19.58696746826172,18.49745750427246,18.080745697021484,18.33931541442871,18.411237716674805,18.686006546020508,18.392581939697266,17.96291732788086,18.158355712890625,18.356624603271484,18.03633689880371,1.9016618728637695,0.34663429856300354,18.51639747619629,18.976360321044922,18.666671752929688,18.21005630493164,18.353538513183594,2.5741446018218994,18.373458862304688,2.798508405685425,18.2373104095459,17.894399642944336,2.43666410446167,18.31395149230957,2.2593562602996826,1.0310909748077393,18.390932083129883,18.404327392578125,18.315784454345703,18.20193099975586,18.658117294311523,18.59971809387207,18.33333969116211,18.543651580810547,2.7363831996917725,18.659423828125,18.109407424926758,17.803125381469727,18.179838180541992,2.536735773086548,18.358617782592773,18.38453483581543,18.978559494018555,18.315311431884766,18.52057647705078,3.40586256980896,18.587814331054688,18.397130966186523,18.48696517944336,18.49436378479004,18.598026275634766,17.78666877746582,18.109952926635742,18.73285484313965,18.48334312438965,18.667497634887695,17.60318946838379,18.43639373779297,18.3739013671875,1.584592342376709,4.6193928718566895,18.21946144104004
20.564651489257812,1.5176997184753418,1.1063690185546875,19.031517028808594,0.5076847672462463,1.7598230838775635,7.525335788726807,2.030329465866089,20.219934463500977,0.6834039688110352,0.5628525614738464,4.984000205993652,20.46323585510254,14.491825103759766,3.7180256843566895,20.5111141204834,0.7980852127075195,18.17744255065918,0.0,0.36506199836730957,1.0956701040267944,0.5532758831977844,0.6861447691917419,1.096139907836914,1.8386532068252563,2.13493275642395,20.55780601501465,1.2484896183013916,1.0687530040740967,1.1456838846206665,0.4791410267353058,1.080291748046875,20.10432243347168,0.7282354235649109,7.831650733947754,0.4745490849018097,1.0989899635314941,7.102863311767578,2.187608003616333,1.2045097351074219,1.7263249158859253,1.6866192817687988,1.268731713294983,0.9851729869842529,0.4234003722667694,0.7277114391326904,2.717088222503662,0.6140831112861633,20.057430267333984,17.8966121673584,0.5340573787689209,1.382409691810608,1.2743066549301147,0.39876288175582886,1.4160608053207397,20.7548770904541,1.179256558418274,20.960613250732422,0.8143945932388306,1.031545877456665,20.636592864990234,1.0200456380844116,20.457258224487305,19.103763580322266,0.6621640920639038,1.0571783781051636,1.485943078994751,1.199365496635437,0.8194703459739685,1.9374881982803345,1.5648322105407715,0.8180400133132935,20.943498611450195,5.5985870361328125,0.9431065917015076,0.9461333155632019,1.1163617372512817,20.6724853515625,1.2557575702667236,1.135419249534607,2.3945982456207275,0.17125242948532104,1.4048430919647217,21.591716766357422,4.319238662719727,1.2365776300430298,1.4928277730941772,1.4737024307250977,1.403835654258728,1.3158015012741089,0.8478812575340271,1.1779011487960815,2.70798659324646,1.3561826944351196,1.184484601020813,0.8872348666191101,1.2130651473999023,19.645051956176758,22.794414520263672,0.7108247876167297
20.801366806030273,1.1785997152328491,0.8353520631790161,19.269071578979492,0.1236422210931778,1.4560497999191284,7.256786346435547,1.7867213487625122,20.458309173583984,0.3010474741458893,0.5785702466964722,4.7102532386779785,20.700063705444336,14.215216636657715,3.4431450366973877,20.754087448120117,0.49639931321144104,18.41997528076172,0.36506199836730957,0.0,1.453148603439331,0.6164252758026123,0.3366577923297882,0.7793506979942322,1.598829984664917,1.9067717790603638,20.799297332763672,0.9193173050880432,0.8167163133621216,0.8095956444740295,0.19585373997688293,0.7338774800300598,20.34636116027832,0.6813355684280396,8.101954460144043,0.1234724149107933,0.768861711025238,6.8229875564575195,1.8981341123580933,0.9902642369270325,1.4534157514572144,1.4003123044967651,0.9271894097328186,0.6876886487007141,0.4665455222129822,0.5215392112731934,2.4499351978302,0.5045568943023682,20.300811767578125,18.138164520263672,0.7018271684646606,1.526854157447815,0.9363396167755127,0.24285991489887238,1.137223720550537,20.995471954345703,0.8918513059616089,21.201305389404297,0.566853940486908,0.8930385112762451,20.87868309020996,0.7426948547363281,20.697437286376953,19.339811325073242,0.9164965152740479,0.7599526047706604,1.2133017778396606,0.9538271427154541,0.45316919684410095,1.630827784538269,1.2892074584960938,0.47288620471954346,21.186674118041992,5.3399338722229,0.7370569705963135,0.8594643473625183,0.8788074851036072,20.908042907714844,0.9731473326683044,0.8423506617546082,2.6177821159362793,0.4068973958492279,1.0954524278640747,21.83040428161621,4.05096960067749,0.9439364671707153,1.1895837783813477,1.1689857244491577,1.0807498693466187,1.1748363971710205,1.1720149517059326,0.827369213104248,2.4283266067504883,1.02183997631073,1.120810866355896,1.1401901245117188,0.9270865321159363,19.87797737121582,23.040916442871094,0.4790952205657959
20.190828323364258,2.6164445877075195,2.178112268447876,18.65718650817871,1.6081045866012573,2.838296890258789,8.534225463867188,3.05013370513916,19.84038543701172,1.771898865699768,1.2259480953216553,6.008990287780762,20.088956832885742,15.504735946655273,4.751830101013184,20.114105224609375,1.8921582698822021,17.786466598510742,1.0956701040267944,1.453148603439331,0.08513474464416504,1.4374130964279175,1.7809897661209106,2.1893625259399414,2.8594701290130615,3.1336820125579834,20.166364669799805,2.3451406955718994,2.129838228225708,2.241349458694458,1.57888925075531,2.17788028717041,19.711551666259766,1.664844036102295,6.86529016494751,1.5785932540893555,2.0637776851654053,8.129670143127441,3.2515406608581543,2.229034662246704,2.7809648513793945,2.7546474933624268,2.3651108741760254,2.0731186866760254,1.393727421760559,1.7867133617401123,3.7509214878082275,1.6305657625198364,19.659624099731445,17.509748458862305,0.9756050109863281,1.1966904401779175,2.3697171211242676,1.483583927154541,2.482440710067749,20.36630630493164,2.2574074268341064,20.571300506591797,1.887388825416565,2.001073122024536,20.24273109436035,2.099616527557373,20.070758819580078,18.734790802001953,0.7240273952484131,2.142526388168335,2.5475752353668213,2.2491698265075684,1.9074918031692505,3.017505407333374,2.627392292022705,1.9146672487258911,20.545166015625,6.599000930786133,1.9805799722671509,1.8749041557312012,2.1644527912139893,20.30256462097168,2.3290600776672363,2.219432830810547,1.6844137907028198,1.0609873533248901,2.490233898162842,21.208948135375977,5.340120792388916,2.3174304962158203,2.576031446456909,2.5577056407928467,2.4966065883636475,2.2550318241119385,0.3898136019706726,2.27028751373291,3.7558350563049316,2.4510574340820312,2.042849540710449,0.6638097167015076,2.2888107299804688,19.286544799804688,22.381040573120117,1.7828527688980103
