0.861219584941864,27.80657386779785,27.41248893737793,17.033485412597656,27.969980239868164,26.58321762084961,28.982585906982422,29.239768981933594,17.822816848754883,27.687217712402344,28.10683822631836,27.71005630493164,16.687543869018555,28.059127807617188,26.859710693359375,18.12874412536621,28.606904983520508,17.20927619934082,25.743642807006836,27.05110740661621,26.57973289489746,27.0780029296875,26.994098663330078,28.150297164916992,27.609481811523438,28.65654754638672,17.012331008911133,26.60971450805664,27.466617584228516,26.95255470275879,27.46552848815918,29.086801528930664,17.037111282348633,26.25733757019043,27.46780776977539,25.983646392822266,28.002275466918945,30.425100326538086,27.153135299682617,27.776565551757812,26.74637222290039,27.352825164794922,28.553895950317383,30.394529342651367,29.16240882873535,27.96549415588379,26.36483383178711,25.909326553344727,16.67059326171875,16.683813095092773,27.435382843017578,27.075410842895508,27.5699520111084,28.09501838684082,28.869977951049805,17.147367477416992,26.73096466064453,17.364612579345703,27.806175231933594,28.25182342529297,16.773712158203125,27.893985748291016,17.239013671875,17.049659729003906,28.09897232055664,26.816951751708984,29.057350158691406,26.553569793701172,27.12557601928711,27.441436767578125,27.966022491455078,28.19449234008789,16.52859115600586,28.44906234741211,27.237377166748047,27.415748596191406,28.442461013793945,17.672697067260742,27.515470504760742,27.405359268188477,29.713701248168945,28.118648529052734,28.236047744750977,16.769054412841797,28.187145233154297,28.150413513183594,27.065711975097656,28.852191925048828,27.223974227905273,28.187408447265625,27.350624084472656,27.223493576049805,28.90142250061035,27.625242233276367,27.5308780670166,28.61136245727539,28.108919143676758,17.158071517944336,17.792600631713867,26.978633880615234
27.80657386779785,0.0,19.583723068237305,28.353713989257812,20.05634117126465,18.263118743896484,21.72743797302246,21.560314178466797,27.650440216064453,19.61302947998047,19.373462677001953,19.6859188079834,28.497032165527344,20.31107521057129,18.618431091308594,27.732852935791016,21.482284545898438,28.01530647277832,17.643718719482422,19.571060180664062,18.227739334106445,19.34548568725586,18.57666015625,20.213424682617188,19.941509246826172,21.967382431030273,27.623882293701172,18.56422233581543,19.74020767211914,18.788774490356445,19.578773498535156,21.37912368774414,28.30687713623047,18.2227840423584,20.1547908782959,17.119224548339844,19.63479995727539,22.867218017578125,19.096275329589844,19.92656898498535,18.327898025512695,19.383962631225586,20.6004638671875,23.6169376373291,21.5153751373291,20.362606048583984,18.818527221679688,16.88447380065918,28.768281936645508,28.53879165649414,19.70806884765625,18.81084442138672,19.097156524658203,20.102441787719727,22.342864990234375,28.532106399536133,18.00074577331543,29.241106033325195,19.42291831970215,20.674137115478516,26.426923751831055,19.69378662109375,29.42373275756836,27.739168167114258,20.63367462158203,19.025489807128906,21.38460922241211,18.107521057128906,18.71908187866211,19.673290252685547,20.181894302368164,19.688417434692383,28.263059616088867,20.81058692932129,18.718652725219727,19.929311752319336,21.83004379272461,29.051712036132812,19.30342674255371,19.454517364501953,22.287965774536133,20.3720645904541,20.590330123901367,28.22576141357422,19.88241195678711,20.330286026000977,18.725465774536133,21.632450103759766,18.359548568725586,20.86537742614746,19.376487731933594,19.47089385986328,21.04399299621582,19.950714111328125,19.693525314331055,19.752342224121094,20.604806900024414,28.6668758392334,27.995412826538086,18.796159744262695
27.41248893737793,19.583723068237305,0.31014740467071533,27.8364315032959,20.273340225219727,18.684038162231445,21.87458610534668,21.621137619018555,27.37885284423828,19.680908203125,19.763395309448242,20.015789031982422,28.217866897583008,20.81414794921875,18.768291473388672,27.19508171081543,21.91742515563965,27.936403274536133,17.898046493530273,19.663402557373047,18.292457580566406,19.448486328125,19.0495662689209,20.42534828186035,20.024545669555664,21.608013153076172,27.26287078857422,18.80223846435547,19.89069175720215,19.028921127319336,19.282072067260742,21.75769805908203,27.991758346557617,18.472576141357422,20.45188331604004,17.405935287475586,20.08995819091797,23.41324806213379,19.295198440551758,20.202829360961914,18.877418518066406,19.507904052734375,20.829320907592773,24.083311080932617,22.23837661743164,20.85393714904785,18.618608474731445,17.29514503479004,28.41776466369629,28.297473907470703,19.688119888305664,18.95875358581543,19.30044174194336,20.23027801513672,22.6530704498291,28.152589797973633,18.564393997192383,28.782072067260742,20.18045425415039,20.90423011779785,26.153146743774414,19.965974807739258,29.13515853881836,27.406423568725586,20.80017852783203,19.273752212524414,21.411758422851562,18.694168090820312,19.012165069580078,19.723831176757812,20.66162109375,20.147296905517578,28.047754287719727,21.342731475830078,19.084848403930664,20.23607063293457,21.725269317626953,28.668136596679688,19.703304290771484,19.951051712036133,22.444561004638672,20.800884246826172,20.953859329223633,27.962472915649414,20.44315528869629,20.76276206970215,19.14999771118164,21.97527313232422,18.616647720336914,21.1739559173584,19.801258087158203,19.936979293823242,21.250654220581055,20.254749298095703,20.38913345336914,19.936599731445312,21.08901596069336,28.367612838745117,27.561166763305664,19.002267837524414
17.033485412597656,28.353713989257812,27.8364315032959,1.0314867496490479,28.074016571044922,27.020292282104492,29.322999954223633,29.742876052856445,18.34235191345215,28.058650970458984,28.40298843383789,28.23276710510254,17.67681312561035,28.397735595703125,27.202259063720703,18.11918067932129,28.758502960205078,17.385465621948242,26.35500717163086,27.434799194335938,27.0817813873291,27.558979034423828,27.443416595458984,28.723438262939453,28.167892456054688,29.25,16.98556137084961,27.075443267822266,27.825502395629883,27.52113914489746,27.883604049682617,29.586204528808594,17.38587188720703,26.783519744873047,28.10529327392578,26.590646743774414,28.21830940246582,30.6340389251709,27.441539764404297,28.08392333984375,27.03415298461914,27.877395629882812,28.77981185913086,30.934040069580078,29.504310607910156,28.239606857299805,26.78780746459961,26.407299041748047,17.478349685668945,17.321340560913086,27.839101791381836,27.742507934570312,27.959674835205078,28.591930389404297,29.367834091186523,17.857481002807617,27.291114807128906,17.92049217224121,28.177724838256836,28.75041961669922,17.5745906829834,28.061250686645508,17.89278793334961,17.361785888671875,28.52619743347168,27.45743751525879,29.632320404052734,26.89625358581543,27.54448699951172,27.899919509887695,28.53285026550293,28.603267669677734,17.012001037597656,28.877138137817383,27.578413009643555,27.577367782592773,28.838857650756836,18.500686645507812,28.026912689208984,27.792566299438477,30.012224197387695,28.56637954711914,28.660701751708984,17.190937042236328,28.787687301635742,28.79975700378418,27.526681900024414,29.514942169189453,27.69854164123535,28.755247116088867,27.834365844726562,27.869945526123047,29.435394287109375,28.010089874267578,27.90838050842285,28.878955841064453,28.507747650146484,17.76718521118164,18.257049560546875,27.505786895751953
27.969980239868164,20.05634117126465,20.273340225219727,28.074016571044922,0.0,18.526369094848633,22.20173454284668,21.993085861206055,27.746124267578125,19.949331283569336,19.95623207092285,20.284439086914062,28.550432205200195,20.97531509399414,19.2993106842041,27.866682052612305,21.68448257446289,27.99434471130371,18.048803329467773,19.793310165405273,18.600839614868164,19.672428131103516,19.595531463623047,20.944541931152344,20.40705108642578,22.235774993896484,27.678592681884766,19.216495513916016,19.970266342163086,19.58462142944336,19.92999267578125,22.019268035888672,28.433507919311523,19.001625061035156,20.583641052246094,17.70978546142578,20.381500244140625,23.725244522094727,19.218223571777344,19.977991104125977,19.113954544067383,19.829694747924805,21.057212829589844,24.04629135131836,22.240550994873047,20.71042823791504,19.304035186767578,17.4400691986084,28.869169235229492,28.723081588745117,20.202720642089844,19.506389617919922,19.81047248840332,20.53221321105957,22.759902954101562,28.403181076049805,18.5284366607666,29.27538299560547,20.05792999267578,21.24973487854004,26.463136672973633,20.314916610717773,29.56195068359375,27.864728927612305,20.972341537475586,19.50640869140625,21.80997085571289,18.92792510986328,19.62866973876953,20.045785903930664,20.857776641845703,20.178342819213867,28.12302017211914,21.43006134033203,19.467540740966797,20.332429885864258,22.351211547851562,29.03994369506836,19.92815399169922,19.935712814331055,22.49840545654297,20.809215545654297,20.951791763305664,28.27785301208496,20.637277603149414,21.07967185974121,19.23733901977539,21.797462463378906,18.899171829223633,21.57268714904785,20.241323471069336,20.270076751708984,21.315282821655273,20.5226993560791,20.465898513793945,20.434070587158203,21.008636474609375,28.771455764770508,27.99494743347168,19.50934410095215
26.58321762084961,18.263118743896484,18.684038162231445,27.020292282104492,18.526369094848633,0.0,20.73378562927246,20.61016845703125,26.504039764404297,18.377756118774414,18.24309539794922,18.453092575073242,27.25584602355957,19.135936737060547,17.488290786743164,26.45146369934082,20.26546287536621,26.76006507873535,16.27452278137207,18.03887176513672,16.991201400756836,18.184185028076172,17.515249252319336,19.12932777404785,18.73870086669922,20.512619018554688,26.305233001708984,17.362306594848633,18.70068359375,17.710803985595703,18.18097496032715,20.548307418823242,27.031240463256836,16.99258804321289,18.935728073120117,15.918278694152832,18.597387313842773,21.893451690673828,17.73396110534668,18.759334564208984,17.20232391357422,18.013050079345703,19.37527084350586,23.00661277770996,20.68868637084961,19.47101402282715,17.522865295410156,15.597640037536621,27.57205581665039,27.287487030029297,18.594131469726562,17.643268585205078,18.041584014892578,19.12672233581543,21.366844177246094,27.053306579589844,16.899202346801758,27.883127212524414,18.541141510009766,19.725223541259766,25.20775032043457,18.461061477661133,28.19453239440918,26.263301849365234,19.443132400512695,17.778160095214844,20.356407165527344,17.402307510375977,17.766071319580078,18.485029220581055,19.22825050354004,18.675111770629883,26.980968475341797,19.576148986816406,17.52870750427246,18.64345359802246,20.636436462402344,27.819854736328125,18.448129653930664,18.451656341552734,21.365306854248047,19.419775009155273,19.502296447753906,27.056734085083008,19.1648006439209,19.272668838500977,17.714387893676758,20.32586097717285,17.117435455322266,19.919404983520508,18.513778686523438,18.543834686279297,20.00937271118164,18.891096115112305,18.770841598510742,18.89297103881836,19.594423294067383,27.46458625793457,26.6112003326416,17.452272415161133
28.982585906982422,21.72743797302246,21.87458610534668,29.322999954223633,22.20173454284668,20.73378562927246,0.0,23.140165328979492,28.61553955078125,22.17646026611328,21.826677322387695,22.09545135498047,29.51801109313965,22.59673309326172,20.701326370239258,28.816787719726562,23.768003463745117,29.12298011779785,20.0716552734375,21.573060989379883,20.503381729125977,21.323699951171875,21.030471801757812,22.36910629272461,22.16678237915039,23.261201858520508,28.766647338867188,20.981122970581055,21.92679214477539,21.33925437927246,21.73427963256836,23.558364868164062,29.57288360595703,20.663063049316406,22.756019592285156,19.523454666137695,22.234676361083984,25.164751052856445,21.100542068481445,21.901445388793945,20.891437530517578,21.827638626098633,23.054685592651367,25.64374351501465,23.468313217163086,22.363758087158203,20.65281105041504,19.72256851196289,29.970359802246094,29.709157943725586,22.004749298095703,21.036090850830078,21.35031509399414,22.011859893798828,24.12216567993164,29.594715118408203,20.546756744384766,30.330717086791992,21.761009216308594,22.868915557861328,27.66701316833496,22.045696258544922,30.433849334716797,28.760282516479492,22.539060592651367,21.39285659790039,23.364177703857422,20.768335342407227,20.884002685546875,21.72586441040039,22.62003517150879,21.882286071777344,29.3399600982666,22.653318405151367,21.107969284057617,22.109943389892578,23.650634765625,30.02961540222168,21.69626808166504,21.619613647460938,24.30592155456543,22.674388885498047,22.910598754882812,29.15247344970703,22.384523391723633,22.563636779785156,20.85651397705078,23.71159553527832,20.722532272338867,23.139089584350586,21.786752700805664,21.918149948120117,22.827478408813477,22.263141632080078,22.438446044921875,22.100324630737305,22.717052459716797,29.854040145874023,29.038253784179688,21.196186065673828
29.239768981933594,21.560314178466797,21.621137619018555,29.742876052856445,21.993085861206055,20.61016845703125,23.140165328979492,0.0,28.913677215576172,21.770347595214844,21.711503982543945,21.541690826416016,29.76762580871582,22.471134185791016,20.548093795776367,29.218236923217773,23.23983383178711,29.616003036499023,19.76430892944336,21.50398063659668,20.289278030395508,21.19671630859375,20.866308212280273,21.96518325805664,21.813385009765625,23.63380241394043,28.91320037841797,20.870983123779297,21.575969696044922,20.935354232788086,21.42245101928711,23.248403549194336,29.703495025634766,20.52158546447754,22.183269500732422,19.45279312133789,22.06694793701172,24.678726196289062,21.018592834472656,22.029233932495117,20.394563674926758,21.440813064575195,22.511293411254883,25.49843978881836,23.312406539916992,22.177715301513672,20.773754119873047,19.359588623046875,30.21178436279297,30.053800582885742,21.557233810424805,20.866291046142578,21.227108001708984,22.203306198120117,24.104001998901367,29.754497528076172,20.114187240600586,30.582324981689453,21.630712509155273,22.702001571655273,28.082706451416016,21.702299118041992,30.77334213256836,29.16187286376953,22.272493362426758,21.14478874206543,23.386987686157227,20.735517501831055,21.013423919677734,21.534992218017578,22.260574340820312,21.831100463867188,29.503198623657227,22.859722137451172,20.70889663696289,21.779748916625977,23.787378311157227,30.468502044677734,21.420330047607422,21.6103515625,24.288156509399414,22.36471939086914,22.720027923583984,29.553537368774414,22.041597366333008,22.353635787963867,20.879501342773438,23.53354263305664,20.56678009033203,22.902210235595703,21.379281997680664,21.827482223510742,22.570613861083984,21.876083374023438,21.933727264404297,21.81854248046875,22.33336639404297,30.06721305847168,29.492488861083984,20.848915100097656
17.822816848754883,27.650440216064453,27.37885284423828,18.34235191345215,27.746124267578125,26.504039764404297,28.61553955078125,28.913677215576172,1.276668667793274,27.431848526000977,27.575149536132812,27.394737243652344,18.11260414123535,27.838703155517578,26.591798782348633,19.239242553710938,28.46042251586914,18.12786865234375,25.682870864868164,26.85394287109375,26.436973571777344,26.740013122558594,26.784818649291992,27.89410400390625,27.38933753967285,28.727123260498047,17.81450080871582,26.433006286621094,27.18808364868164,26.84811019897461,27.127727508544922,28.928977966308594,18.080049514770508,26.101022720336914,27.495468139648438,25.898672103881836,27.766342163085938,30.083890914916992,26.657508850097656,27.55590057373047,26.2620792388916,27.118501663208008,28.384889602661133,30.366840362548828,29.03985595703125,27.910659790039062,26.150266647338867,25.76133155822754,18.063919067382812,18.06409454345703,27.1488094329834,26.948759078979492,27.280874252319336,28.031959533691406,28.65530014038086,18.047801971435547,26.58976936340332,18.425485610961914,27.537630081176758,28.19456672668457,17.624834060668945,27.564373016357422,18.409963607788086,17.824064254760742,27.938505172729492,26.63440704345703,28.99500274658203,26.5352840423584,26.84130859375,27.21470069885254,27.624752044677734,28.009559631347656,18.12004280090332,28.195627212524414,26.891338348388672,27.047569274902344,28.370309829711914,19.438467025756836,27.309518814086914,26.862010955810547,29.291624069213867,27.98847007751465,28.034982681274414,17.93941879272461,27.951696395874023,28.083232879638672,26.990625381469727,28.618316650390625,27.047786712646484,28.226768493652344,27.189722061157227,27.27486801147461,28.490947723388672,27.624483108520508,27.50955581665039,28.281522750854492,28.023889541625977,18.254735946655273,18.728307723999023,26.866928100585938
27.687217712402344,19.61302947998047,19.680908203125,28.058650970458984,19.949331283569336,18.377756118774414,22.17646026611328,21.770347595214844,27.431848526000977,0.0,19.364702224731445,19.813682556152344,28.310007095336914,20.323266983032227,19.077472686767578,27.760528564453125,21.482709884643555,28.075660705566406,17.709646224975586,19.434667587280273,18.33063507080078,19.32417106628418,18.815855026245117,20.352855682373047,20.043739318847656,21.872142791748047,27.43514633178711,18.90708351135254,19.792694091796875,18.872690200805664,19.407419204711914,21.771596908569336,28.19573974609375,18.291629791259766,20.257902145385742,17.191974639892578,19.907997131347656,23.15345001220703,19.0374698638916,20.12757682800293,18.786222457885742,19.438127517700195,20.872373580932617,23.756362915039062,21.585845947265625,20.23362159729004,18.858177185058594,17.156007766723633,28.637052536010742,28.563291549682617,19.478979110717773,18.706100463867188,19.302270889282227,20.24778175354004,22.44668197631836,28.20661735534668,18.247224807739258,29.42474937438965,19.61536979675293,20.75366973876953,26.334787368774414,19.543376922607422,29.34880828857422,27.568008422851562,20.727426528930664,19.184370040893555,21.72114372253418,18.551776885986328,18.646209716796875,19.847496032714844,20.499427795410156,19.777973175048828,28.201038360595703,21.14610481262207,18.90678596496582,19.940414428710938,21.958768844604492,28.979215621948242,19.51312828063965,19.62574577331543,22.33969497680664,20.600648880004883,20.69008445739746,28.06848907470703,20.11151695251465,20.29640007019043,18.889720916748047,21.66791534423828,18.339523315429688,21.206981658935547,19.611129760742188,19.73457908630371,21.09537124633789,20.060327529907227,20.03909683227539,20.064592361450195,20.69000244140625,28.71938705444336,27.90740394592285,19.074445724487305
28.10683822631836,19.373462677001953,19.763395309448242,28.40298843383789,19.95623207092285,18.24309539794922,21.826677322387695,21.711503982543945,27.575149536132812,19.364702224731445,0.0,19.06134033203125,28.62129783630371,20.357887268066406,19.101842880249023,28.024690628051758,21.384231567382812,28.358932495117188,17.72138214111328,19.502910614013672,18.33975601196289,19.480527877807617,18.7340030670166,20.499094009399414,20.0025691986084,21.763017654418945,27.844289779663086,18.8067626953125,19.684473037719727,19.106155395507812,19.501020431518555,21.84718132019043,28.586896896362305,18.504703521728516,20.049657821655273,17.4515438079834,19.966310501098633,23.19353675842285,18.877897262573242,19.987545013427734,18.65216064453125,19.426450729370117,20.902915954589844,23.79200553894043,21.699249267578125,20.529264450073242,18.496740341186523,16.94049072265625,29.062105178833008,28.84190559387207,19.817262649536133,18.894689559936523,19.22474479675293,20.2374210357666,22.34467887878418,28.421510696411133,18.252708435058594,29.343833923339844,19.6381893157959,20.97310447692871,26.750282287597656,19.57168960571289,29.804960250854492,27.78594207763672,20.92150115966797,19.060232162475586,21.375513076782227,18.616655349731445,18.71841812133789,19.947513580322266,20.577953338623047,19.708581924438477,28.52117156982422,20.81197738647461,18.777851104736328,19.905502319335938,21.763790130615234,29.29887580871582,19.675052642822266,19.5806941986084,22.44900894165039,20.714689254760742,20.52662467956543,28.486337661743164,20.150957107543945,20.37232780456543,18.68927574157715,21.604408264160156,18.237239837646484,21.105424880981445,19.782922744750977,19.779027938842773,20.93587875366211,20.174821853637695,20.074106216430664,19.95717430114746,20.975059509277344,28.991331100463867,28.00333023071289,19.020143508911133
27.71005630493164,19.6859188079834,20.015789031982422,28.23276710510254,20.284439086914062,18.453092575073242,22.09545135498047,21.541690826416016,27.394737243652344,19.813682556152344,19.06134033203125,0.0,28.069541931152344,20.060346603393555,18.881046295166016,27.77686882019043,21.70219612121582,28.045490264892578,17.935300827026367,19.351787567138672,18.143766403198242,19.477136611938477,18.664857864379883,20.493066787719727,19.818296432495117,21.940637588500977,27.601181030273438,18.896995544433594,19.55379867553711,19.188676834106445,19.51378059387207,21.626005172729492,28.214956283569336,18.301570892333984,20.479415893554688,17.690998077392578,19.91718101501465,23.216962814331055,19.24442481994629,19.85121726989746,18.270816802978516,19.344589233398438,20.949623107910156,23.81247901916504,21.792848587036133,20.601287841796875,18.31523895263672,16.975078582763672,28.885643005371094,28.507844924926758,19.923179626464844,18.876028060913086,19.407804489135742,20.400423049926758,22.483022689819336,28.24346923828125,18.26656150817871,28.987398147583008,19.579721450805664,20.786088943481445,26.51959228515625,19.75181007385254,29.279815673828125,27.443546295166016,20.51648712158203,19.300493240356445,21.702186584472656,18.708620071411133,18.90773582458496,19.642738342285156,20.419219970703125,20.043397903442383,28.31413459777832,21.001249313354492,18.677732467651367,20.220186233520508,21.764026641845703,29.035980224609375,19.72136878967285,19.629789352416992,22.83345603942871,20.352022171020508,20.517688751220703,27.991703033447266,20.24831771850586,20.26728057861328,18.920068740844727,21.588300704956055,18.351627349853516,21.441303253173828,19.794963836669922,19.90542221069336,21.174129486083984,20.303869247436523,20.12981605529785,20.14006805419922,20.58020782470703,28.623891830444336,28.107398986816406,18.971620559692383
16.687543869018555,28.497032165527344,28.217866897583008,17.67681312561035,28.550432205200195,27.25584602355957,29.51801109313965,29.76762580871582,18.11260414123535,28.310007095336914,28.62129783630371,28.069541931152344,1.3173273801803589,28.893177032470703,27.498605728149414,18.55723762512207,29.31540298461914,17.294509887695312,26.528539657592773,27.67792320251465,27.243669509887695,27.740100860595703,27.464780807495117,28.758426666259766,28.590322494506836,29.380468368530273,16.99951171875,27.22933578491211,28.092668533325195,27.900615692138672,28.159870147705078,29.67965316772461,17.262916564941406,27.0661678314209,28.285449981689453,26.833425521850586,28.607553482055664,30.847932815551758,27.7967529296875,28.52521324157715,27.231653213500977,27.965551376342773,29.05003547668457,31.09691047668457,29.870908737182617,28.544429779052734,27.06967544555664,26.72111701965332,17.662803649902344,17.512161254882812,28.0272216796875,27.870243072509766,28.172447204589844,28.773067474365234,29.250347137451172,17.871967315673828,27.44976234436035,17.938411712646484,28.514751434326172,29.033777236938477,16.81312370300293,28.557580947875977,17.938343048095703,17.515228271484375,28.839614868164062,27.641897201538086,29.86245346069336,27.319284439086914,27.879356384277344,28.063796997070312,28.520809173583984,28.642419815063477,16.3635311126709,28.93765640258789,27.890830993652344,28.002798080444336,28.938947677612305,18.868959426879883,28.224239349365234,28.045948028564453,30.14727783203125,28.671184539794922,28.95815086364746,16.510414123535156,28.634929656982422,28.869686126708984,27.600433349609375,29.715673446655273,27.89792823791504,29.09427833557129,28.19205093383789,28.238845825195312,29.513469696044922,28.51537322998047,28.190288543701172,29.19713020324707,28.766324996948242,17.208084106445312,18.234207153320312,27.633373260498047
28.059127807617188,20.31107521057129,20.81414794921875,28.397735595703125,20.97531509399414,19.135936737060547,22.59673309326172,22.471134185791016,27.838703155517578,20.323266983032227,20.357887268066406,20.060346603393555,28.893177032470703,0.9249155521392822,19.30130958557129,28.252117156982422,21.927825927734375,28.16775894165039,18.508878707885742,20.03285789489746,18.877838134765625,20.132938385009766,19.650405883789062,21.126537322998047,20.426877975463867,22.36983871459961,27.780858993530273,19.355844497680664,20.399477005004883,19.80893898010254,20.469627380371094,22.309513092041016,28.66069221496582,18.92439079284668,20.82843017578125,18.19765281677246,20.52375030517578,23.51321029663086,19.756977081298828,20.690332412719727,19.49364471435547,20.236215591430664,21.539445877075195,24.41221046447754,22.374814987182617,21.146888732910156,19.436546325683594,17.822256088256836,29.135408401489258,28.98959732055664,20.402881622314453,19.532825469970703,19.962825775146484,20.889554977416992,23.198741912841797,28.692779541015625,18.954832077026367,29.475086212158203,20.589067459106445,21.465805053710938,26.89171028137207,20.253032684326172,29.677959442138672,28.024900436401367,21.36297607421875,19.907611846923828,22.303590774536133,19.342905044555664,19.548280715942383,20.279335021972656,20.885196685791016,20.72382164001465,28.78062629699707,21.66898536682129,19.53485679626465,20.73777198791504,22.51078224182129,29.330184936523438,20.11929702758789,20.3483943939209,23.3620548248291,21.299224853515625,21.295310974121094,28.524301528930664,20.984922409057617,21.051462173461914,19.47688102722168,22.06619644165039,19.371320724487305,21.815500259399414,20.429649353027344,20.391529083251953,21.775117874145508,20.822280883789062,20.754234313964844,20.5889835357666,21.455656051635742,29.02998924255371,28.390779495239258,19.803865432739258
26.859710693359375,18.618431091308594,18.768291473388672,27.202259063720703,19.2993106842041,17.488290786743164,20.701326370239258,20.548093795776367,26.591798782348633,19.077472686767578,19.101842880249023,18.881046295166016,27.498605728149414,19.30130958557129,0.0,26.655691146850586,20.899890899658203,27.163410186767578,16.78706169128418,18.709186553955078,17.34356689453125,18.61139488220215,17.96551513671875,19.688480377197266,19.030237197875977,21.010913848876953,26.62873649597168,17.812280654907227,18.868621826171875,18.181659698486328,18.456438064575195,20.895153045654297,27.331331253051758,17.480318069458008,19.33939552307129,16.09587287902832,19.138986587524414,22.344453811645508,18.088703155517578,19.28696060180664,17.666555404663086,18.59250831604004,20.05480194091797,22.90349006652832,20.650848388671875,19.65336799621582,17.994384765625,15.974932670593262,27.713279724121094,27.627866744995117,18.881866455078125,17.94160270690918,18.337745666503906,19.442768096923828,21.60858917236328,27.316436767578125,17.23693084716797,28.263521194458008,18.84649658203125,19.807533264160156,25.570545196533203,18.7475643157959,28.534526824951172,26.77140235900879,19.894306182861328,18.148544311523438,20.60079002380371,17.56049156188965,17.99427604675293,19.044048309326172,19.354324340820312,18.77339744567871,27.19513702392578,20.1219482421875,17.933940887451172,19.16025161743164,21.139141082763672,28.01354217529297,18.54420280456543,18.690719604492188,21.798751831054688,19.644807815551758,19.737777709960938,27.232595443725586,19.2125186920166,19.442705154418945,18.166465759277344,20.911340713500977,17.463563919067383,20.529335021972656,18.689916610717773,18.951631546020508,19.94542121887207,19.21636199951172,19.387054443359375,19.216506958007812,19.727550506591797,27.684391021728516,27.19234848022461,18.27149772644043
18.12874412536621,27.732852935791016,27.19508171081543,18.11918067932129,27.866682052612305,26.45146369934082,28.816787719726562,29.218236923217773,19.239242553710938,27.760528564453125,28.024690628051758,27.77686882019043,18.55723762512207,28.252117156982422,26.655691146850586,0.9455384612083435,28.630949020385742,18.38932991027832,25.881103515625,27.115066528320312,26.47125816345215,26.961650848388672,26.72765350341797,27.93243980407715,27.784347534179688,28.694448471069336,18.279634475708008,26.435510635375977,27.194351196289062,27.09318733215332,27.367284774780273,29.155296325683594,18.30057716369629,26.32415199279785,27.694442749023438,25.98810386657715,28.035295486450195,30.49976348876953,26.913848876953125,27.612567901611328,26.601606369018555,27.571422576904297,28.405296325683594,30.593355178833008,29.250112533569336,27.772680282592773,26.475574493408203,25.83635711669922,18.29197120666504,17.798513412475586,27.29014015197754,26.988441467285156,27.497407913208008,28.13071632385254,28.560819625854492,18.715450286865234,26.7774715423584,18.844539642333984,27.771507263183594,28.325223922729492,18.558027267456055,27.870086669921875,18.791725158691406,18.00551986694336,28.018901824951172,26.84099006652832,29.102983474731445,26.439489364624023,27.252155303955078,27.658910751342773,28.09200668334961,28.13379669189453,17.840438842773438,28.535125732421875,27.197349548339844,27.13564109802246,28.308040618896484,19.872690200805664,27.61313819885254,27.09317398071289,29.610897064208984,28.154857635498047,28.180618286132812,17.832239151000977,28.063631057739258,28.275897979736328,27.214834213256836,29.060571670532227,27.26219940185547,28.271493911743164,27.306886672973633,27.402984619140625,29.02402114868164,27.85196876525879,27.718530654907227,28.29766845703125,28.25282096862793,17.68045997619629,19.0560302734375,26.977397918701172
28.606904983520508,21.482284545898438,21.91742515563965,28.758502960205078,21.68448257446289,20.26546287536621,23.768003463745117,23.23983383178711,28.46042251586914,21.482709884643555,21.384231567382812,21.70219612121582,29.31540298461914,21.927825927734375,20.899890899658203,28.630949020385742,0.0,28.918621063232422,19.698341369628906,21.209007263183594,20.31970977783203,21.02125358581543,20.694862365722656,22.25889778137207,21.9732608795166,23.609586715698242,28.184429168701172,20.488866806030273,21.671722412109375,20.82920265197754,21.344682693481445,23.41815948486328,28.952829360961914,20.43204689025879,21.827430725097656,19.409420013427734,21.546586990356445,24.49004364013672,21.02892303466797,21.798662185668945,20.630870819091797,21.301185607910156,22.389137268066406,25.27205467224121,23.311954498291016,21.923583984375,20.763755798339844,19.048938751220703,29.413925170898438,29.402799606323242,21.51357650756836,20.721635818481445,21.15725326538086,21.953609466552734,24.054655075073242,29.16926383972168,20.26180648803711,29.92659568786621,21.663480758666992,22.65567970275879,27.422332763671875,21.587316513061523,30.101606369018555,28.443737030029297,22.36866569519043,20.77874183654785,23.499053955078125,20.54020118713379,20.670970916748047,21.233219146728516,22.249544143676758,21.76549530029297,29.092344284057617,22.744365692138672,20.770109176635742,21.540739059448242,23.507261276245117,29.815128326416016,21.509048461914062,21.58816909790039,24.07700538635254,22.382413864135742,22.138160705566406,29.13471031188965,22.04319190979004,22.232688903808594,20.77131462097168,23.231407165527344,20.490922927856445,22.754430770874023,21.433713912963867,21.52062225341797,22.711645126342773,21.956499099731445,21.75111198425293,22.0048828125,22.711559295654297,29.524181365966797,28.70381736755371,20.91510581970215
17.20927619934082,28.01530647277832,27.936403274536133,17.385465621948242,27.99434471130371,26.76006507873535,29.12298011779785,29.616003036499023,18.12786865234375,28.075660705566406,28.358932495117188,28.045490264892578,17.294509887695312,28.16775894165039,27.163410186767578,18.38932991027832,28.918621063232422,0.0,26.285987854003906,27.17925453186035,26.586936950683594,27.47212791442871,27.213529586791992,28.319950103759766,27.920204162597656,28.93439483642578,17.233631134033203,26.778118133544922,27.7600154876709,27.37831687927246,27.649066925048828,29.220521926879883,17.586685180664062,26.681690216064453,27.99004554748535,26.539907455444336,28.352680206298828,30.38546371459961,27.14333724975586,27.945310592651367,26.796852111816406,27.522886276245117,28.682754516601562,30.771936416625977,29.467424392700195,28.501272201538086,26.8563289642334,26.281728744506836,16.77068519592285,17.619375228881836,27.762374877929688,27.421964645385742,27.838783264160156,28.26183319091797,29.153654098510742,17.991262435913086,27.051198959350586,17.402631759643555,28.062400817871094,28.69533348083496,17.68323516845703,28.160663604736328,17.934288024902344,17.588878631591797,28.465335845947266,27.204381942749023,29.239059448242188,26.691926956176758,27.496294021606445,27.921123504638672,28.0970516204834,28.27872085571289,17.03060531616211,28.891393661499023,27.329975128173828,27.543001174926758,28.7249755859375,18.5760555267334,27.78168487548828,27.685089111328125,30.012866973876953,28.374996185302734,28.559396743774414,16.782907485961914,28.465139389038086,28.53151512145996,27.450469970703125,29.10978126525879,27.510927200317383,28.644004821777344,27.714513778686523,27.683012008666992,29.179485321044922,28.087308883666992,27.757604598999023,28.623878479003906,28.578718185424805,17.419204711914062,18.059648513793945,27.511587142944336
25.743642807006836,17.643718719482422,17.898046493530273,26.35500717163086,18.048803329467773,16.27452278137207,20.0716552734375,19.76430892944336,25.682870864868164,17.709646224975586,17.72138214111328,17.935300827026367,26.528539657592773,18.508878707885742,16.78706169128418,25.881103515625,19.698341369628906,26.285987854003906,0.0,17.476022720336914,16.272933959960938,17.344558715820312,16.970556259155273,18.329143524169922,17.959590911865234,20.15608024597168,25.705062866210938,16.701019287109375,17.9117374420166,17.08516502380371,17.40460205078125,19.82899284362793,26.415781021118164,16.351627349853516,18.230043411254883,14.859933853149414,17.97810935974121,21.427942276000977,17.06627655029297,18.09868812561035,16.505887985229492,17.410926818847656,18.984033584594727,22.31419563293457,20.244827270507812,18.544519424438477,16.65190315246582,14.781159400939941,27.036352157592773,26.767759323120117,17.89753532409668,16.898544311523438,17.3420467376709,18.114213943481445,20.806129455566406,26.45517921447754,16.007429122924805,27.469568252563477,17.515199661254883,19.183122634887695,24.479747772216797,17.726478576660156,27.692785263061523,25.952390670776367,18.74314308166504,17.08156967163086,20.126800537109375,16.59028434753418,16.923049926757812,17.517757415771484,18.567806243896484,17.853830337524414,26.299772262573242,18.99864387512207,16.852943420410156,17.92207908630371,20.061330795288086,27.107587814331055,17.69702911376953,17.676475524902344,20.92808723449707,18.630125045776367,18.804880142211914,26.206642150878906,18.559560775756836,18.494457244873047,16.564990997314453,19.923124313354492,16.24533462524414,19.3535099029541,17.57013702392578,17.670265197753906,19.211990356445312,18.106685638427734,18.126272201538086,18.08126449584961,18.88357925415039,26.90011978149414,26.14771270751953,17.095993041992188
27.05110740661621,19.571060180664062,19.663402557373047,27.434799194335938,19.793310165405273,18.03887176513672,21.573060989379883,21.50398063659668,26.85394287109375,19.434667587280273,19.502910614013672,19.351787567138672,27.67792320251465,20.03285789489746,18.709186553955078,27.115066528320312,21.209007263183594,27.17925453186035,17.476022720336914,0.0,17.989274978637695,19.030820846557617,18.711854934692383,19.90472984313965,19.48264503479004,21.683773040771484,26.86375617980957,18.51822853088379,19.713153839111328,18.882061004638672,19.45748519897461,21.302106857299805,27.749542236328125,18.32619285583496,20.123416900634766,17.173595428466797,19.81264877319336,23.013927459716797,18.880910873413086,19.780521392822266,18.32884407043457,19.332216262817383,20.506942749023438,23.657623291015625,21.724645614624023,20.230470657348633,18.551572799682617,16.99842643737793,28.111928939819336,28.011493682861328,19.562618255615234,18.866914749145508,19.061513900756836,20.176128387451172,22.248023986816406,27.54368782043457,17.970611572265625,28.640573501586914,19.592117309570312,21.01760482788086,25.775724411010742,19.360559463500977,28.661842346191406,26.943408966064453,20.453590393066406,19.068889617919922,21.25663948059082,18.464664459228516,18.59768295288086,19.520584106445312,20.212331771850586,19.65292739868164,27.62347984313965,20.652746200561523,18.70138168334961,19.76161003112793,21.840999603271484,28.25575065612793,19.36467170715332,19.602489471435547,22.468467712402344,20.48260498046875,20.533926010131836,27.515464782714844,20.16709327697754,20.407535552978516,18.565196990966797,21.288223266601562,18.307565689086914,20.952821731567383,19.362533569335938,19.566024780273438,21.08466148376465,20.14632797241211,19.724197387695312,19.907285690307617,20.66510009765625,28.099672317504883,27.190818786621094,18.795576095581055
26.57973289489746,18.227739334106445,18.292457580566406,27.0817813873291,18.600839614868164,16.991201400756836,20.503381729125977,20.289278030395508,26.436973571777344,18.33063507080078,18.33975601196289,18.143766403198242,27.243669509887695,18.877838134765625,17.34356689453125,26.47125816345215,20.31970977783203,26.586936950683594,16.272933959960938,17.989274978637695,0.9126926064491272,17.894664764404297,17.339075088500977,18.65810775756836,18.472675323486328,20.757705688476562,26.24086570739746,17.117578506469727,18.34762954711914,17.483356475830078,17.95804786682129,20.44255256652832,27.082569122314453,16.916175842285156,18.97126007080078,15.795321464538574,18.46062469482422,21.88141632080078,17.481107711791992,18.622982025146484,17.127317428588867,17.90496826171875,19.314390182495117,22.62335968017578,20.297903060913086,19.130565643310547,17.16307830810547,15.530157089233398,27.613889694213867,27.383752822875977,18.461008071899414,17.314777374267578,17.92033576965332,18.720706939697266,21.047298431396484,27.00139617919922,16.50775909423828,27.959142684936523,18.178577423095703,19.528430938720703,25.109811782836914,18.279193878173828,28.07354164123535,26.398422241210938,19.078630447387695,17.57695198059082,20.649452209472656,16.89019775390625,17.406972885131836,18.237594604492188,18.9500789642334,18.21088981628418,26.990304946899414,19.63592529296875,17.510467529296875,18.580398559570312,20.58516502380371,27.84761619567871,18.061899185180664,18.323575973510742,21.441679000854492,19.109214782714844,19.27455711364746,26.771270751953125,18.7297420501709,19.055665969848633,17.22818374633789,20.52143669128418,17.004337310791016,19.80133819580078,17.875267028808594,18.451139450073242,19.795215606689453,18.587617874145508,18.714542388916016,18.42220687866211,19.055339813232422,27.31670570373535,26.546985626220703,17.482364654541016
