0.0,26.35211753845215,27.40369415283203,18.134668350219727,26.477750778198242,27.054658889770508,26.771221160888672,27.430442810058594,17.92658042907715,26.597972869873047,26.42721939086914,26.967355728149414,18.23546600341797,29.470888137817383,27.18137550354004,20.04365348815918,28.296293258666992,17.324539184570312,28.943370819091797,27.820329666137695,26.746313095092773,27.874492645263672,26.081069946289062,26.93507957458496,27.034175872802734,26.383310317993164,17.47447967529297,26.30234718322754,27.380136489868164,27.80841827392578,27.669912338256836,27.633508682250977,18.83851432800293,26.985130310058594,28.002676010131836,27.109046936035156,29.914085388183594,27.362369537353516,29.10074806213379,27.246021270751953,28.611913681030273,28.353689193725586,27.111370086669922,27.739017486572266,31.72513771057129,28.80948257446289,27.50413703918457,26.534488677978516,19.093774795532227,17.83687973022461,28.108484268188477,29.051006317138672,27.06064224243164,26.69449806213379,28.612272262573242,19.264097213745117,27.956281661987305,18.92847442626953,28.38532257080078,27.001934051513672,17.894493103027344,27.704002380371094,18.57073211669922,17.767486572265625,26.6287784576416,26.44935417175293,28.628395080566406,26.672191619873047,26.642608642578125,27.349552154541016,27.306135177612305,27.283370971679688,19.305015563964844,27.111711502075195,27.017038345336914,28.694801330566406,27.963109970092773,19.150819778442383,28.007061004638672,26.62297248840332,30.46152114868164,28.3277587890625,30.19052505493164,18.766555786132812,26.799001693725586,27.44035530090332,26.05596160888672,27.308351516723633,26.640108108520508,28.117395401000977,28.84258270263672,27.492345809936523,27.236377716064453,27.335142135620117,27.320819854736328,28.12308120727539,29.815021514892578,19.9478816986084,19.42506217956543,26.73248863220215
26.35211753845215,0.469790518283844,15.904807090759277,25.854110717773438,14.301544189453125,15.065611839294434,14.388139724731445,15.663328170776367,26.162736892700195,14.197305679321289,14.469627380371094,14.699894905090332,26.372751235961914,19.304584503173828,14.901630401611328,27.64408302307129,17.276784896850586,26.109081268310547,18.697843551635742,16.376789093017578,14.206657409667969,16.738656997680664,13.406868934631348,13.715937614440918,15.369695663452148,14.43496322631836,26.406204223632812,13.478063583374023,15.56795883178711,15.587047576904297,15.659586906433105,15.282432556152344,27.51865577697754,15.22606372833252,16.687559127807617,15.397722244262695,19.141511917114258,15.63662052154541,18.196653366088867,15.901552200317383,18.28165054321289,17.13836669921875,14.755890846252441,17.074113845825195,22.785707473754883,17.81181526184082,15.998321533203125,13.32034683227539,28.452974319458008,26.562435150146484,17.13782501220703,18.129390716552734,15.25499439239502,14.04627513885498,17.934478759765625,26.428993225097656,17.4671573638916,27.14008140563965,16.5075740814209,15.008818626403809,25.47726058959961,16.09657096862793,26.49026870727539,22.940916061401367,15.407390594482422,14.102996826171875,17.538516998291016,14.333976745605469,13.764871597290039,15.707159042358398,15.813920021057129,14.7306547164917,26.206613540649414,15.191261291503906,14.602446556091309,17.66744613647461,16.661788940429688,26.74567413330078,17.42021369934082,13.876653671264648,20.780921936035156,17.76561737060547,19.690921783447266,24.462682723999023,15.204626083374023,15.33996295928955,12.819663047790527,15.559110641479492,14.65258502960205,17.40689468383789,18.221027374267578,15.76589584350586,15.167682647705078,15.590993881225586,14.77450942993164,15.33776569366455,19.177419662475586,28.750865936279297,28.947277069091797,15.080739974975586
27.40369415283203,15.904807090759277,1.2823927402496338,26.934127807617188,16.23743438720703,16.81650733947754,16.23623275756836,17.476490020751953,27.144039154052734,16.00384521484375,16.303428649902344,16.40809440612793,27.302513122558594,20.77619743347168,16.619213104248047,28.724428176879883,18.916784286499023,27.221172332763672,19.86986541748047,17.969375610351562,16.216854095458984,18.720836639404297,15.2364501953125,15.901859283447266,16.94741439819336,16.347333908081055,27.305356979370117,15.31954574584961,17.426687240600586,17.511045455932617,16.924118041992188,16.948566436767578,28.49883460998535,16.671457290649414,18.519704818725586,16.96567153930664,20.813251495361328,17.546005249023438,19.49526596069336,17.51581382751465,19.931547164916992,18.876008987426758,16.50260353088379,18.797985076904297,23.75530433654785,19.243303298950195,17.626384735107422,15.606833457946777,29.488452911376953,27.69993019104004,18.653186798095703,19.398372650146484,17.081777572631836,16.04899787902832,19.417945861816406,27.486892700195312,19.101726531982422,28.234310150146484,17.991291046142578,16.97683334350586,26.515344619750977,17.850727081298828,27.402990341186523,24.17960548400879,17.08040428161621,15.850343704223633,19.19121551513672,16.231719970703125,15.806539535522461,17.48062515258789,17.673553466796875,16.369571685791016,27.132577896118164,17.22895622253418,16.49665641784668,19.325288772583008,18.05368423461914,27.765399932861328,18.945104598999023,15.955443382263184,22.06325340270996,19.24342918395996,21.061248779296875,25.577260971069336,16.778398513793945,17.054542541503906,14.944068908691406,17.156904220581055,16.4939022064209,18.77165412902832,19.572206497192383,17.54500389099121,17.136714935302734,17.63898468017578,16.921377182006836,17.244564056396484,20.68445587158203,29.777225494384766,29.968196868896484,16.88437271118164
18.134668350219727,25.854110717773438,26.934127807617188,1.8035880327224731,25.863609313964844,26.389787673950195,26.30879783630371,26.817825317382812,18.098283767700195,26.184694290161133,25.96417999267578,26.430204391479492,17.804384231567383,29.186044692993164,26.515676498413086,19.882246017456055,27.794322967529297,17.54311180114746,28.39497184753418,27.39038848876953,26.495439529418945,27.38347053527832,25.75560188293457,26.376564025878906,26.666927337646484,26.004009246826172,17.499637603759766,25.80521583557129,26.9665584564209,27.2738037109375,27.158353805541992,26.87013053894043,18.940593719482422,26.48372459411621,27.575925827026367,26.612104415893555,29.269325256347656,27.08246612548828,28.970670700073242,26.873056411743164,28.223560333251953,27.987876892089844,26.63776969909668,27.393205642700195,31.59087562561035,28.77482032775879,27.063077926635742,26.134950637817383,19.220020294189453,18.619232177734375,27.565475463867188,28.72670555114746,26.617002487182617,26.215312957763672,28.508291244506836,18.823890686035156,27.320240020751953,18.79517936706543,27.713111877441406,26.658466339111328,17.502483367919922,27.58858299255371,18.148395538330078,17.601879119873047,26.427654266357422,26.00893783569336,28.377185821533203,26.183677673339844,26.125934600830078,26.719297409057617,26.9096622467041,26.932188034057617,19.883031845092773,26.532373428344727,26.459341049194336,28.174175262451172,27.448139190673828,19.439006805419922,27.670812606811523,26.140573501586914,30.18360137939453,28.150266647338867,29.857572555541992,18.68073081970215,26.472734451293945,27.151241302490234,25.497739791870117,26.908472061157227,26.24949836730957,27.5850772857666,28.372711181640625,27.076623916625977,26.73639678955078,26.84535026550293,26.809240341186523,27.671791076660156,29.287153244018555,20.266197204589844,19.637088775634766,26.33303451538086
26.477750778198242,14.301544189453125,16.23743438720703,25.863609313964844,0.0,15.493036270141602,14.92916202545166,16.029483795166016,26.07762336730957,14.914305686950684,14.820145606994629,15.194925308227539,26.58003044128418,19.715679168701172,15.408944129943848,27.866985321044922,17.60318374633789,26.095882415771484,19.080013275146484,16.813661575317383,14.841578483581543,17.347915649414062,13.949371337890625,14.299837112426758,15.891263008117676,14.910115242004395,26.54474639892578,13.985239028930664,16.100969314575195,16.30183982849121,15.97675895690918,16.001556396484375,27.68317985534668,15.52999210357666,16.968088150024414,15.598039627075195,19.624502182006836,16.362918853759766,18.391016006469727,16.534379959106445,18.797725677490234,17.503124237060547,15.0900297164917,17.314952850341797,23.211261749267578,18.2673282623291,16.734601974487305,13.896063804626465,28.536237716674805,26.939348220825195,17.527462005615234,18.337467193603516,15.5999174118042,14.765649795532227,17.8596134185791,26.529142379760742,17.674713134765625,27.402997970581055,16.915864944458008,15.523639678955078,25.694835662841797,16.49422836303711,26.559053421020508,23.089351654052734,15.940287590026855,14.603483200073242,18.17119598388672,14.87847900390625,14.338608741760254,16.306751251220703,16.2025146484375,15.323529243469238,26.411130905151367,15.505480766296387,15.425602912902832,17.990259170532227,16.891223907470703,26.853761672973633,17.99807357788086,14.508213996887207,21.209083557128906,17.897275924682617,20.015302658081055,24.69546890258789,15.576205253601074,15.777227401733398,13.402862548828125,15.812561988830566,15.128582954406738,18.057552337646484,18.700847625732422,16.46103858947754,15.540301322937012,16.212064743041992,15.406757354736328,15.94031810760498,19.449302673339844,28.7593994140625,29.1722469329834,15.587016105651855
27.054658889770508,15.065611839294434,16.81650733947754,26.389787673950195,15.493036270141602,1.1634068489074707,15.54246997833252,17.066476821899414,26.769241333007812,15.592528343200684,15.685445785522461,15.81395149230957,26.89039421081543,20.12718391418457,16.131175994873047,28.364208221435547,18.340688705444336,26.667531967163086,19.53427505493164,17.391122817993164,15.782580375671387,18.08246612548828,14.670469284057617,14.937108039855957,16.43025016784668,15.663888931274414,26.911930084228516,14.742284774780273,16.789714813232422,16.723012924194336,16.691303253173828,16.505178451538086,28.11170768737793,16.347782135009766,17.683441162109375,16.44210433959961,20.000732421875,16.87173080444336,19.146203994750977,16.938739776611328,19.2359676361084,18.213790893554688,15.921958923339844,18.18484115600586,23.558645248413086,19.153547286987305,17.198888778686523,14.909918785095215,29.043794631958008,27.200912475585938,18.10942268371582,19.026220321655273,16.386327743530273,15.474462509155273,18.82173728942871,27.01482582092285,18.23801040649414,27.613622665405273,17.421979904174805,16.485729217529297,25.991960525512695,17.020639419555664,27.08339500427246,23.744056701660156,16.787940979003906,15.276552200317383,18.751380920410156,15.663515090942383,15.116927146911621,16.86594009399414,17.009246826171875,15.960002899169922,27.114891052246094,16.387907028198242,15.874568939208984,18.653945922851562,17.750192642211914,27.308807373046875,18.42215919494629,15.26616096496582,21.684640884399414,18.64590835571289,20.708189010620117,25.115184783935547,16.330808639526367,16.55674934387207,14.402860641479492,16.651823043823242,15.951617240905762,18.47469711303711,19.103694915771484,17.081462860107422,16.26168441772461,16.9417667388916,16.271530151367188,16.889982223510742,19.810848236083984,29.223102569580078,29.555908203125,16.389514923095703
26.771221160888672,14.388139724731445,16.23623275756836,26.30879783630371,14.92916202545166,15.54246997833252,0.9132274389266968,16.099180221557617,26.429861068725586,14.795150756835938,14.903170585632324,15.31036376953125,26.76315689086914,19.389333724975586,15.03930377960205,27.983856201171875,17.740589141845703,26.599807739257812,18.766138076782227,16.897497177124023,14.707599639892578,17.27503204345703,13.847347259521484,14.020631790161133,15.916162490844727,14.590604782104492,26.67471694946289,13.996477127075195,15.944392204284668,16.032711029052734,15.789817810058594,15.889388084411621,27.960254669189453,15.398324966430664,17.215091705322266,15.712846755981445,19.41497802734375,16.144458770751953,18.288326263427734,16.162233352661133,18.715593338012695,17.407455444335938,15.298367500305176,17.417692184448242,22.83881187438965,18.228208541870117,16.425880432128906,13.96235179901123,28.736774444580078,27.067516326904297,17.5653076171875,18.066068649291992,15.747705459594727,14.56424331665039,18.194210052490234,26.78461456298828,17.712549209594727,27.598058700561523,16.89327621459961,15.47285270690918,25.86747932434082,16.405624389648438,27.177125930786133,23.500934600830078,15.97055435180664,14.562030792236328,18.045461654663086,14.875229835510254,14.18980598449707,16.063655853271484,16.190093994140625,14.952725410461426,26.576908111572266,15.510832786560059,15.095949172973633,18.048086166381836,16.699111938476562,27.304399490356445,17.748762130737305,14.33649730682373,21.15585708618164,17.90338706970215,20.26029396057129,24.810768127441406,15.406566619873047,15.648544311523438,13.143699645996094,15.860445022583008,15.276200294494629,17.68128776550293,18.639204025268555,16.42909049987793,15.707655906677246,16.27552032470703,15.4561185836792,16.209625244140625,19.405067443847656,29.029762268066406,29.486515045166016,15.607865333557129
27.430442810058594,15.663328170776367,17.476490020751953,26.817825317382812,16.029483795166016,17.066476821899414,16.099180221557617,1.375,26.918651580810547,16.10318374633789,16.251171112060547,16.460031509399414,27.252445220947266,20.47631072998047,16.4929256439209,28.756759643554688,18.793102264404297,27.00629234313965,20.086191177368164,17.905977249145508,16.12330436706543,18.343883514404297,15.257682800292969,15.316198348999023,17.06825065612793,16.09796714782715,27.253690719604492,15.451315879821777,17.19684410095215,17.398757934570312,17.121492385864258,17.090978622436523,28.49254608154297,16.818714141845703,18.451133728027344,17.098947525024414,20.583599090576172,17.384719848632812,19.512290954589844,17.465200424194336,19.954416275024414,18.612255096435547,16.371570587158203,18.665067672729492,23.810962677001953,19.331907272338867,17.465227127075195,15.208415031433105,29.471567153930664,27.55399513244629,18.675214767456055,19.508886337280273,17.029415130615234,16.038284301757812,19.085052490234375,27.337257385253906,18.973743438720703,28.037607192993164,18.252460479736328,16.426326751708984,26.411806106567383,17.70184898376465,27.324277877807617,23.957033157348633,16.970016479492188,15.777876853942871,19.021652221679688,16.31004524230957,15.9548921585083,17.52013397216797,17.197723388671875,16.30962562561035,27.22798728942871,16.809885025024414,16.32222557067871,18.91495132446289,18.27521324157715,27.810989379882812,19.035226821899414,15.789787292480469,22.007877349853516,19.021780014038086,21.11577606201172,25.65744972229004,16.83261489868164,16.955537796020508,14.716925621032715,17.191362380981445,16.28394889831543,18.825136184692383,19.415205001831055,17.63253402709961,16.701889038085938,17.499191284179688,16.489580154418945,17.166748046875,20.82851791381836,29.498170852661133,29.838153839111328,16.925243377685547
17.92658042907715,26.162736892700195,27.144039154052734,18.098283767700195,26.07762336730957,26.769241333007812,26.429861068725586,26.918651580810547,0.0,26.218358993530273,26.038236618041992,26.59556770324707,18.37693977355957,29.375049591064453,26.85186195373535,20.152956008911133,27.715049743652344,17.196163177490234,28.565576553344727,27.514360427856445,26.4883975982666,27.641944885253906,25.890666961669922,26.392553329467773,26.729328155517578,26.193092346191406,17.940139770507812,26.079187393188477,27.080842971801758,27.50450897216797,27.239049911499023,27.197708129882812,18.687082290649414,26.75750160217285,27.75429344177246,26.858280181884766,29.56094741821289,26.948808670043945,28.798227310180664,27.12066078186035,28.3861141204834,28.21975326538086,26.892127990722656,27.448726654052734,31.786043167114258,28.61996841430664,27.170379638671875,26.29326820373535,19.243581771850586,18.176193237304688,27.728666305541992,28.659793853759766,26.724578857421875,26.573637008666992,28.33354949951172,19.074766159057617,27.66216468811035,18.634618759155273,27.94847297668457,26.806880950927734,17.512550354003906,27.569780349731445,17.70725440979004,17.511323928833008,26.669179916381836,26.0,28.25696563720703,26.262022018432617,26.172914505004883,26.808019638061523,27.019542694091797,26.717388153076172,19.456130981445312,26.68886375427246,26.557279586791992,28.4196720123291,27.472021102905273,19.17179298400879,27.732681274414062,26.185476303100586,30.124433517456055,28.138797760009766,30.279508590698242,19.32240867614746,26.491853713989258,27.161561965942383,25.677888870239258,27.13045310974121,26.28461265563965,28.09479331970215,28.713274002075195,27.099803924560547,26.82417106628418,27.068580627441406,26.906822204589844,27.5419864654541,29.28907012939453,19.847440719604492,19.605409622192383,26.5543270111084
26.597972869873047,14.197305679321289,16.00384521484375,26.184694290161133,14.914305686950684,15.592528343200684,14.795150756835938,16.10318374633789,26.218358993530273,0.0,14.819025039672852,15.227250099182129,26.67704200744629,19.457561492919922,15.250160217285156,28.024202346801758,17.43730354309082,26.39325714111328,18.823760986328125,16.678720474243164,14.55196762084961,17.129104614257812,13.975460052490234,14.11403751373291,15.901430130004883,14.707300186157227,26.640628814697266,14.039077758789062,15.931034088134766,16.24428939819336,16.06231689453125,15.761001586914062,27.840620040893555,15.46316146850586,17.080289840698242,15.629499435424805,19.41912841796875,16.085222244262695,18.48003578186035,16.130268096923828,18.937318801879883,17.6031551361084,15.021891593933105,17.537431716918945,22.882490158081055,18.06623077392578,16.41083335876465,13.882915496826172,28.74898910522461,27.008136749267578,17.360549926757812,18.26746368408203,15.670589447021484,14.567763328552246,18.069337844848633,26.84812355041504,17.85764503479004,27.4639949798584,16.85458755493164,15.182998657226562,25.721872329711914,16.274169921875,26.80463218688965,23.158357620239258,15.78251838684082,14.427452087402344,17.960975646972656,14.564679145812988,14.11130428314209,16.155887603759766,16.173044204711914,14.820408821105957,26.63912582397461,15.646516799926758,14.883171081542969,18.224403381347656,16.94291877746582,27.144542694091797,17.62281036376953,14.306391716003418,21.141220092773438,18.14400863647461,19.970632553100586,24.93503189086914,15.195984840393066,15.594313621520996,13.127120018005371,15.606895446777344,15.119284629821777,17.801998138427734,18.46380615234375,16.501922607421875,15.351639747619629,16.19491958618164,15.351481437683105,16.02573585510254,19.51909637451172,29.013845443725586,29.45929527282715,15.522727966308594
26.42721939086914,14.469627380371094,16.303428649902344,25.96417999267578,14.820145606994629,15.685445785522461,14.903170585632324,16.251171112060547,26.038236618041992,14.819025039672852,1.0684576034545898,15.103354454040527,26.643314361572266,19.7475528717041,15.728283882141113,27.885841369628906,17.6641845703125,26.253049850463867,19.101957321166992,16.953319549560547,14.912537574768066,17.489673614501953,13.820663452148438,14.096035957336426,15.90284252166748,14.91257095336914,26.629053115844727,14.161595344543457,16.00238037109375,16.187047958374023,16.242816925048828,16.007535934448242,27.675548553466797,15.764657020568848,17.109310150146484,15.643925666809082,19.38651466369629,16.25105094909668,18.474353790283203,16.4932804107666,18.699934005737305,17.63389015197754,15.269614219665527,17.608009338378906,23.27220916748047,18.046327590942383,16.596397399902344,14.1190185546875,28.659223556518555,26.784313201904297,17.630041122436523,18.630084991455078,16.01747703552246,14.814247131347656,18.21314811706543,26.64530372619629,17.725418090820312,27.246074676513672,17.004135131835938,15.840667724609375,25.58680534362793,16.52924156188965,26.658273696899414,23.307849884033203,15.75523853302002,14.653484344482422,17.89422035217285,14.820870399475098,14.273794174194336,16.231178283691406,16.387340545654297,15.135714530944824,26.333396911621094,15.491933822631836,15.181679725646973,18.06206703186035,16.923166275024414,26.81463050842285,17.90731430053711,14.592378616333008,21.011064529418945,17.9863224029541,20.31077003479004,24.624067306518555,15.586389541625977,15.644550323486328,13.305895805358887,15.957554817199707,14.986452102661133,17.944385528564453,18.878259658813477,16.516090393066406,15.743922233581543,16.451841354370117,15.584917068481445,16.088470458984375,19.360504150390625,28.922943115234375,28.93058967590332,15.731077194213867
26.967355728149414,14.699894905090332,16.40809440612793,26.430204391479492,15.194925308227539,15.81395149230957,15.31036376953125,16.460031509399414,26.59556770324707,15.227250099182129,15.103354454040527,0.0,26.893497467041016,19.662832260131836,15.760103225708008,28.29987335205078,17.75687599182129,26.61713218688965,19.018827438354492,16.959396362304688,14.986550331115723,17.62602424621582,14.184436798095703,14.446223258972168,15.915026664733887,15.253905296325684,26.860071182250977,14.15331745147705,16.202001571655273,16.48122787475586,16.33472442626953,15.824970245361328,28.183090209960938,16.06578254699707,17.21971321105957,16.0683650970459,19.682266235351562,16.365663528442383,18.53443717956543,16.52215003967285,18.748828887939453,17.875600814819336,15.507747650146484,17.88734245300293,22.908466339111328,18.14053726196289,16.38540267944336,14.199162483215332,28.87982749938965,27.10491180419922,17.78133201599121,18.6674747467041,16.056936264038086,14.857099533081055,18.17326545715332,26.80949592590332,18.04402732849121,27.68920135498047,16.68832015991211,15.856380462646484,26.131559371948242,16.794483184814453,26.74187660217285,23.669498443603516,16.23021697998047,14.788350105285645,18.281890869140625,15.106199264526367,14.491040229797363,16.60051727294922,16.4077091217041,15.40396785736084,26.705854415893555,16.045923233032227,15.491334915161133,18.3572940826416,17.170928955078125,27.247983932495117,17.92505645751953,14.618621826171875,21.439777374267578,18.193567276000977,20.500905990600586,25.213443756103516,15.685352325439453,15.602170944213867,13.704434394836426,16.361427307128906,15.455233573913574,18.017406463623047,18.95244789123535,16.593250274658203,15.871585845947266,16.574995040893555,15.518606185913086,16.21615982055664,19.67167091369629,29.10141944885254,29.605281829833984,15.721545219421387
18.23546600341797,26.372751235961914,27.302513122558594,17.804384231567383,26.58003044128418,26.89039421081543,26.76315689086914,27.252445220947266,18.37693977355957,26.67704200744629,26.643314361572266,26.893497467041016,1.8506227731704712,29.58490562438965,27.047592163085938,20.207927703857422,28.10002326965332,17.960323333740234,28.80309295654297,27.60379981994629,26.657560348510742,27.84925651550293,26.15441131591797,26.86237907409668,26.958736419677734,26.61358070373535,17.919525146484375,26.30396270751953,27.43313980102539,27.63334083557129,27.5638370513916,27.4925594329834,18.886276245117188,26.94634437561035,27.99298095703125,27.21474838256836,29.903703689575195,27.425146102905273,29.133867263793945,27.337589263916016,28.589839935302734,28.31907081604004,27.124109268188477,27.951391220092773,31.918582916259766,29.05645179748535,27.581130981445312,26.677480697631836,19.472135543823242,18.342418670654297,27.930683135986328,28.976165771484375,26.962032318115234,26.798492431640625,28.671138763427734,19.05081558227539,28.140274047851562,18.945207595825195,28.189292907714844,26.98257064819336,17.525901794433594,27.956193923950195,18.141910552978516,18.02718734741211,26.990612030029297,26.46670150756836,28.754873275756836,26.532556533813477,26.62518310546875,27.174009323120117,27.22934913635254,27.264957427978516,20.026885986328125,26.944595336914062,27.005334854125977,28.670644760131836,27.76095962524414,19.084489822387695,28.088396072387695,26.569557189941406,30.598905563354492,28.510038375854492,30.07962989807129,19.186939239501953,26.860151290893555,27.539806365966797,26.02020835876465,27.28895378112793,26.697633743286133,28.053329467773438,29.134973526000977,27.66421127319336,27.25555419921875,27.351356506347656,27.23341941833496,28.0439453125,29.676921844482422,20.243778228759766,19.229799270629883,26.759654998779297
29.470888137817383,19.304584503173828,20.77619743347168,29.186044692993164,19.715679168701172,20.12718391418457,19.389333724975586,20.47631072998047,29.375049591064453,19.457561492919922,19.7475528717041,19.662832260131836,29.58490562438965,0.0,19.3216495513916,31.200946807861328,21.7131290435791,29.575082778930664,22.83573341369629,20.86185073852539,19.36214256286621,21.394180297851562,18.563262939453125,18.980819702148438,20.15738868713379,19.452842712402344,29.54363250732422,18.896976470947266,20.31581687927246,20.56435203552246,20.439363479614258,20.206912994384766,30.658288955688477,20.05811882019043,21.0715389251709,20.113691329956055,23.32705307006836,20.478242874145508,22.299015045166016,20.56416130065918,22.32750701904297,21.37029457092285,20.00871467590332,21.592710494995117,26.07720375061035,22.100135803222656,20.314830780029297,18.933683395385742,31.54625129699707,30.074663162231445,21.656068801879883,22.116567611694336,19.992454528808594,19.385128021240234,21.89106559753418,29.514842987060547,21.637121200561523,30.43610382080078,20.992279052734375,19.908309936523438,28.80329704284668,20.739973068237305,29.86113739013672,26.51875114440918,20.29831314086914,19.275297164916992,22.090700149536133,19.342588424682617,19.125408172607422,20.3893985748291,20.620573043823242,19.55703353881836,29.656694412231445,20.034637451171875,19.764013290405273,21.83809471130371,20.880939483642578,30.107830047607422,22.007278442382812,19.337488174438477,24.49053192138672,21.927749633789062,23.812931060791016,27.923934936523438,19.893049240112305,20.005809783935547,18.239669799804688,20.098487854003906,19.940977096557617,21.5191593170166,22.455055236816406,20.65955924987793,19.93485450744629,20.454790115356445,19.858163833618164,20.488801956176758,23.07968521118164,31.591848373413086,32.25529098510742,20.10878562927246
27.18137550354004,14.901630401611328,16.619213104248047,26.515676498413086,15.408944129943848,16.131175994873047,15.03930377960205,16.4929256439209,26.85186195373535,15.250160217285156,15.728283882141113,15.760103225708008,27.047592163085938,19.3216495513916,0.0,28.352535247802734,17.781909942626953,27.06574821472168,19.3332462310791,17.327722549438477,15.388427734375,17.666589736938477,14.360930442810059,14.610201835632324,16.333349227905273,15.278022766113281,27.110126495361328,14.454062461853027,16.569780349731445,16.58259391784668,16.283498764038086,16.307979583740234,28.335988998413086,16.101970672607422,17.357540130615234,16.07817840576172,19.735036849975586,16.33463478088379,18.570783615112305,16.486291885375977,19.05417251586914,17.89626693725586,15.540207862854004,17.99758529663086,23.29152488708496,18.576568603515625,17.07588768005371,14.50932502746582,29.256084442138672,27.31011390686035,17.939922332763672,18.47601890563965,16.127029418945312,15.138456344604492,18.421100616455078,27.04779052734375,18.147506713867188,27.86665153503418,17.310609817504883,15.606551170349121,26.202896118164062,16.6163330078125,27.31556510925293,23.635910034179688,16.354263305664062,14.668105125427246,18.480987548828125,15.13477897644043,14.936748504638672,16.561349868774414,16.823997497558594,15.418858528137207,27.046138763427734,16.050823211669922,15.565041542053223,18.204647064208984,17.506610870361328,27.619218826293945,18.13165283203125,14.787558555603027,21.33775520324707,18.274356842041016,20.528133392333984,25.098711013793945,15.96868896484375,16.033443450927734,14.017810821533203,16.300582885742188,15.65356731414795,18.193647384643555,19.059221267700195,16.633955001831055,15.812654495239258,16.659942626953125,15.741100311279297,16.480457305908203,19.723949432373047,29.287336349487305,29.966012954711914,15.884162902832031
20.04365348815918,27.64408302307129,28.724428176879883,19.882246017456055,27.866985321044922,28.364208221435547,27.983856201171875,28.756759643554688,20.152956008911133,28.024202346801758,27.885841369628906,28.29987335205078,20.207927703857422,31.200946807861328,28.352535247802734,0.0,29.395221710205078,19.885560989379883,30.157155990600586,29.087791442871094,27.950281143188477,29.006969451904297,27.479297637939453,27.94107437133789,28.324251174926758,27.99707794189453,19.901662826538086,27.592042922973633,28.669639587402344,28.772375106811523,28.746952056884766,28.765926361083984,20.80501365661621,28.304893493652344,29.24005699157715,28.409000396728516,31.385892868041992,28.629161834716797,30.54255485534668,28.668872833251953,29.886863708496094,29.854856491088867,28.535503387451172,28.996379852294922,33.15470504760742,29.98609733581543,28.84459686279297,28.020709991455078,21.219303131103516,20.186677932739258,29.17597198486328,30.208181381225586,28.419174194335938,28.16942596435547,29.806095123291016,21.14493751525879,29.19470977783203,20.74858856201172,29.639360427856445,28.213956832885742,20.013715744018555,29.03801918029785,20.084075927734375,19.95948028564453,28.284029006958008,27.774675369262695,29.726816177368164,27.916711807250977,28.155452728271484,28.58528709411621,28.575916290283203,28.435224533081055,20.512929916381836,28.488698959350586,28.23637580871582,30.018369674682617,29.11754608154297,20.866670608520508,29.485944747924805,28.026702880859375,31.579652786254883,29.674619674682617,31.202682495117188,20.743480682373047,28.014278411865234,28.838891983032227,27.359485626220703,28.796480178833008,28.144393920898438,29.401002883911133,29.999494552612305,28.606128692626953,28.612092971801758,28.71633529663086,28.672449111938477,29.23872184753418,31.03411293029785,21.936208724975586,21.297626495361328,27.968461990356445
28.296293258666992,17.276784896850586,18.916784286499023,27.794322967529297,17.60318374633789,18.340688705444336,17.740589141845703,18.793102264404297,27.715049743652344,17.43730354309082,17.6641845703125,17.75687599182129,28.10002326965332,21.7131290435791,17.781909942626953,29.395221710205078,1.3849074840545654,27.877487182617188,21.211315155029297,19.168838500976562,17.57317352294922,19.701234817504883,16.68890380859375,17.05794906616211,18.361948013305664,17.65666389465332,27.969919204711914,17.035808563232422,18.664413452148438,18.693979263305664,18.331289291381836,18.60186195373535,29.255558013916016,18.410335540771484,19.459592819213867,18.54397201538086,21.815410614013672,18.80097198486328,20.48904037475586,18.881595611572266,20.604867935180664,20.1070613861084,17.92821502685547,19.994604110717773,24.59654998779297,20.391767501831055,18.94721794128418,16.84566307067871,30.200759887695312,28.446409225463867,19.875024795532227,20.765478134155273,18.304872512817383,17.437219619750977,19.957645416259766,28.16609764099121,20.346054077148438,28.759729385375977,19.51576805114746,18.079225540161133,27.257720947265625,18.863380432128906,28.375009536743164,25.06633758544922,18.453516006469727,17.082576751708984,20.34307861328125,17.575284957885742,17.281503677368164,18.69000816345215,18.718202590942383,17.474618911743164,28.21944236755371,18.378347396850586,17.781963348388672,20.07806968688965,19.442096710205078,28.561866760253906,19.829448699951172,17.191930770874023,23.023021697998047,20.453596115112305,22.080352783203125,26.374704360961914,17.986160278320312,18.17691993713379,16.208690643310547,18.205585479736328,17.929412841796875,20.283416748046875,20.816394805908203,18.645437240600586,18.011985778808594,18.96738624572754,17.898094177246094,18.39032554626465,21.49375343322754,30.494781494140625,30.699892044067383,18.211458206176758
17.324539184570312,26.109081268310547,27.221172332763672,17.54311180114746,26.095882415771484,26.667531967163086,26.599807739257812,27.00629234313965,17.196163177490234,26.39325714111328,26.253049850463867,26.61713218688965,17.960323333740234,29.575082778930664,27.06574821472168,19.885560989379883,27.877487182617188,1.1692678928375244,28.50791358947754,27.492097854614258,26.4237003326416,27.532100677490234,25.785871505737305,26.610443115234375,26.767080307006836,26.265026092529297,17.52687644958496,25.986146926879883,27.237293243408203,27.37466049194336,27.422119140625,27.32740592956543,18.949434280395508,26.826499938964844,27.855741500854492,26.775724411010742,29.49932098388672,27.15398406982422,29.002845764160156,27.10636329650879,28.444778442382812,28.33144760131836,26.923603057861328,27.744121551513672,31.849592208862305,28.77358055114746,27.302200317382812,26.214950561523438,19.009300231933594,17.5578556060791,27.820241928100586,28.819581985473633,26.748886108398438,26.50298500061035,28.546049118041992,18.789152145385742,27.731184005737305,18.343297958374023,28.047740936279297,26.806089401245117,17.20127296447754,27.600976943969727,17.824420928955078,17.27751922607422,26.68993377685547,26.129709243774414,28.38435935974121,26.327425003051758,26.257234573364258,26.949098587036133,27.001718521118164,27.086305618286133,19.57764434814453,26.6571102142334,26.646411895751953,28.33034324645996,27.698501586914062,18.620254516601562,27.912460327148438,26.287036895751953,30.395198822021484,28.125850677490234,29.967723846435547,19.256263732910156,26.665260314941406,27.211143493652344,25.782840728759766,27.106307983398438,26.42660140991211,27.99579620361328,28.691499710083008,27.234315872192383,27.02086067199707,27.033472061157227,26.886335372924805,27.791126251220703,29.572507858276367,19.5156192779541,19.37971305847168,26.415346145629883
28.943370819091797,18.697843551635742,19.86986541748047,28.39497184753418,19.080013275146484,19.53427505493164,18.766138076782227,20.086191177368164,28.565576553344727,18.823760986328125,19.101957321166992,19.018827438354492,28.80309295654297,22.83573341369629,19.3332462310791,30.157155990600586,21.211315155029297,28.50791358947754,0.3878023028373718,20.2709903717041,19.008941650390625,20.919137954711914,18.344629287719727,18.58274269104004,19.83365821838379,19.251445770263672,28.89126205444336,18.330942153930664,19.670949935913086,19.947269439697266,19.525249481201172,19.703739166259766,30.013505935668945,19.506885528564453,20.910337448120117,19.73508644104004,22.629941940307617,20.274169921875,21.616756439208984,20.10694122314453,22.194673538208008,21.086063385009766,19.31705093383789,21.059717178344727,25.754056930541992,21.668670654296875,20.30425262451172,18.36508560180664,30.983646392822266,29.205211639404297,21.269086837768555,21.632291793823242,19.665115356445312,18.9287052154541,21.288522720336914,29.035152435302734,21.480823516845703,29.46919822692871,20.491018295288086,19.74146842956543,28.10756492614746,20.483415603637695,28.968801498413086,25.901952743530273,19.810405731201172,18.71277618408203,21.383953094482422,18.906843185424805,18.773527145385742,20.014570236206055,19.84335708618164,19.348140716552734,28.796768188476562,19.50600814819336,19.153038024902344,21.466270446777344,20.57754898071289,29.61138343811035,21.458398818969727,18.69089698791504,23.80841827392578,21.398561477661133,23.344942092895508,27.088233947753906,19.66645622253418,19.615293502807617,17.84062957763672,19.886518478393555,19.076915740966797,21.411563873291016,22.11632537841797,20.16935157775879,19.611759185791016,19.875835418701172,19.193071365356445,19.88033103942871,22.737377166748047,30.788990020751953,31.244312286376953,19.698087692260742
27.820329666137695,16.376789093017578,17.969375610351562,27.39038848876953,16.813661575317383,17.391122817993164,16.897497177124023,17.905977249145508,27.514360427856445,16.678720474243164,16.953319549560547,16.959396362304688,27.60379981994629,20.86185073852539,17.327722549438477,29.087791442871094,19.168838500976562,27.492097854614258,20.2709903717041,0.0,16.672073364257812,18.8055419921875,15.914382934570312,16.247236251831055,17.746009826660156,16.80154800415039,27.66904640197754,16.096540451049805,17.71786880493164,17.99698829650879,17.894630432128906,17.751211166381836,28.48539924621582,17.74364471435547,18.78933334350586,17.696828842163086,21.309911727905273,18.026050567626953,20.137855529785156,18.17759132385254,20.13319969177246,19.449277877807617,17.136430740356445,19.11529541015625,24.26771354675293,19.78707504272461,18.110204696655273,16.230667114257812,29.847448348999023,28.078868865966797,19.246219635009766,20.161869049072266,17.78473663330078,16.623443603515625,19.810453414916992,27.734193801879883,19.542747497558594,28.490558624267578,18.68729019165039,17.32687759399414,26.92595100402832,18.319271087646484,27.66316032409668,24.400667190551758,17.87693977355957,16.482057571411133,19.578641891479492,16.92232894897461,16.432151794433594,18.083383560180664,17.864042282104492,17.08583641052246,27.742204666137695,17.615827560424805,17.295766830444336,19.79136848449707,18.84416389465332,28.21721076965332,19.626667022705078,16.47571563720703,22.28626823425293,19.993797302246094,21.536556243896484,26.042707443237305,17.418588638305664,17.564363479614258,15.617685317993164,17.767927169799805,17.310468673706055,19.57233238220215,19.92047119140625,18.110149383544922,17.463605880737305,18.072851181030273,17.307506561279297,17.94830322265625,21.13867950439453,29.79059410095215,30.281709671020508,17.408578872680664
26.746313095092773,14.206657409667969,16.216854095458984,26.495439529418945,14.841578483581543,15.782580375671387,14.707599639892578,16.12330436706543,26.4883975982666,14.55196762084961,14.912537574768066,14.986550331115723,26.657560348510742,19.36214256286621,15.388427734375,27.950281143188477,17.57317352294922,26.4237003326416,19.008941650390625,16.672073364257812,1.5857642889022827,17.147111892700195,13.719781875610352,13.978778839111328,15.775370597839355,15.00953483581543,26.759580612182617,13.94688606262207,16.084402084350586,16.21233558654785,15.945034980773926,15.898634910583496,28.00629425048828,15.619123458862305,16.937644958496094,15.787776947021484,19.38789939880371,16.082368850708008,18.235065460205078,16.32061004638672,18.747005462646484,17.41996192932129,14.95132064819336,17.369237899780273,22.877944946289062,17.96168327331543,16.34736442565918,14.01923942565918,28.768922805786133,27.040189743041992,17.518070220947266,18.28976821899414,15.663390159606934,14.774476051330566,17.821598052978516,26.76262855529785,17.736488342285156,27.523462295532227,16.876619338989258,15.407581329345703,25.99080467224121,16.44335174560547,26.89141845703125,23.303470611572266,15.978501319885254,14.33043384552002,17.9251651763916,14.84911060333252,14.27369213104248,16.218931198120117,16.187137603759766,15.019713401794434,26.654226303100586,15.694968223571777,15.027026176452637,17.916309356689453,17.014986038208008,27.15726661682129,17.742460250854492,14.350011825561523,21.14602279663086,18.06006622314453,19.92922019958496,24.90423011779785,15.523985862731934,15.495084762573242,13.084909439086914,15.932872772216797,15.264113426208496,17.770673751831055,18.42814826965332,16.451515197753906,15.465056419372559,16.145578384399414,15.190939903259277,15.824230194091797,19.560428619384766,28.88123893737793,29.507587432861328,15.602420806884766
