0.4565468728542328,22.987709045410156,22.162309646606445,5.831548690795898,22.687265396118164,22.27195930480957,26.169347763061523,22.175884246826172,5.286768436431885,22.836994171142578,22.093053817749023,22.60403823852539,9.431554794311523,26.907743453979492,22.813756942749023,11.255756378173828,23.221179962158203,9.066559791564941,21.948896408081055,23.504121780395508,23.62769889831543,23.084501266479492,22.56791877746582,23.099828720092773,22.726831436157227,22.761999130249023,9.087425231933594,22.290489196777344,22.338542938232422,22.463186264038086,25.618743896484375,24.942419052124023,8.720438957214355,22.1082763671875,23.42595863342285,22.83124351501465,22.899723052978516,26.615901947021484,22.959470748901367,22.37932586669922,22.918251037597656,23.26778221130371,22.63520050048828,26.353797912597656,28.50682258605957,23.801904678344727,22.558605194091797,22.583087921142578,6.760711193084717,8.483278274536133,22.812328338623047,22.687175750732422,22.19872283935547,22.818828582763672,25.23910140991211,12.181540489196777,26.57959747314453,8.884313583374023,22.73043441772461,22.370107650756836,10.509024620056152,22.66108512878418,12.181109428405762,7.655942916870117,22.431459426879883,22.51341438293457,22.758392333984375,21.941570281982422,23.59038734436035,23.671167373657227,23.2065486907959,23.28520393371582,9.953362464904785,22.897146224975586,22.189403533935547,22.72254180908203,25.457406997680664,8.968365669250488,22.442859649658203,22.451873779296875,23.1484317779541,25.045888900756836,23.28668212890625,8.035039901733398,26.928558349609375,22.697046279907227,22.555471420288086,24.355043411254883,22.652454376220703,26.18761444091797,25.595361709594727,22.766321182250977,22.709007263183594,22.72944450378418,23.432170867919922,22.838451385498047,27.886674880981445,11.68682861328125,8.487829208374023,22.282419204711914
22.987709045410156,0.11135382205247879,5.747445106506348,20.50864601135254,2.1626505851745605,3.8446242809295654,15.280620574951172,4.283927917480469,21.919240951538086,2.1166112422943115,1.7597569227218628,1.6986175775527954,23.145736694335938,13.399697303771973,2.549973487854004,24.98613929748535,5.249701023101807,22.633310317993164,2.3354766368865967,5.947727680206299,3.5570271015167236,5.50423002243042,2.10172176361084,2.588805913925171,3.106065034866333,8.72930908203125,22.572599411010742,1.7990449666976929,3.03792667388916,2.4875099658966064,9.308018684387207,11.313688278198242,23.17327308654785,2.491102457046509,5.535175800323486,2.830458641052246,3.6953837871551514,15.586194038391113,6.138915061950684,3.008845090866089,2.6010642051696777,5.129749774932861,3.2579667568206787,13.013897895812988,18.30121612548828,7.03624963760376,4.070602893829346,2.668926477432251,21.239973068237305,22.77118682861328,2.569733142852783,3.2480130195617676,2.6298038959503174,5.161901950836182,13.494446754455566,23.976621627807617,14.881914138793945,22.294265747070312,3.2210140228271484,2.428689479827881,23.104167938232422,7.044956684112549,22.63611602783203,20.72690773010254,2.0608203411102295,2.6700961589813232,2.632321357727051,3.6956000328063965,4.012197494506836,9.007685661315918,2.8965041637420654,1.7904052734375,23.66592025756836,7.1386871337890625,3.820697069168091,2.488285541534424,10.389098167419434,20.899206161499023,4.527174949645996,2.5450143814086914,6.901360511779785,10.120749473571777,9.531929016113281,23.336977005004883,15.537939071655273,4.562243461608887,1.9262778759002686,10.93371868133545,1.9911437034606934,13.632400512695312,12.751518249511719,6.590487480163574,2.622586965560913,2.5603389739990234,3.604705572128296,1.5204322338104248,15.984396934509277,21.987077713012695,23.699548721313477,2.91990065574646
22.162309646606445,5.747445106506348,0.17266111075878143,20.175615310668945,6.215068340301514,6.084176063537598,15.018436431884766,7.190976142883301,21.43184471130371,5.903684139251709,5.320135593414307,5.136675834655762,22.874340057373047,14.485337257385254,5.929133892059326,24.153106689453125,7.991918087005615,22.338459014892578,5.227932929992676,8.543318748474121,6.276805400848389,7.494545936584473,5.924540996551514,6.138772964477539,6.1175761222839355,6.471385955810547,20.53076171875,5.478954315185547,5.587235927581787,5.8578877449035645,8.896462440490723,12.055543899536133,22.477657318115234,5.767988204956055,7.572908878326416,5.619970321655273,7.109858512878418,17.060035705566406,8.186347007751465,5.613490104675293,6.429124355316162,7.634783744812012,5.897096157073975,14.611491203308105,18.988344192504883,9.003134727478027,5.5194091796875,5.57378625869751,20.58928680419922,22.412353515625,6.5524001121521,5.723217010498047,6.1715874671936035,8.22312068939209,14.943784713745117,23.759521484375,15.931102752685547,21.737154006958008,5.401845455169678,5.715333461761475,21.731327056884766,9.461702346801758,22.581443786621094,20.652769088745117,5.94353723526001,5.183506488800049,5.521052837371826,4.678284168243408,8.054808616638184,9.089919090270996,6.32220983505249,5.544719219207764,22.861881256103516,9.734498023986816,7.183199882507324,5.987358093261719,11.27315902709961,20.564653396606445,7.68655252456665,5.805468559265137,10.237104415893555,12.277552604675293,13.064339637756348,22.400842666625977,15.916964530944824,6.96449613571167,5.9824442863464355,11.351112365722656,6.099603176116943,14.9676513671875,13.727206230163574,6.3038835525512695,5.738426208496094,5.812119007110596,5.6027374267578125,5.673969745635986,17.18218994140625,21.47663688659668,22.709510803222656,5.322847843170166
5.831548690795898,20.50864601135254,20.175615310668945,0.31914326548576355,20.17380142211914,20.20062828063965,24.642730712890625,19.916015625,4.351022243499756,20.46333885192871,19.787168502807617,20.21507453918457,6.243429183959961,23.852304458618164,20.266990661621094,11.181706428527832,20.50661277770996,6.661571025848389,19.48378562927246,20.55683708190918,20.708284378051758,20.225297927856445,20.200944900512695,20.5028018951416,20.183351516723633,21.460437774658203,7.859019756317139,19.885208129882812,20.070083618164062,20.162755966186523,22.79970359802246,23.465871810913086,7.232560634613037,19.78955078125,21.08407974243164,20.5540771484375,20.481576919555664,24.939945220947266,20.497167587280273,19.920093536376953,20.249370574951172,20.72159194946289,20.403715133666992,23.90663719177246,26.99787139892578,21.228553771972656,20.145347595214844,20.26946258544922,4.208458423614502,5.701786994934082,20.207639694213867,20.38001823425293,20.101057052612305,20.65268325805664,23.19083023071289,11.8629150390625,25.05377197265625,6.902939319610596,20.579275131225586,19.982858657836914,10.518263816833496,20.5463809967041,11.881793975830078,5.964000701904297,19.89592933654785,20.015268325805664,20.38235855102539,19.760868072509766,20.97264289855957,21.837604522705078,20.499290466308594,20.7666015625,8.40041732788086,20.643455505371094,19.958209991455078,20.286293029785156,23.624237060546875,5.688628196716309,20.3525447845459,20.06236457824707,20.817636489868164,22.604190826416016,21.295026779174805,6.8170857429504395,25.476787567138672,20.410306930541992,20.1429386138916,23.013660430908203,20.308635711669922,24.764238357543945,23.7006778717041,21.01660919189453,20.395170211791992,20.162160873413086,20.851882934570312,20.36374282836914,25.86092185974121,8.495593070983887,6.945411205291748,19.794246673583984
22.687265396118164,2.1626505851745605,6.215068340301514,20.17380142211914,0.0,3.4872007369995117,15.055336952209473,3.7666170597076416,21.594287872314453,1.3989747762680054,2.196859359741211,1.61411452293396,22.94131088256836,13.373074531555176,1.823119044303894,24.693117141723633,4.701310634613037,22.39440155029297,2.0183610916137695,5.070097923278809,3.471196413040161,4.78523063659668,1.3072309494018555,2.4920754432678223,3.0652804374694824,9.234033584594727,22.34980583190918,1.9026765823364258,3.034954309463501,2.0208756923675537,9.170455932617188,10.909481048583984,22.971508026123047,1.9840500354766846,5.0236968994140625,3.138131618499756,4.320210933685303,15.753934860229492,5.659401893615723,2.319706678390503,2.543510675430298,5.418171405792236,2.7906463146209717,13.218833923339844,18.1621036529541,6.61321496963501,3.098665237426758,2.1025021076202393,21.050106048583984,22.437057495117188,2.518501043319702,3.5121681690216064,2.4880623817443848,5.657097816467285,12.728259086608887,23.276708602905273,15.060357093811035,22.08661460876465,3.5035898685455322,1.734130859375,23.148086547851562,6.421277046203613,22.39404296875,20.54440689086914,1.3789844512939453,1.9418772459030151,2.6562860012054443,3.06762957572937,4.069181442260742,9.318598747253418,2.9414007663726807,1.7776741981506348,23.454761505126953,7.623613357543945,3.129441976547241,1.6465411186218262,10.72063159942627,20.718017578125,4.554816246032715,2.0408689975738525,6.577676773071289,10.877523422241211,9.535888671875,23.19977569580078,14.849414825439453,4.852293014526367,1.5524401664733887,10.459656715393066,1.8852108716964722,14.81592845916748,12.880888938903809,6.925693988800049,2.0277068614959717,1.5519627332687378,4.074623107910156,1.7357639074325562,15.698477745056152,21.821020126342773,23.40533447265625,2.665048837661743
22.27195930480957,3.8446242809295654,6.084176063537598,20.20062828063965,3.4872007369995117,0.0,14.782356262207031,4.873106002807617,21.4874210357666,3.4404516220092773,3.720747470855713,3.452091693878174,22.80199432373047,14.94853401184082,4.072173595428467,24.21590805053711,5.654473304748535,22.1433162689209,3.203732967376709,6.543015480041504,5.474094867706299,6.417868614196777,3.652428388595581,3.9435524940490723,4.7644805908203125,8.928096771240234,22.267288208007812,3.1510794162750244,4.2260284423828125,3.633758783340454,9.730655670166016,11.250082015991211,22.744592666625977,3.9576711654663086,5.552080154418945,4.578868389129639,4.729081630706787,16.20780372619629,7.541501522064209,4.548705101013184,4.547025680541992,6.143751621246338,4.460838317871094,15.027724266052246,18.688400268554688,8.134608268737793,4.634740352630615,3.842517852783203,20.92329216003418,22.142091751098633,4.493335247039795,4.45041561126709,3.368748903274536,7.076474189758301,13.813886642456055,22.486316680908203,15.027708053588867,21.991968154907227,3.348883867263794,2.6196091175079346,22.845979690551758,8.47950553894043,22.303762435913086,20.162538528442383,3.9006917476654053,3.774104356765747,4.00510835647583,4.250178813934326,5.915351867675781,7.835660457611084,4.31370735168457,3.483242988586426,22.87484359741211,7.971773624420166,4.479445457458496,3.3782737255096436,11.386954307556152,20.641752243041992,4.9971513748168945,4.115279674530029,7.3429412841796875,11.319685935974121,10.175647735595703,23.05377769470215,16.14185905456543,5.935146331787109,3.1158604621887207,9.717718124389648,3.477404832839966,14.662430763244629,13.672792434692383,7.018359184265137,3.3506433963775635,3.436922788619995,5.421095848083496,3.8509521484375,15.701743125915527,21.623109817504883,22.955623626708984,4.553110599517822
26.169347763061523,15.280620574951172,15.018436431884766,24.642730712890625,15.055336952209473,14.782356262207031,0.3352554738521576,14.43001651763916,25.984622955322266,14.71379280090332,14.586163520812988,14.979705810546875,27.07211685180664,18.698192596435547,14.352622032165527,28.692798614501953,15.183364868164062,26.583751678466797,14.437652587890625,16.288799285888672,14.705512046813965,14.934154510498047,14.707467079162598,15.0289306640625,15.566203117370605,15.874868392944336,26.722684860229492,14.700701713562012,14.940298080444336,14.658102989196777,17.120460510253906,19.18598747253418,26.61736297607422,14.510644912719727,15.02984619140625,15.099594116210938,15.284107208251953,21.42180061340332,14.284482955932617,14.207581520080566,15.197220802307129,15.383995056152344,15.303298950195312,19.22036361694336,23.555782318115234,16.930004119873047,15.023201942443848,15.208836555480957,26.018800735473633,26.98883819580078,15.647788047790527,15.853353500366211,15.279013633728027,16.842435836791992,20.16817855834961,27.041109085083008,20.687808990478516,25.44881820678711,15.095481872558594,14.826744079589844,26.544124603271484,16.85714340209961,26.511615753173828,25.156097412109375,14.82348918914795,14.661507606506348,14.369497299194336,14.578953742980957,14.492608070373535,16.713281631469727,15.762128829956055,14.983583450317383,27.611980438232422,16.84403419494629,15.495746612548828,14.766526222229004,18.080108642578125,25.783166885375977,15.60669231414795,14.439715385437012,15.436555862426758,17.59380531311035,16.587268829345703,27.254013061523438,20.724000930786133,14.80121898651123,14.653277397155762,16.25684356689453,15.00065803527832,20.55325698852539,18.89690589904785,16.694232940673828,14.942520141601562,14.305068016052246,15.14183521270752,14.9280424118042,21.48185157775879,26.149200439453125,27.63335418701172,15.690045356750488
22.175884246826172,4.283927917480469,7.190976142883301,19.916015625,3.7666170597076416,4.873106002807617,14.43001651763916,0.008400708436965942,21.331613540649414,4.072449207305908,3.9058854579925537,3.540961742401123,22.833858489990234,12.358033180236816,2.973689317703247,24.57152557373047,6.335518836975098,22.537837982177734,3.6888065338134766,7.388889789581299,5.2834553718566895,5.7791852951049805,3.332099437713623,3.998622417449951,4.732820510864258,8.767553329467773,22.121992111206055,3.290276527404785,4.198176383972168,2.868567943572998,9.868141174316406,10.798775672912598,22.99472427368164,3.003107786178589,5.424232482910156,5.117915630340576,6.588949680328369,16.02897834777832,5.880053997039795,3.0454792976379395,3.7790415287017822,6.252266883850098,4.744619846343994,14.31059741973877,18.350269317626953,7.996011257171631,4.226978302001953,3.523024082183838,20.997730255126953,22.208362579345703,3.955875873565674,3.8591389656066895,4.276524066925049,5.878048896789551,13.698932647705078,22.73170280456543,14.318709373474121,21.77440071105957,3.806757688522339,3.504182815551758,23.164257049560547,6.5205397605896,21.879703521728516,20.33208656311035,3.3028831481933594,3.564757823944092,4.780284881591797,4.438475608825684,5.757593631744385,9.858885765075684,4.81640100479126,3.872204303741455,23.680206298828125,8.156492233276367,3.6524276733398438,3.50534987449646,12.201382637023926,20.74873161315918,4.302468299865723,3.5778908729553223,7.401247501373291,9.665386199951172,9.555349349975586,22.929302215576172,15.22664737701416,5.273923873901367,3.589144706726074,11.424459457397461,3.465615749359131,14.752117156982422,11.971051216125488,6.861716270446777,3.8214964866638184,3.876885414123535,5.572376251220703,3.4682254791259766,15.01416301727295,22.193784713745117,23.48736572265625,4.88266134262085
5.286768436431885,21.919240951538086,21.43184471130371,4.351022243499756,21.594287872314453,21.4874210357666,25.984622955322266,21.331613540649414,0.1480257511138916,21.843769073486328,21.088001251220703,21.592182159423828,7.053752899169922,26.01266860961914,21.68277359008789,9.71944522857666,22.003501892089844,5.602254390716553,20.835866928100586,21.89696502685547,22.140310287475586,21.82916831970215,21.5352783203125,21.75201416015625,21.592554092407227,22.479291915893555,8.640320777893066,21.277751922607422,21.136802673339844,21.50670623779297,24.24139976501465,24.78567886352539,6.617754936218262,21.14762306213379,22.439058303833008,21.898500442504883,21.863338470458984,26.666067123413086,22.052946090698242,21.319494247436523,21.601789474487305,21.945945739746094,21.647722244262695,25.18230628967285,27.782962799072266,22.792415618896484,21.62686538696289,21.633743286132812,4.50057315826416,6.796607971191406,21.650861740112305,21.625829696655273,21.43891716003418,22.132844924926758,24.775623321533203,12.178478240966797,25.410795211791992,5.867938995361328,22.121761322021484,21.393516540527344,9.719158172607422,21.470991134643555,11.774093627929688,6.146337509155273,21.283004760742188,21.381052017211914,21.654003143310547,21.049169540405273,22.336383819580078,23.47606086730957,22.07018280029297,22.104520797729492,7.616652488708496,21.86758804321289,21.29693031311035,21.718692779541016,24.182905197143555,6.216614723205566,21.354530334472656,21.37175941467285,21.70724105834961,23.798559188842773,22.702651977539062,5.658429145812988,25.647480010986328,21.725189208984375,21.4582462310791,23.678695678710938,21.599271774291992,25.819725036621094,24.624237060546875,22.05841636657715,21.60476303100586,21.643217086791992,22.218524932861328,21.738401412963867,26.179821014404297,8.850569725036621,6.772890090942383,21.028676986694336
22.836994171142578,2.1166112422943115,5.903684139251709,20.46333885192871,1.3989747762680054,3.4404516220092773,14.71379280090332,4.072449207305908,21.843769073486328,0.09418640285730362,1.8964807987213135,1.652442455291748,23.340587615966797,13.555660247802734,2.4143829345703125,25.009342193603516,5.108422756195068,22.743144989013672,2.1607067584991455,5.601619720458984,3.77836275100708,4.883842468261719,1.6301697492599487,2.885810375213623,3.220468044281006,8.965322494506836,22.609712600708008,2.3458006381988525,3.03824520111084,2.195885419845581,9.548529624938965,10.562541007995605,23.27515411376953,2.2736032009124756,5.647939682006836,2.5501182079315186,3.857393264770508,16.199045181274414,5.54154634475708,2.6962928771972656,2.6254899501800537,4.86586332321167,2.577953338623047,13.475645065307617,18.366357803344727,6.960909843444824,3.4095118045806885,2.408034086227417,21.363990783691406,22.780927658081055,3.1151134967803955,3.6975231170654297,2.5708837509155273,5.611936092376709,13.025757789611816,23.834997177124023,15.408210754394531,22.448755264282227,3.44022536277771,2.1635243892669678,23.172706604003906,6.289478778839111,22.770856857299805,20.87262725830078,1.7740122079849243,2.6091630458831787,2.326284646987915,3.2805144786834717,4.113098621368408,9.181915283203125,3.6819570064544678,1.8978993892669678,23.685632705688477,7.137053489685059,2.970551013946533,1.9365266561508179,10.867413520812988,21.168289184570312,4.611937522888184,2.0535171031951904,6.5092387199401855,10.819230079650879,9.319439888000488,23.543102264404297,14.817742347717285,4.5479536056518555,1.7161623239517212,10.309764862060547,1.8739265203475952,14.462723731994629,12.984668731689453,7.161133289337158,2.5704593658447266,2.0906221866607666,4.148017883300781,1.7331054210662842,15.898916244506836,22.097747802734375,23.67901039123535,2.997314453125
22.093053817749023,1.7597569227218628,5.320135593414307,19.787168502807617,2.196859359741211,3.720747470855713,14.586163520812988,3.9058854579925537,21.088001251220703,1.8964807987213135,0.12869152426719666,1.7454392910003662,22.69574737548828,13.566479682922363,2.3530824184417725,24.26888084411621,5.077808380126953,22.07733154296875,1.819875717163086,6.098905563354492,3.943618059158325,5.7528276443481445,1.9389731884002686,2.940973997116089,2.9784092903137207,8.338469505310059,21.78047752380371,1.9963445663452148,2.6798386573791504,2.4838666915893555,9.760810852050781,11.370848655700684,22.638038635253906,1.776339054107666,5.9304962158203125,2.088304042816162,3.9230189323425293,15.98281478881836,6.01566743850708,2.609557628631592,2.869192123413086,5.074746131896973,2.6124939918518066,13.014594078063965,18.444665908813477,7.240492343902588,3.72784686088562,2.419477701187134,20.628252029418945,22.174549102783203,3.0409352779388428,3.3309781551361084,2.4577293395996094,5.687384605407715,13.484129905700684,23.376007080078125,14.907678604125977,21.637285232543945,3.3070034980773926,2.4085805416107178,22.372089385986328,6.346641540527344,21.718341827392578,20.201547622680664,2.0768892765045166,2.5573434829711914,2.0709357261657715,2.8587839603424072,3.8373782634735107,9.229676246643066,3.650852680206299,2.135110378265381,23.105663299560547,7.262082099914551,3.3769407272338867,2.3817553520202637,10.51337718963623,20.425975799560547,4.027637481689453,1.7569100856781006,6.526830196380615,10.723878860473633,9.629900932312012,22.7018985748291,15.28938102722168,4.335986137390137,2.024717092514038,10.6309175491333,2.0050048828125,14.008267402648926,12.477953910827637,6.28730583190918,2.3398473262786865,2.6026861667633057,3.9086551666259766,1.8539077043533325,15.729158401489258,21.450000762939453,23.028831481933594,2.653438091278076
22.60403823852539,1.6986175775527954,5.136675834655762,20.21507453918457,1.61411452293396,3.452091693878174,14.979705810546875,3.540961742401123,21.592182159423828,1.652442455291748,1.7454392910003662,0.0,22.924165725708008,13.319111824035645,1.9099775552749634,24.796293258666992,5.268091201782227,22.485122680664062,1.7305082082748413,5.860978603363037,3.507103443145752,4.851126670837402,1.4116156101226807,2.405161142349243,2.7880454063415527,7.976050853729248,22.04444694519043,1.3376988172531128,2.449873208999634,1.6635953187942505,9.017992973327637,10.547632217407227,22.921295166015625,1.6949384212493896,5.088210582733154,2.8335678577423096,4.45147180557251,15.788900375366211,5.580185413360596,2.09663724899292,2.1568024158477783,4.949521541595459,2.86550235748291,13.215309143066406,18.031137466430664,6.856459140777588,2.9894046783447266,1.7821952104568481,20.979877471923828,22.465652465820312,2.5104358196258545,2.9257171154022217,2.620281457901001,5.297854900360107,13.202035903930664,23.51828384399414,15.012141227722168,22.017860412597656,2.770625352859497,1.6204712390899658,22.966716766357422,6.447319030761719,22.4609317779541,20.516870498657227,1.2529147863388062,1.64472496509552,2.561544179916382,2.8079423904418945,4.455187797546387,8.918965339660645,2.9713053703308105,1.2988890409469604,23.462621688842773,7.41079568862915,3.1911189556121826,1.646850347518921,10.517066955566406,20.689504623413086,4.2642693519592285,1.7572340965270996,7.2462334632873535,10.2545804977417,9.83815860748291,23.06710433959961,15.027290344238281,4.409534931182861,1.6164065599441528,10.201482772827148,1.4143922328948975,14.259811401367188,12.501496315002441,6.271177291870117,2.068713426589966,1.9886884689331055,3.7612621784210205,1.1718350648880005,15.367794036865234,21.743066787719727,23.417036056518555,2.354792833328247
9.431554794311523,23.145736694335938,22.874340057373047,6.243429183959961,22.94131088256836,22.80199432373047,27.07211685180664,22.833858489990234,7.053752899169922,23.340587615966797,22.69574737548828,22.924165725708008,0.595751166343689,26.74991798400879,23.023513793945312,12.02579402923584,23.22160530090332,4.996947288513184,22.265918731689453,23.116416931152344,23.17418098449707,22.55160903930664,22.942779541015625,22.91031837463379,23.016489028930664,24.0089168548584,10.308565139770508,22.494752883911133,22.781068801879883,22.844091415405273,24.723543167114258,26.053617477416992,4.948594570159912,22.639617919921875,22.97905921936035,23.64315414428711,23.050373077392578,27.057720184326172,23.49465560913086,22.7583065032959,22.8072452545166,23.3896484375,23.49009895324707,25.91950225830078,29.027423858642578,24.024169921875,23.058103561401367,22.9803524017334,5.200552463531494,6.766263008117676,22.66883087158203,22.92032814025879,22.927839279174805,23.252775192260742,26.022951126098633,11.74193286895752,27.520944595336914,5.627058506011963,23.34747886657715,22.71318244934082,11.705657005310059,23.864070892333984,14.058978080749512,5.99945592880249,22.5741024017334,22.583709716796875,23.19495391845703,22.63304328918457,23.689525604248047,24.08525848388672,22.83484649658203,23.334867477416992,7.885680675506592,23.56757354736328,23.004549026489258,22.967342376708984,25.004154205322266,3.9761786460876465,23.153261184692383,22.907684326171875,23.676166534423828,23.734270095825195,24.060121536254883,5.769347667694092,27.999773025512695,23.266298294067383,22.81418228149414,25.195480346679688,23.011301040649414,27.099857330322266,26.29096221923828,23.538410186767578,23.095237731933594,22.814205169677734,23.45115852355957,23.070953369140625,27.389318466186523,8.409582138061523,7.109233379364014,22.50766944885254
26.907743453979492,13.399697303771973,14.485337257385254,23.852304458618164,13.373074531555176,14.94853401184082,18.698192596435547,12.358033180236816,26.01266860961914,13.555660247802734,13.566479682922363,13.319111824035645,26.74991798400879,0.0,12.580461502075195,28.64775276184082,13.681863784790039,26.650583267211914,13.40713882446289,14.797420501708984,13.042108535766602,14.585126876831055,13.508401870727539,13.536914825439453,13.3743896484375,15.369351387023926,25.58199691772461,13.196881294250488,14.036277770996094,13.354912757873535,16.748844146728516,16.621213912963867,26.8043270111084,13.291747093200684,14.3953218460083,13.900886535644531,15.027408599853516,19.82367706298828,13.930791854858398,12.486205101013184,13.47005844116211,14.22593879699707,14.189558029174805,19.63641357421875,22.4844913482666,15.629578590393066,12.946107864379883,13.18782901763916,25.003162384033203,25.783634185791016,13.465886116027832,13.836735725402832,13.731993675231934,13.849358558654785,18.04612159729004,26.990880966186523,20.33772850036621,26.37211036682129,13.859777450561523,13.622052192687988,27.768278121948242,14.59179973602295,27.009613037109375,24.92781639099121,13.087774276733398,13.01665210723877,13.709114074707031,13.700248718261719,13.87392807006836,17.879844665527344,13.878743171691895,13.363951683044434,27.611751556396484,13.196283340454102,14.038030624389648,13.491697311401367,16.962270736694336,24.924909591674805,14.555163383483887,13.256608963012695,13.894669532775879,17.052942276000977,17.864940643310547,26.532854080200195,20.213544845581055,13.413579940795898,13.569108963012695,19.34139633178711,13.712592124938965,18.494781494140625,18.52046775817871,15.335359573364258,13.46806812286377,13.25709056854248,12.315183639526367,13.01944351196289,20.604976654052734,26.526334762573242,27.249216079711914,14.240900039672852
22.813756942749023,2.549973487854004,5.929133892059326,20.266990661621094,1.823119044303894,4.072173595428467,14.352622032165527,2.973689317703247,21.68277359008789,2.4143829345703125,2.3530824184417725,1.9099775552749634,23.023513793945312,12.580461502075195,0.1552642285823822,24.78726577758789,4.888126373291016,22.55908966064453,1.8971691131591797,5.491307735443115,3.35793399810791,4.86115026473999,1.7182133197784424,2.6301372051239014,3.341262102127075,8.760252952575684,22.22099494934082,1.7899242639541626,2.8979227542877197,2.0587337017059326,8.907541275024414,11.489948272705078,23.098182678222656,2.0561883449554443,4.886506080627441,3.5990588665008545,5.019206523895264,15.71972942352295,5.375230312347412,1.7609200477600098,2.4662351608276367,5.53159761428833,3.1472761631011963,13.039010047912598,18.1092586517334,7.147983074188232,2.9823191165924072,2.183715581893921,21.118633270263672,22.497594833374023,2.6783711910247803,3.4834179878234863,3.2090179920196533,5.840266227722168,13.35910701751709,23.32257843017578,14.63665771484375,22.076444625854492,3.362203359603882,2.077065944671631,23.13644790649414,6.756777763366699,22.292749404907227,20.674306869506836,1.5609043836593628,1.5356084108352661,2.9187703132629395,2.8865134716033936,4.322055816650391,9.235093116760254,2.9879648685455322,1.9363222122192383,23.670656204223633,7.826138019561768,3.47745680809021,2.0001044273376465,11.050997734069824,20.817474365234375,4.092991828918457,1.8647782802581787,6.716554164886475,10.474682807922363,10.037689208984375,23.13161849975586,14.647809028625488,4.34060525894165,1.8866550922393799,11.058806419372559,2.3322458267211914,14.666727066040039,12.827366828918457,6.722151756286621,1.993573784828186,1.7435866594314575,3.6070196628570557,1.7283247709274292,15.03071117401123,21.968034744262695,23.510883331298828,3.0977087020874023
11.255756378173828,24.98613929748535,24.153106689453125,11.181706428527832,24.693117141723633,24.21590805053711,28.692798614501953,24.57152557373047,9.71944522857666,25.009342193603516,24.26888084411621,24.796293258666992,12.02579402923584,28.64775276184082,24.78726577758789,0.0,25.471435546875,9.38129711151123,23.89645767211914,23.91701316833496,24.818727493286133,25.029193878173828,24.80219841003418,24.56258773803711,24.81763458251953,26.039125442504883,13.19597053527832,24.261917114257812,24.408140182495117,24.726808547973633,26.157588958740234,27.64271354675293,11.367081642150879,24.47522735595703,25.023256301879883,25.016511917114258,24.60821533203125,28.79863929748535,25.40123176574707,24.5328426361084,24.75421714782715,25.909292221069336,24.88432502746582,28.089004516601562,30.21331214904785,26.409608840942383,24.504140853881836,24.7814998626709,10.974004745483398,12.388604164123535,25.189863204956055,24.578752517700195,24.509031295776367,26.141504287719727,28.3736572265625,12.548466682434082,28.05040168762207,12.08607292175293,25.144800186157227,24.44693374633789,12.820359230041504,25.108482360839844,15.251594543457031,11.600168228149414,24.464258193969727,24.46381950378418,24.97553825378418,23.988189697265625,25.960147857666016,27.02544403076172,25.04548454284668,25.03959083557129,7.564886569976807,26.020980834960938,24.45610237121582,24.811105728149414,27.218353271484375,11.15777587890625,24.719539642333984,24.949798583984375,24.495946884155273,27.226905822753906,26.13313102722168,11.142619132995605,28.88966178894043,25.43962287902832,24.50359344482422,26.996261596679688,25.03827667236328,27.179166793823242,26.83339500427246,24.495468139648438,24.44040298461914,24.549087524414062,25.061620712280273,24.843847274780273,29.639251708984375,13.749839782714844,7.608285903930664,24.273324966430664
23.221179962158203,5.249701023101807,7.991918087005615,20.50661277770996,4.701310634613037,5.654473304748535,15.183364868164062,6.335518836975098,22.003501892089844,5.108422756195068,5.077808380126953,5.268091201782227,23.22160530090332,13.681863784790039,4.888126373291016,25.471435546875,0.0,22.759634017944336,5.006428241729736,6.821659564971924,5.742830753326416,7.531909465789795,4.919878959655762,5.152955532073975,5.258142471313477,10.507311820983887,22.85551643371582,5.145817756652832,5.505627632141113,5.781951904296875,11.608027458190918,13.933945655822754,23.238473892211914,5.2215256690979,7.660641193389893,5.660433769226074,6.439438343048096,16.837173461914062,8.690523147583008,5.558371543884277,6.080984115600586,7.469047546386719,4.676149368286133,14.788887023925781,18.554306030273438,8.642853736877441,6.545682907104492,5.345155239105225,21.437692642211914,22.680389404296875,4.782412528991699,6.407829284667969,5.276472091674805,7.920409202575684,13.32574462890625,23.683813095092773,15.522967338562012,22.411649703979492,6.1306867599487305,4.772034645080566,23.44578742980957,9.098906517028809,23.027725219726562,20.928232192993164,5.3646368980407715,5.098820209503174,4.628993988037109,5.809416770935059,4.3183746337890625,8.851336479187012,5.720983028411865,5.0571794509887695,23.815074920654297,7.993672847747803,7.087728500366211,5.604013919830322,11.062530517578125,21.0180721282959,6.928005218505859,4.853614330291748,7.506404876708984,13.25738525390625,10.055052757263184,23.357158660888672,16.680875778198242,6.801814556121826,5.260202407836914,12.912561416625977,5.345033168792725,17.52008819580078,13.283980369567871,7.874385833740234,4.949786186218262,4.953925609588623,5.752822399139404,5.288476943969727,15.90864372253418,22.1082763671875,23.75299644470215,5.140679836273193
9.066559791564941,22.633310317993164,22.338459014892578,6.661571025848389,22.39440155029297,22.1433162689209,26.583751678466797,22.537837982177734,5.602254390716553,22.743144989013672,22.07733154296875,22.485122680664062,4.996947288513184,26.650583267211914,22.55908966064453,9.38129711151123,22.759634017944336,0.0,21.685935974121094,22.394933700561523,22.667484283447266,22.51957130432129,22.45945167541504,22.359580993652344,22.591007232666016,23.99946403503418,11.001052856445312,22.055007934570312,22.181507110595703,22.40667724609375,24.248056411743164,25.871639251708984,4.450801372528076,22.18054962158203,22.781118392944336,22.976964950561523,22.31875991821289,26.98204803466797,23.294748306274414,22.264530181884766,22.424633026123047,22.818693161010742,22.87557029724121,26.130844116210938,28.634634017944336,23.49498176574707,22.59309196472168,22.567886352539062,5.266085624694824,7.3595452308654785,22.402807235717773,22.47459602355957,22.319683074951172,23.195348739624023,25.63756561279297,11.881449699401855,26.28496742248535,5.164789199829102,23.115575790405273,22.251461029052734,10.662919044494629,23.151601791381836,13.304265022277832,6.280231952667236,22.128828048706055,22.136667251586914,22.46446418762207,22.050186157226562,23.109243392944336,24.311006546020508,22.541650772094727,22.834800720214844,5.828803062438965,22.74816131591797,22.493242263793945,22.54387092590332,24.113327026367188,5.11435079574585,22.578845977783203,22.412715911865234,22.23952293395996,24.05142593383789,24.033658981323242,5.65133810043335,26.95644187927246,22.846481323242188,22.220844268798828,24.222593307495117,22.516565322875977,26.325637817382812,26.226938247680664,23.146835327148438,22.42203712463379,22.31548500061035,22.908756256103516,22.605884552001953,27.416337966918945,8.134550094604492,6.369547367095947,21.980844497680664
21.948896408081055,2.3354766368865967,5.227932929992676,19.48378562927246,2.0183610916137695,3.203732967376709,14.437652587890625,3.6888065338134766,20.835866928100586,2.1607067584991455,1.819875717163086,1.7305082082748413,22.265918731689453,13.40713882446289,1.8971691131591797,23.89645767211914,5.006428241729736,21.685935974121094,0.14134202897548676,5.206554889678955,3.3544297218322754,5.136305809020996,2.0464026927948,2.815584897994995,3.494936227798462,8.521044731140137,21.362842559814453,1.5947307348251343,2.6379706859588623,2.4223074913024902,8.842782020568848,11.435049057006836,22.237760543823242,2.240293025970459,5.505265235900879,3.12795090675354,4.533422470092773,16.03774070739746,5.593062400817871,2.20438289642334,2.5775866508483887,5.190032958984375,2.8361899852752686,13.433253288269043,18.271381378173828,6.872751235961914,2.918523073196411,2.6381170749664307,20.272602081298828,21.719863891601562,3.2257635593414307,3.2644498348236084,3.2599923610687256,5.9458723068237305,12.974078178405762,22.80022621154785,14.568692207336426,21.31515884399414,3.1057941913604736,1.5823968648910522,22.08931541442871,7.127100944519043,21.781579971313477,19.90423011779785,1.9008623361587524,1.9266278743743896,2.374620199203491,2.6476330757141113,4.66281795501709,8.913100242614746,3.206469774246216,1.9297102689743042,22.570974349975586,7.593622207641602,3.431142807006836,2.3580071926116943,11.129579544067383,20.04339599609375,4.126798629760742,2.0496628284454346,6.615234375,10.673883438110352,9.818586349487305,22.360107421875,15.300711631774902,4.062098026275635,1.3849742412567139,10.427906036376953,2.24141263961792,14.101730346679688,12.754239082336426,6.666053295135498,1.9044921398162842,1.9444549083709717,3.925910472869873,1.9549527168273926,14.995406150817871,20.968549728393555,22.553783416748047,2.6941301822662354
23.504121780395508,5.947727680206299,8.543318748474121,20.55683708190918,5.070097923278809,6.543015480041504,16.288799285888672,7.388889789581299,21.89696502685547,5.601619720458984,6.098905563354492,5.860978603363037,23.116416931152344,14.797420501708984,5.491307735443115,23.91701316833496,6.821659564971924,22.394933700561523,5.206554889678955,0.1430722326040268,4.220133304595947,6.3063507080078125,5.62611198425293,5.4987263679504395,5.999603748321533,11.71168327331543,22.5943660736084,5.554704189300537,5.727800369262695,6.397431373596191,9.561805725097656,13.745713233947754,23.269807815551758,6.220160484313965,7.485808372497559,6.652826309204102,6.98907995223999,16.646831512451172,6.894519329071045,5.866484642028809,5.445778846740723,8.207165718078613,5.623823165893555,13.114182472229004,18.847780227661133,8.365059852600098,5.559513568878174,6.391932010650635,21.426729202270508,22.691852569580078,6.541770935058594,6.9683051109313965,6.80397367477417,8.82720947265625,13.02219295501709,23.2015380859375,16.239627838134766,22.734498977661133,7.1634745597839355,5.236164569854736,23.398353576660156,9.029420852661133,23.50197410583496,20.855247497558594,5.424184322357178,5.579811096191406,6.298696994781494,6.197422981262207,7.110457420349121,11.308422088623047,6.051466464996338,5.451178550720215,22.785053253173828,10.3696928024292,6.498368740081787,5.811176776885986,12.888311386108398,20.758892059326172,7.632587432861328,6.162261962890625,8.676407814025879,13.5774564743042,10.232270240783691,23.5595760345459,15.243829727172852,7.298534393310547,5.318725109100342,12.319195747375488,6.24636173248291,15.079490661621094,13.341470718383789,9.260705947875977,5.395071029663086,5.134646415710449,5.879622459411621,5.488663673400879,15.676435470581055,21.504304885864258,22.98965072631836,5.223621845245361
23.62769889831543,3.5570271015167236,6.276805400848389,20.708284378051758,3.471196413040161,5.474094867706299,14.705512046813965,5.2834553718566895,22.140310287475586,3.77836275100708,3.943618059158325,3.507103443145752,23.17418098449707,13.042108535766602,3.35793399810791,24.818727493286133,5.742830753326416,22.667484283447266,3.3544297218322754,4.220133304595947,0.0,4.6532769203186035,3.584836721420288,2.7757792472839355,3.867251396179199,9.469207763671875,22.570985794067383,3.4368438720703125,3.662585496902466,4.209747791290283,7.974868297576904,12.528768539428711,23.318078994750977,3.881359338760376,6.021005630493164,4.859463691711426,5.696262359619141,16.433530807495117,5.932623386383057,3.3191416263580322,3.0508694648742676,5.599170684814453,4.618109703063965,13.174633026123047,18.599166870117188,6.980241298675537,4.267595291137695,4.476753234863281,21.607128143310547,22.94827651977539,4.164577960968018,4.6060590744018555,5.32363224029541,6.982956886291504,13.398000717163086,24.039955139160156,15.361899375915527,22.365999221801758,5.3276286125183105,3.645439863204956,23.522586822509766,7.4509429931640625,23.38702392578125,20.992273330688477,3.255202293395996,3.3159639835357666,4.080374240875244,4.738193511962891,4.924656867980957,10.368898391723633,4.312962532043457,3.0785648822784424,23.493038177490234,8.497166633605957,5.413913249969482,3.8713314533233643,11.22489070892334,20.93334197998047,6.479435920715332,3.9752509593963623,8.08536434173584,10.844879150390625,10.05533504486084,23.4798583984375,15.070377349853516,5.759853839874268,3.599236249923706,11.33491325378418,3.990199565887451,14.370885848999023,11.726309776306152,7.323193550109863,4.0123419761657715,3.3277390003204346,3.7530298233032227,3.0352632999420166,15.923842430114746,21.693660736083984,23.71199607849121,3.207585573196411
