0.6653709411621094,26.69880485534668,27.289979934692383,19.558263778686523,25.72603416442871,26.631458282470703,26.52830696105957,28.5933837890625,18.44944190979004,27.32021713256836,26.670883178710938,26.712879180908203,19.040367126464844,27.393503189086914,26.087669372558594,19.313636779785156,26.666893005371094,19.002792358398438,26.84703254699707,26.542247772216797,27.00316047668457,26.58890151977539,25.649431228637695,27.228487014770508,26.312137603759766,25.688087463378906,18.597702026367188,26.638874053955078,26.636615753173828,27.231204986572266,28.333036422729492,28.288028717041016,18.69353485107422,26.4480037689209,27.084131240844727,26.550241470336914,27.284473419189453,27.844226837158203,27.397008895874023,27.39187240600586,28.058603286743164,27.695405960083008,26.948810577392578,28.0865421295166,28.418798446655273,29.064355850219727,28.620389938354492,27.229326248168945,18.998689651489258,18.805011749267578,25.855525970458984,27.61054039001465,25.847129821777344,26.47464370727539,26.962890625,18.48976707458496,27.670068740844727,18.457260131835938,29.530370712280273,28.072187423706055,20.54319190979004,25.49298095703125,18.92900276184082,16.75349235534668,26.505189895629883,26.613656997680664,28.25372886657715,25.98968505859375,25.633750915527344,27.988656997680664,27.490285873413086,26.133941650390625,18.763324737548828,28.866838455200195,26.05891990661621,26.33210563659668,27.340030670166016,18.413007736206055,26.391977310180664,25.167720794677734,27.656558990478516,28.39704704284668,31.004379272460938,18.978748321533203,27.517175674438477,29.495935440063477,25.804590225219727,26.446321487426758,26.464000701904297,26.483264923095703,27.168415069580078,29.192289352416992,26.03169822692871,26.173673629760742,26.98105239868164,26.14314842224121,27.590089797973633,19.198787689208984,19.44268798828125,26.358308792114258
26.69880485534668,0.2021838128566742,16.18995475769043,26.62776756286621,14.840302467346191,15.79896354675293,15.988425254821777,19.1035099029541,27.937660217285156,17.29975128173828,15.802330017089844,16.350034713745117,27.66082763671875,17.52339744567871,15.063333511352539,27.342731475830078,16.36549186706543,27.39020538330078,16.491069793701172,15.931631088256836,16.647693634033203,16.363178253173828,14.308732986450195,16.158952713012695,15.551547050476074,14.932893753051758,28.254995346069336,15.594825744628906,15.80917739868164,16.485782623291016,17.963661193847656,18.22493553161621,27.563884735107422,16.264318466186523,16.224260330200195,15.59569263458252,16.988603591918945,18.040451049804688,16.748146057128906,17.70974349975586,18.159847259521484,16.441890716552734,15.694169044494629,17.758817672729492,18.326576232910156,19.34239959716797,18.77869987487793,15.9640531539917,26.66826629638672,27.349729537963867,14.990178108215332,16.950517654418945,14.839332580566406,15.406975746154785,16.611202239990234,26.65296173095703,16.851123809814453,27.78313446044922,19.840974807739258,17.88348388671875,30.148347854614258,15.033448219299316,25.80935287475586,25.960100173950195,15.956074714660645,15.911463737487793,18.527456283569336,15.207901954650879,14.187065124511719,17.97588348388672,16.786073684692383,15.030963897705078,27.303180694580078,19.86446762084961,14.405617713928223,15.241174697875977,17.129222869873047,27.01835823059082,15.721858024597168,13.606738090515137,17.159730911254883,18.652694702148438,22.205429077148438,27.823184967041016,17.994720458984375,20.68384552001953,14.62729263305664,15.259237289428711,15.249614715576172,16.14969253540039,16.000934600830078,20.460922241210938,15.43409538269043,15.799846649169922,16.177104949951172,14.135156631469727,17.102724075317383,29.086700439453125,28.973674774169922,14.98632526397705
27.289979934692383,16.18995475769043,0.0,26.82542610168457,15.732412338256836,16.730342864990234,16.672012329101562,19.473033905029297,28.63361167907715,17.810518264770508,16.319448471069336,16.814733505249023,28.242456436157227,17.8774356842041,15.926114082336426,28.03427505493164,17.06607437133789,28.06734848022461,17.105125427246094,16.786251068115234,17.14965057373047,17.091520309448242,15.241476058959961,16.936691284179688,16.233509063720703,15.58366870880127,29.10187530517578,16.284706115722656,16.572370529174805,16.96657943725586,18.490461349487305,18.814231872558594,28.375389099121094,17.068761825561523,16.834354400634766,16.18646812438965,17.884109497070312,18.885107040405273,17.36217498779297,17.954818725585938,18.950098037719727,17.170814514160156,16.71737289428711,18.421058654785156,19.22043228149414,19.93268585205078,18.998069763183594,16.56806182861328,27.464492797851562,28.074268341064453,15.9588623046875,17.653034210205078,15.867290496826172,15.924736976623535,17.335548400878906,27.59252166748047,17.558462142944336,28.509605407714844,20.525314331054688,18.65422821044922,30.83835792541504,15.829649925231934,26.485063552856445,26.452518463134766,16.65945053100586,16.372703552246094,19.315109252929688,15.898723602294922,15.068609237670898,18.719091415405273,17.428133010864258,15.731932640075684,27.929899215698242,20.15951156616211,15.13939094543457,16.09145736694336,17.86695098876953,27.610815048217773,16.253904342651367,14.525944709777832,18.110870361328125,19.347434997558594,22.576597213745117,28.562761306762695,18.677515029907227,21.20897674560547,15.164851188659668,16.03818702697754,15.897929191589355,16.602550506591797,16.731201171875,20.700620651245117,15.999297142028809,16.57088279724121,16.943510055541992,14.846766471862793,17.807016372680664,29.60004425048828,29.42549705505371,15.998706817626953
19.558263778686523,26.62776756286621,26.82542610168457,0.0,25.271060943603516,26.00052261352539,26.003583908081055,28.35196876525879,20.16876220703125,27.038848876953125,26.076433181762695,26.302505493164062,20.41666030883789,27.07370948791504,25.543411254882812,20.75434112548828,26.235126495361328,19.86839485168457,26.392005920410156,26.155895233154297,26.575105667114258,26.312292098999023,25.171932220458984,26.66196060180664,25.996427536010742,25.3193416595459,19.993196487426758,26.06329345703125,26.15926742553711,26.642866134643555,28.086915969848633,27.498132705688477,19.759296417236328,25.956823348999023,26.41286277770996,26.1583309173584,27.002878189086914,27.506994247436523,26.63928985595703,27.034372329711914,27.297500610351562,26.83564567565918,26.224233627319336,27.584314346313477,27.783720016479492,28.752309799194336,28.12779998779297,26.968305587768555,19.938608169555664,19.976587295532227,25.439531326293945,27.28570556640625,25.607206344604492,25.921815872192383,26.588747024536133,20.23668670654297,27.084476470947266,19.473114013671875,29.02825355529785,27.644948959350586,21.463973999023438,25.18806266784668,19.711347579956055,18.22873306274414,25.933622360229492,26.06966209411621,28.105623245239258,25.723140716552734,25.110652923583984,27.368499755859375,27.059772491455078,25.43389129638672,20.20854949951172,28.095264434814453,25.425125122070312,25.736549377441406,26.800622940063477,19.976411819458008,25.88951873779297,24.77530860900879,27.157968521118164,28.0716552734375,30.30475616455078,20.67156410217285,27.22418212890625,28.9027156829834,25.281320571899414,25.958852767944336,26.247173309326172,26.090818405151367,26.606401443481445,28.898529052734375,25.589214324951172,25.58277130126953,26.457252502441406,25.61720085144043,27.045801162719727,20.3196964263916,20.586162567138672,25.678062438964844
25.72603416442871,14.840302467346191,15.732412338256836,25.271060943603516,0.23173974454402924,14.817517280578613,15.052599906921387,18.430906295776367,27.141420364379883,16.613435745239258,14.687024116516113,15.316545486450195,26.718952178955078,16.381572723388672,14.002026557922363,26.34010124206543,15.1959810256958,26.522811889648438,15.544995307922363,15.234450340270996,15.646326065063477,15.23875617980957,13.373291015625,15.109635353088379,14.732192993164062,14.093104362487793,27.670988082885742,14.580781936645508,14.982268333435059,15.515830993652344,17.166101455688477,17.471303939819336,26.70384979248047,15.499606132507324,15.127257347106934,14.59223747253418,16.3514461517334,17.53983497619629,15.821096420288086,16.514793395996094,17.244319915771484,15.82328987121582,14.807296752929688,16.958770751953125,17.6238956451416,18.441661834716797,18.00531005859375,14.750123977661133,25.540929794311523,26.474735260009766,13.93921184539795,16.278047561645508,13.904895782470703,14.321547508239746,15.605597496032715,25.80805015563965,16.009872436523438,26.875429153442383,19.22163200378418,17.192306518554688,29.4533634185791,13.909600257873535,25.003761291503906,25.034387588500977,15.058748245239258,14.90923023223877,17.896953582763672,14.175376892089844,13.237496376037598,17.142135620117188,15.922137260437012,14.019553184509277,26.50910758972168,18.681995391845703,13.418928146362305,14.031498908996582,16.50834083557129,26.028961181640625,14.513102531433105,12.51421070098877,16.278118133544922,17.992433547973633,21.492061614990234,26.925580978393555,17.34075927734375,20.009838104248047,13.437225341796875,14.113936424255371,14.244296073913574,14.927990913391113,15.225519180297852,19.67240333557129,14.142312049865723,14.653495788574219,15.435354232788086,13.144791603088379,16.38848114013672,27.98815155029297,28.009078979492188,14.305378913879395
26.631458282470703,15.79896354675293,16.730342864990234,26.00052261352539,14.817517280578613,0.39121049642562866,15.815770149230957,19.274465560913086,27.96001434326172,17.299673080444336,15.841726303100586,16.348068237304688,27.416467666625977,17.26885223388672,15.185728073120117,27.1120548248291,16.240089416503906,27.229089736938477,16.459930419921875,15.894203186035156,16.84777069091797,16.39828872680664,14.275424003601074,16.016983032226562,15.552328109741211,14.741596221923828,28.280763626098633,15.390448570251465,15.910636901855469,16.45012092590332,18.148361206054688,18.032548904418945,27.194698333740234,16.168148040771484,16.27479362487793,15.579192161560059,17.23841667175293,18.31316566467285,17.053905487060547,17.524648666381836,18.165813446044922,16.554170608520508,15.676801681518555,17.89862060546875,18.339244842529297,19.37375259399414,18.649431228637695,15.93765926361084,26.564373016357422,27.33719253540039,15.065410614013672,16.968029022216797,14.996856689453125,15.271620750427246,16.647401809692383,26.615890502929688,16.824613571166992,27.504337310791016,19.879253387451172,18.097795486450195,30.10454559326172,14.754454612731934,25.616809844970703,25.666501998901367,15.921266555786133,15.670015335083008,18.590044021606445,15.092079162597656,14.346524238586426,17.807302474975586,16.824356079101562,15.061576843261719,27.120161056518555,19.400754928588867,14.257784843444824,15.2921781539917,17.29855728149414,26.69663429260254,15.632390022277832,13.493717193603516,17.1583251953125,18.77482795715332,22.320478439331055,27.62479591369629,17.93111801147461,20.637773513793945,14.568825721740723,15.054543495178223,15.272714614868164,15.915083885192871,15.85417652130127,20.268505096435547,15.350371360778809,15.691292762756348,16.403141021728516,14.276443481445312,17.118694305419922,28.772621154785156,28.81885528564453,15.302170753479004
26.52830696105957,15.988425254821777,16.672012329101562,26.003583908081055,15.052599906921387,15.815770149230957,0.0,19.038511276245117,27.752321243286133,17.441747665405273,15.992002487182617,16.511192321777344,27.265270233154297,17.16035270690918,15.125470161437988,27.082347869873047,16.21530532836914,27.086950302124023,16.611783981323242,16.30954360961914,16.81298828125,16.308013916015625,14.34537410736084,16.097166061401367,15.70974063873291,14.782257080078125,28.342010498046875,15.546852111816406,16.112640380859375,16.61240005493164,18.27766227722168,18.208467483520508,27.423852920532227,16.652156829833984,16.26774024963379,15.723669052124023,17.234119415283203,18.44756507873535,16.857702255249023,17.431455612182617,18.272785186767578,16.551647186279297,15.909296035766602,17.81239891052246,18.547035217285156,19.420122146606445,18.93654441833496,15.966886520385742,26.32244110107422,27.148807525634766,15.233201026916504,17.087915420532227,15.11577033996582,15.571039199829102,16.7071590423584,26.515483856201172,17.13225746154785,27.623476028442383,19.78818130493164,17.91193389892578,30.174057006835938,15.063538551330566,25.656679153442383,25.603412628173828,16.103073120117188,15.896064758300781,18.547653198242188,15.29619026184082,14.319619178771973,17.834869384765625,17.170520782470703,15.11612606048584,27.067913055419922,19.557233810424805,14.491456985473633,15.252878189086914,17.19719696044922,26.790220260620117,15.545564651489258,13.826251029968262,17.51164436340332,18.951461791992188,22.42786979675293,27.525232315063477,18.189075469970703,20.786155700683594,14.787056922912598,15.246167182922363,15.386590003967285,15.965495109558105,16.16530418395996,20.41968536376953,15.42680835723877,15.900982856750488,16.43085479736328,14.380820274353027,17.417848587036133,28.7753849029541,28.63800048828125,15.4902925491333
28.5933837890625,19.1035099029541,19.473033905029297,28.35196876525879,18.430906295776367,19.274465560913086,19.038511276245117,0.0,29.882160186767578,20.223499298095703,18.955366134643555,19.528377532958984,29.581783294677734,20.1953182220459,18.34256362915039,29.335975646972656,19.26631736755371,29.322036743164062,19.500757217407227,19.014972686767578,19.81915855407715,19.130586624145508,17.86631202697754,19.00306510925293,18.605716705322266,18.036399841308594,30.552900314331055,18.905460357666016,19.227210998535156,19.68573760986328,20.647836685180664,20.915197372436523,29.52580451965332,19.369243621826172,19.355989456176758,18.854429244995117,20.27465057373047,20.8031005859375,19.667646408081055,20.245635986328125,20.95708465576172,19.632305145263672,19.019689559936523,20.533018112182617,21.334863662719727,21.792612075805664,21.17744255065918,19.05763816833496,28.718931198120117,29.658597946166992,18.37922477722168,19.978137969970703,18.145614624023438,18.685321807861328,19.774267196655273,28.85063362121582,19.965564727783203,29.9476261138916,22.66096305847168,20.786222457885742,32.0078239440918,18.18846321105957,28.03026008605957,27.87005615234375,19.368539810180664,18.991422653198242,21.342327117919922,18.486738204956055,17.854761123657227,20.885204315185547,19.784452438354492,18.123201370239258,29.371294021606445,22.211713790893555,17.64181900024414,18.4597225189209,20.021038055419922,29.12118911743164,18.732986450195312,17.48395347595215,20.3638973236084,21.884519577026367,24.525781631469727,29.594146728515625,20.530941009521484,23.124662399291992,17.764881134033203,18.51497459411621,18.510475158691406,19.033809661865234,19.014577865600586,22.936328887939453,18.582584381103516,19.022844314575195,19.406967163085938,17.610078811645508,19.983341217041016,30.86867332458496,30.99169158935547,18.801218032836914
18.44944190979004,27.937660217285156,28.63361167907715,20.16876220703125,27.141420364379883,27.96001434326172,27.752321243286133,29.882160186767578,0.0,28.600923538208008,27.906591415405273,27.92351722717285,19.169994354248047,28.5809383392334,27.14269256591797,20.364999771118164,27.865388870239258,19.446203231811523,28.132028579711914,27.693525314331055,28.224245071411133,27.65008544921875,26.88161277770996,28.362607955932617,27.582263946533203,27.04722785949707,18.90290641784668,27.71939468383789,27.747343063354492,28.65931510925293,29.552961349487305,29.423019409179688,19.119295120239258,27.69312286376953,28.256948471069336,27.87921714782715,28.4521484375,28.743762969970703,28.520605087280273,28.692138671875,28.985593795776367,28.841569900512695,27.96826171875,29.19013214111328,29.37978172302246,30.10273551940918,29.634437561035156,28.640974044799805,20.08494758605957,18.99909210205078,27.14480972290039,28.933090209960938,27.180599212646484,27.66771125793457,28.223508834838867,19.37590980529785,28.707841873168945,18.699377059936523,30.612443923950195,29.408241271972656,20.504241943359375,26.602203369140625,19.252233505249023,17.296112060546875,27.55738639831543,27.567575454711914,29.41411590576172,27.32769203186035,26.840497970581055,28.957059860229492,28.890092849731445,27.32575225830078,19.545534133911133,29.690216064453125,27.310583114624023,27.56254005432129,28.27480697631836,19.893484115600586,27.60788345336914,26.622455596923828,28.787906646728516,29.558929443359375,32.002559661865234,19.304946899414062,28.597227096557617,30.621793746948242,27.17357063293457,27.729167938232422,28.02193260192871,27.856361389160156,28.280818939208984,30.359664916992188,27.3830623626709,27.30259132385254,28.204748153686523,27.456523895263672,28.669544219970703,19.433589935302734,20.435550689697266,27.417329788208008
27.32021713256836,17.29975128173828,17.810518264770508,27.038848876953125,16.613435745239258,17.299673080444336,17.441747665405273,20.223499298095703,28.600923538208008,0.0,16.755348205566406,17.556337356567383,28.107582092285156,18.253427505493164,16.331459045410156,27.95793914794922,17.452741622924805,28.129274368286133,17.91503143310547,17.478731155395508,18.017301559448242,17.408960342407227,15.951927185058594,17.417404174804688,16.831445693969727,16.15576171875,29.0615291595459,16.98346710205078,17.289945602416992,17.942707061767578,19.180999755859375,19.2113094329834,28.350637435913086,17.58592987060547,17.356861114501953,16.902494430541992,18.404098510742188,19.331356048583984,18.114242553710938,18.532054901123047,19.461349487304688,17.823291778564453,17.062137603759766,19.01247787475586,19.48628044128418,20.317523956298828,19.78307342529297,17.22907829284668,27.237762451171875,28.255687713623047,16.270679473876953,18.232133865356445,16.4982852935791,16.653520584106445,17.75368881225586,27.789581298828125,18.242483139038086,28.495229721069336,20.608591079711914,18.954927444458008,30.682605743408203,16.149539947509766,26.539255142211914,26.352760314941406,17.406116485595703,17.11996841430664,19.566497802734375,16.547569274902344,15.5889310836792,19.286325454711914,18.2241153717041,16.290809631347656,27.884756088256836,20.182220458984375,15.682723999023438,16.663482666015625,18.504430770874023,27.693466186523438,17.057384490966797,15.179636001586914,18.721416473388672,20.165739059448242,23.21898651123047,28.35276985168457,19.30626106262207,21.460559844970703,15.976283073425293,16.6257266998291,16.411149978637695,17.24532699584961,17.203418731689453,21.00031852722168,16.612438201904297,17.19197654724121,17.62232780456543,15.774642944335938,18.4003963470459,29.47001075744629,29.65275001525879,16.54897689819336
26.670883178710938,15.802330017089844,16.319448471069336,26.076433181762695,14.687024116516113,15.841726303100586,15.992002487182617,18.955366134643555,27.906591415405273,16.755348205566406,0.1643412858247757,15.833227157592773,27.353967666625977,17.14939308166504,14.740497589111328,27.23871421813965,16.071687698364258,27.274721145629883,16.261308670043945,15.79458236694336,16.528600692749023,15.824892044067383,14.107428550720215,15.804254531860352,15.698751449584961,14.593038558959961,28.226728439331055,15.622427940368652,15.911314964294434,16.397626876831055,17.76253890991211,17.941667556762695,27.449785232543945,16.165489196777344,15.863777160644531,15.200592994689941,17.098194122314453,18.03632926940918,16.29909324645996,17.315282821655273,17.929065704345703,16.544918060302734,15.496386528015137,17.666898727416992,18.142040252685547,19.0260009765625,18.6171932220459,15.781986236572266,26.49980926513672,27.364667892456055,14.983110427856445,16.687652587890625,14.871286392211914,15.27194881439209,16.380807876586914,26.886011123657227,16.798992156982422,27.591716766357422,19.850648880004883,17.954566955566406,30.149337768554688,14.704703330993652,25.8543643951416,25.67204475402832,15.76318359375,15.750946044921875,18.440723419189453,14.976661682128906,14.055384635925293,17.81437873840332,16.524721145629883,14.588452339172363,27.249500274658203,19.480606079101562,14.045937538146973,15.0332670211792,16.921186447143555,26.897701263427734,15.486385345458984,13.584774017333984,17.256397247314453,18.3214054107666,21.93741226196289,27.627185821533203,17.91422462463379,20.77825355529785,14.436270713806152,15.057453155517578,15.058806419372559,15.731119155883789,15.846444129943848,20.055532455444336,15.124943733215332,15.607515335083008,16.108938217163086,13.816324234008789,17.212886810302734,28.896074295043945,28.804025650024414,15.13563060760498
26.712879180908203,16.350034713745117,16.814733505249023,26.302505493164062,15.316545486450195,16.348068237304688,16.511192321777344,19.528377532958984,27.92351722717285,17.556337356567383,15.833227157592773,0.17482377588748932,27.44907569885254,17.527372360229492,15.524862289428711,27.251771926879883,16.575902938842773,27.386552810668945,16.827497482299805,16.431249618530273,16.938085556030273,16.808984756469727,14.692299842834473,16.248455047607422,15.916411399841309,15.173738479614258,28.345890045166016,16.228506088256836,16.223711013793945,16.991952896118164,18.431074142456055,18.05760383605957,27.451108932495117,16.584352493286133,16.466041564941406,15.769309997558594,17.482004165649414,18.546396255493164,17.149595260620117,17.787031173706055,18.400753021240234,17.018856048583984,16.29247283935547,18.311458587646484,18.300495147705078,19.897485733032227,18.567852020263672,16.274816513061523,26.621719360351562,27.33172607421875,15.509856224060059,17.21014404296875,15.413599014282227,15.557244300842285,16.862607955932617,27.054195404052734,17.34941864013672,27.710447311401367,20.21481704711914,18.400339126586914,30.12430191040039,15.390109062194824,25.801130294799805,25.699249267578125,16.152677536010742,16.14314842224121,18.96198844909668,15.45887279510498,14.442789077758789,18.384376525878906,16.979639053344727,15.403247833251953,27.21990203857422,19.916152954101562,14.804078102111816,15.708552360534668,17.445728302001953,27.05906105041504,15.936646461486816,14.162364959716797,17.9410400390625,18.94478988647461,22.459238052368164,27.798982620239258,18.385644912719727,20.398353576660156,15.007311820983887,15.610652923583984,15.490762710571289,16.16246795654297,16.344406127929688,20.361082077026367,15.566923141479492,15.850301742553711,16.533884048461914,14.65671443939209,17.8313045501709,28.63319206237793,29.0057315826416,15.631755828857422
19.040367126464844,27.66082763671875,28.242456436157227,20.41666030883789,26.718952178955078,27.416467666625977,27.265270233154297,29.581783294677734,19.169994354248047,28.107582092285156,27.353967666625977,27.44907569885254,0.0,28.170360565185547,26.75746726989746,20.510099411010742,27.371021270751953,19.366973876953125,27.552501678466797,27.346040725708008,27.94237518310547,27.399185180664062,26.48015022277832,27.86013412475586,27.026409149169922,26.696962356567383,19.37802505493164,27.396787643432617,27.383237838745117,27.97825050354004,29.171024322509766,28.977705001831055,19.414764404296875,27.32832145690918,27.770837783813477,27.279146194458008,28.115690231323242,28.510358810424805,28.150028228759766,28.627988815307617,28.664663314819336,28.319982528686523,27.504409790039062,28.652433395385742,29.249826431274414,29.888647079467773,29.362937927246094,28.17677116394043,19.94248390197754,19.434228897094727,26.721988677978516,28.352882385253906,26.66379165649414,27.112579345703125,27.980304718017578,19.848129272460938,28.68805694580078,19.111583709716797,30.268848419189453,28.9105167388916,20.87322235107422,26.4469051361084,19.40873908996582,18.106491088867188,27.346311569213867,27.25875473022461,28.997106552124023,26.926471710205078,26.534177780151367,28.642330169677734,28.38645362854004,26.95924949645996,20.055076599121094,29.21219253540039,26.86196517944336,27.085256576538086,27.961977005004883,19.621501922607422,27.18130111694336,26.063125610351562,28.290386199951172,28.95734405517578,31.672531127929688,19.587207794189453,28.520509719848633,30.25054168701172,26.78573989868164,27.258323669433594,27.556365966796875,27.43138885498047,27.950246810913086,29.701745986938477,27.01589012145996,27.15566062927246,27.71450424194336,26.984039306640625,28.396411895751953,19.875978469848633,20.090465545654297,26.94271469116211
27.393503189086914,17.52339744567871,17.8774356842041,27.07370948791504,16.381572723388672,17.26885223388672,17.16035270690918,20.1953182220459,28.5809383392334,18.253427505493164,17.14939308166504,17.527372360229492,28.170360565185547,0.2180863320827484,16.19841766357422,28.028278350830078,17.424856185913086,28.19083023071289,17.79804229736328,17.505273818969727,18.04297637939453,17.632190704345703,15.950479507446289,17.423086166381836,16.824323654174805,16.335298538208008,29.1093692779541,16.79623794555664,17.157106399536133,17.841405868530273,19.268083572387695,19.580596923828125,28.33126449584961,17.734935760498047,17.4465274810791,16.91476821899414,18.589250564575195,19.498607635498047,18.05564308166504,18.698745727539062,19.488801956176758,18.050209045410156,16.784927368164062,19.016191482543945,19.729454040527344,20.548358917236328,19.883813858032227,17.341421127319336,27.441856384277344,28.129873275756836,16.458261489868164,18.117198944091797,16.36549186706543,16.718524932861328,17.933975219726562,27.771263122558594,18.239620208740234,28.458646774291992,21.082157135009766,19.126184463500977,30.89217185974121,16.325149536132812,26.533843994140625,26.484519958496094,17.367937088012695,17.039146423339844,19.716657638549805,16.659210205078125,15.726670265197754,19.192188262939453,18.288864135742188,16.46813201904297,28.00295066833496,20.597272872924805,15.791289329528809,16.621395111083984,18.390361785888672,27.787704467773438,16.802764892578125,15.31935977935791,18.68794822692871,20.054412841796875,23.169347763061523,28.27436637878418,19.15179443359375,21.461763381958008,15.956412315368652,16.4384708404541,16.708145141601562,17.31161117553711,17.5521183013916,21.113338470458984,16.780757904052734,17.075178146362305,17.400243759155273,15.578987121582031,18.37276268005371,29.604127883911133,29.49617576599121,16.78445816040039
26.087669372558594,15.063333511352539,15.926114082336426,25.543411254882812,14.002026557922363,15.185728073120117,15.125470161437988,18.34256362915039,27.14269256591797,16.331459045410156,14.740497589111328,15.524862289428711,26.75746726989746,16.19841766357422,0.0,26.58177375793457,15.423009872436523,26.669208526611328,15.667802810668945,15.39736557006836,15.814105987548828,15.249467849731445,13.452533721923828,15.485480308532715,14.625447273254395,13.906233787536621,27.806087493896484,14.73783016204834,15.15477180480957,15.707515716552734,17.191377639770508,17.635231018066406,27.0302791595459,15.430309295654297,15.451860427856445,14.61465072631836,16.441917419433594,17.446191787719727,15.861736297607422,16.925111770629883,17.499526977539062,15.9652681350708,14.875964164733887,17.000999450683594,17.7381534576416,18.647563934326172,17.982561111450195,14.848275184631348,25.719514846801758,26.657562255859375,14.301501274108887,16.29939842224121,14.045289039611816,14.484245300292969,15.96039867401123,26.174522399902344,16.156373977661133,27.307785034179688,19.471332550048828,17.13018226623535,29.553443908691406,13.971488952636719,25.03057289123535,24.935653686523438,15.233908653259277,14.79407024383545,17.9417667388916,14.378690719604492,13.417113304138184,17.330781936645508,16.245784759521484,14.143250465393066,26.55809783935547,18.868545532226562,13.410987854003906,14.444718360900879,16.613622665405273,26.41698455810547,14.619377136230469,12.886563301086426,16.715652465820312,17.960113525390625,21.485700607299805,26.981815338134766,17.381227493286133,20.19605827331543,13.67210578918457,14.305883407592773,14.537691116333008,15.25514030456543,15.405462265014648,19.682401657104492,14.657217025756836,15.121131896972656,15.245926856994629,13.272120475769043,16.34646987915039,28.325130462646484,28.38204002380371,14.525044441223145
19.313636779785156,27.342731475830078,28.03427505493164,20.75434112548828,26.34010124206543,27.1120548248291,27.082347869873047,29.335975646972656,20.364999771118164,27.95793914794922,27.23871421813965,27.251771926879883,20.510099411010742,28.028278350830078,26.58177375793457,0.0,27.062366485595703,20.374404907226562,27.398279190063477,27.08465576171875,27.560951232910156,26.95553207397461,26.179119110107422,27.572612762451172,26.855266571044922,26.329225540161133,20.196760177612305,27.006778717041016,26.866918563842773,27.639854431152344,28.940019607543945,28.778614044189453,19.981599807739258,26.944576263427734,27.371448516845703,27.126306533813477,27.85739517211914,28.334491729736328,27.832195281982422,28.091861724853516,28.318805694580078,28.084922790527344,27.508346557617188,28.44719123840332,28.782743453979492,29.40424156188965,28.961347579956055,27.69363021850586,19.970361709594727,19.722625732421875,26.388647079467773,27.9620418548584,26.30438232421875,27.144960403442383,27.75092887878418,20.696741104125977,27.999780654907227,19.832292556762695,30.320903778076172,28.43514060974121,21.887624740600586,25.98805046081543,20.160043716430664,18.346834182739258,26.903501510620117,26.914810180664062,28.737220764160156,26.460649490356445,26.154844284057617,28.236845016479492,27.9804630279541,26.668088912963867,20.46925926208496,29.176538467407227,26.574138641357422,26.760272979736328,27.987768173217773,19.96757698059082,26.942951202392578,25.747812271118164,28.042993545532227,28.90320587158203,31.162025451660156,20.322608947753906,28.318309783935547,30.023969650268555,26.272560119628906,26.83932113647461,27.245235443115234,26.925640106201172,27.575794219970703,30.047273635864258,26.570068359375,27.011005401611328,27.573440551757812,26.595964431762695,28.319555282592773,20.56294822692871,20.887691497802734,26.85002326965332
26.666893005371094,16.36549186706543,17.06607437133789,26.235126495361328,15.1959810256958,16.240089416503906,16.21530532836914,19.26631736755371,27.865388870239258,17.452741622924805,16.071687698364258,16.575902938842773,27.371021270751953,17.424856185913086,15.423009872436523,27.062366485595703,0.0,27.279569625854492,16.887523651123047,16.14291000366211,17.10310173034668,16.474163055419922,14.713351249694824,16.354198455810547,16.0394344329834,15.035506248474121,28.391860961914062,15.627758979797363,16.233064651489258,16.63042640686035,18.29608917236328,18.659587860107422,27.51552963256836,16.721851348876953,16.587594985961914,15.81132698059082,17.61733055114746,18.78010368347168,17.045015335083008,17.7374324798584,18.44523048400879,17.001253128051758,16.14567756652832,17.925979614257812,18.6572322845459,19.50265884399414,19.0638427734375,16.245174407958984,26.341819763183594,27.247087478637695,15.335631370544434,17.36018943786621,15.284968376159668,15.779021263122559,16.912572860717773,26.838043212890625,17.266141891479492,27.580591201782227,20.302602767944336,18.07172393798828,30.153152465820312,15.09898567199707,25.7813720703125,25.70647430419922,16.39665412902832,16.048824310302734,18.754772186279297,15.339208602905273,14.720758438110352,18.160388946533203,17.12413215637207,15.294462203979492,27.286270141601562,19.83212661743164,14.809194564819336,15.544875144958496,17.218393325805664,26.893945693969727,15.627825736999512,14.10755729675293,17.319599151611328,19.095165252685547,22.360782623291016,27.519254684448242,18.275177001953125,20.922557830810547,15.002157211303711,15.315292358398438,15.645712852478027,16.302141189575195,16.389930725097656,20.11648941040039,15.503395080566406,16.011507034301758,16.5612735748291,14.517378807067871,17.534221649169922,28.718873977661133,28.772001266479492,15.652132987976074
19.002792358398438,27.39020538330078,28.06734848022461,19.86839485168457,26.522811889648438,27.229089736938477,27.086950302124023,29.322036743164062,19.446203231811523,28.129274368286133,27.274721145629883,27.386552810668945,19.366973876953125,28.19083023071289,26.669208526611328,20.374404907226562,27.279569625854492,0.664223313331604,27.420406341552734,27.232542037963867,27.58364486694336,27.234956741333008,26.1877384185791,27.811222076416016,26.855710983276367,26.5971736907959,19.106430053710938,27.291536331176758,27.09086799621582,27.882932662963867,28.83609390258789,28.780500411987305,19.282779693603516,27.10496711730957,27.65092658996582,27.12854766845703,28.083410263061523,28.298381805419922,27.848405838012695,28.102636337280273,28.56883430480957,28.172794342041016,27.354164123535156,28.44017219543457,28.90493392944336,29.78615951538086,29.088336944580078,28.02369499206543,19.047435760498047,18.719257354736328,26.50296974182129,28.248170852661133,26.490867614746094,27.04371452331543,27.63909912109375,19.75176239013672,28.394418716430664,18.597684860229492,30.26380157470703,28.64017677307129,20.94508171081543,26.214086532592773,18.76327133178711,18.019882202148438,27.223154067993164,26.988094329833984,28.782470703125,26.60679817199707,26.296897888183594,28.517467498779297,28.302242279052734,26.87830924987793,19.43164825439453,29.122846603393555,26.556110382080078,26.883407592773438,27.8813419342041,19.080087661743164,27.041948318481445,26.053020477294922,28.157947540283203,29.03192710876465,31.53641128540039,19.928512573242188,28.255142211914062,30.01140594482422,26.704753875732422,27.045560836791992,27.288747787475586,27.160247802734375,27.84640884399414,29.943256378173828,26.687211990356445,26.722806930541992,27.633750915527344,26.76139259338379,28.412691116333008,19.50425910949707,20.319087982177734,26.951536178588867
26.84703254699707,16.491069793701172,17.105125427246094,26.392005920410156,15.544995307922363,16.459930419921875,16.611783981323242,19.500757217407227,28.132028579711914,17.91503143310547,16.261308670043945,16.827497482299805,27.552501678466797,17.79804229736328,15.667802810668945,27.398279190063477,16.887523651123047,27.420406341552734,0.0,16.29673194885254,17.068218231201172,16.88054084777832,15.168272972106934,16.492687225341797,16.128232955932617,15.385887145996094,28.528474807739258,16.022754669189453,16.267147064208984,17.21955680847168,18.442773818969727,18.656761169433594,27.660842895507812,17.005056381225586,16.624177932739258,16.27252197265625,17.321535110473633,18.741634368896484,17.34528160095215,18.094453811645508,18.480913162231445,17.068674087524414,16.219099044799805,18.213159561157227,18.91900634765625,19.80014991760254,19.14815330505371,16.467693328857422,26.826257705688477,27.710250854492188,15.838126182556152,17.86187744140625,15.462291717529297,16.013931274414062,17.229867935180664,27.022724151611328,17.31589126586914,28.07450294494629,20.393775939941406,18.709144592285156,30.349685668945312,15.549699783325195,26.065841674804688,25.84894371032715,16.58970069885254,16.473676681518555,19.32754898071289,15.567523002624512,15.035282135009766,18.577503204345703,17.711877822875977,15.635688781738281,27.650287628173828,19.98014259338379,15.01623821258545,15.951428413391113,17.584495544433594,27.121356964111328,15.971713066101074,14.322124481201172,18.011903762817383,19.1922607421875,22.637662887573242,28.1966495513916,18.631010055541992,21.147714614868164,15.330222129821777,15.775174140930176,15.937666893005371,16.727352142333984,16.54871368408203,20.70161247253418,15.898502349853516,16.332916259765625,16.73075294494629,14.852025985717773,17.434194564819336,28.92557716369629,29.07501792907715,16.104766845703125
26.542247772216797,15.931631088256836,16.786251068115234,26.155895233154297,15.234450340270996,15.894203186035156,16.30954360961914,19.014972686767578,27.693525314331055,17.478731155395508,15.79458236694336,16.431249618530273,27.346040725708008,17.505273818969727,15.39736557006836,27.08465576171875,16.14291000366211,27.232542037963867,16.29673194885254,0.0,16.953773498535156,16.33121109008789,14.472652435302734,15.956297874450684,15.836491584777832,14.849172592163086,28.404531478881836,15.47808837890625,15.859946250915527,16.547256469726562,18.530393600463867,18.331392288208008,27.477773666381836,16.569698333740234,16.136714935302734,15.7396821975708,17.306312561035156,18.328121185302734,16.869855880737305,17.569116592407227,18.189586639404297,16.91741371154785,15.835671424865723,17.966800689697266,18.327547073364258,19.623781204223633,18.673431396484375,15.997639656066895,26.53449249267578,27.330394744873047,15.081465721130371,17.29001808166504,15.399636268615723,15.602389335632324,16.882280349731445,26.67087173461914,17.203161239624023,27.802043914794922,19.879737854003906,18.129615783691406,29.950927734375,15.061058044433594,25.867656707763672,25.8785400390625,16.150297164916992,16.016849517822266,18.999765396118164,15.357855796813965,14.51502799987793,18.020355224609375,16.824079513549805,15.068464279174805,27.330297470092773,19.799510955810547,14.44244384765625,15.459737777709961,17.079374313354492,26.954730987548828,15.743553161621094,13.76482105255127,17.002704620361328,19.11269187927246,22.09956169128418,27.60202407836914,18.25294303894043,20.719114303588867,14.699299812316895,15.328278541564941,15.472071647644043,16.034151077270508,16.031139373779297,20.414724349975586,15.454447746276855,15.94656753540039,16.470884323120117,14.462021827697754,17.132246017456055,28.88010025024414,28.778432846069336,15.399900436401367
27.00316047668457,16.647693634033203,17.14965057373047,26.575105667114258,15.646326065063477,16.84777069091797,16.81298828125,19.81915855407715,28.224245071411133,18.017301559448242,16.528600692749023,16.938085556030273,27.94237518310547,18.04297637939453,15.814105987548828,27.560951232910156,17.10310173034668,27.58364486694336,17.068218231201172,16.953773498535156,0.21100983023643494,16.681575775146484,15.274356842041016,16.891836166381836,16.387027740478516,15.74632740020752,28.86040687561035,16.28171730041504,16.656850814819336,17.088258743286133,18.43520164489746,18.644285202026367,27.905080795288086,17.056114196777344,16.794652938842773,16.257761001586914,17.970006942749023,18.82303810119629,17.367300033569336,18.11513900756836,18.643178939819336,17.483030319213867,16.5665340423584,18.231382369995117,18.722322463989258,20.037494659423828,19.34356689453125,16.790193557739258,27.065889358520508,27.82329559326172,15.845452308654785,17.803466796875,15.684836387634277,16.234285354614258,17.259567260742188,27.252323150634766,17.370710372924805,28.300254821777344,20.59010887145996,18.578693389892578,30.6025333404541,15.667512893676758,26.2650089263916,26.1849422454834,16.674978256225586,16.308502197265625,19.29746437072754,16.08563232421875,15.135664939880371,18.7116756439209,17.734086990356445,15.810094833374023,27.673585891723633,19.948974609375,15.152425765991211,16.002857208251953,17.899417877197266,27.171796798706055,16.369863510131836,14.806032180786133,17.979270935058594,19.056474685668945,22.54815673828125,28.159942626953125,18.787141799926758,21.25794792175293,15.241098403930664,15.932793617248535,16.109416961669922,16.745899200439453,16.653663635253906,20.834333419799805,16.0931396484375,16.38085174560547,17.15312385559082,14.939332008361816,17.931598663330078,29.32439613342285,29.181909561157227,16.128076553344727
