0.0,22.30733871459961,22.06459617614746,1.700461983680725,22.5349178314209,22.0837459564209,20.991806030273438,21.924901962280273,0.0,22.139345169067383,21.857940673828125,22.686166763305664,0.4985330104827881,21.933242797851562,22.146129608154297,0.7459198832511902,21.566099166870117,0.24680577218532562,21.609561920166016,21.727764129638672,22.127410888671875,21.34865951538086,21.986328125,22.486530303955078,21.446170806884766,21.31012725830078,0.0,21.85601806640625,22.116743087768555,22.222375869750977,22.37312126159668,22.399404525756836,0.4001571238040924,21.896238327026367,22.06610870361328,22.31406021118164,21.833423614501953,28.887392044067383,22.13086700439453,21.513072967529297,21.71113395690918,22.304811477661133,22.61151885986328,22.61861801147461,23.0118465423584,21.881086349487305,21.92565155029297,22.022323608398438,0.9049525856971741,0.29309892654418945,21.8991756439209,21.559579849243164,21.919546127319336,21.94269371032715,21.911678314208984,1.962773084640503,22.226898193359375,1.8585870265960693,22.164018630981445,22.030929565429688,0.41538703441619873,22.27812385559082,0.0,2.8319180011749268,21.74911117553711,22.035831451416016,22.558408737182617,21.822742462158203,22.585697174072266,22.251514434814453,21.89444923400879,22.604473114013672,0.8083955645561218,21.55431365966797,21.68097496032715,22.352680206298828,21.663957595825195,0.0,22.077611923217773,21.96942710876465,22.10444450378418,21.491294860839844,22.28723907470703,0.0,21.811904907226562,22.54538345336914,22.096282958984375,22.016883850097656,22.09170913696289,22.15174102783203,21.88434410095215,21.89809799194336,21.8435115814209,21.985504150390625,21.8419132232666,22.466657638549805,21.827848434448242,1.4467370510101318,1.4097504615783691,22.277782440185547
22.30733871459961,0.10392937809228897,0.3700489103794098,20.57017707824707,0.3664725720882416,0.3836262822151184,1.317400574684143,0.3863091766834259,22.038604736328125,0.15010499954223633,0.5481778383255005,0.4360545575618744,21.817747116088867,0.9741591811180115,0.26228293776512146,23.14033317565918,0.8139904737472534,22.38450813293457,0.7188329100608826,1.6973987817764282,0.16102328896522522,0.9744841456413269,0.3236888647079468,0.21001316606998444,0.9464165568351746,1.3319933414459229,21.988508224487305,0.4839988052845001,0.3092975616455078,0.1703478842973709,0.2515856921672821,0.22729793190956116,21.90057373046875,0.4222455620765686,0.670872151851654,0.21378913521766663,2.7270143032073975,18.537260055541992,1.2799713611602783,0.7935752868652344,0.7834721803665161,0.04609540477395058,0.425626665353775,0.30127230286598206,3.193718433380127,1.1450802087783813,0.6834165453910828,0.3318157494068146,23.123075485229492,22.434799194335938,0.6080213189125061,0.7514392733573914,0.4206797182559967,0.3670939803123474,0.49558597803115845,20.32139015197754,0.5280088186264038,23.642005920410156,0.5084393620491028,0.4114701747894287,21.716449737548828,0.23324516415596008,22.30211067199707,19.4249210357666,0.6535822749137878,0.29165396094322205,0.3961041569709778,0.4800577163696289,0.38015761971473694,0.1578410267829895,0.6488844752311707,0.8234941363334656,21.366718292236328,0.7729089856147766,1.0385006666183472,0.2820490896701813,1.096712350845337,22.32976722717285,0.47096237540245056,0.35915201902389526,1.3157837390899658,0.85866779088974,0.08902265876531601,22.389671325683594,0.7791793942451477,0.7044732570648193,0.38561731576919556,0.5190795063972473,0.2770306468009949,1.1489804983139038,0.437242716550827,0.41305476427078247,0.691371738910675,0.6786680817604065,0.50247722864151,0.3467525839805603,0.6627385020256042,23.568252563476562,20.83316993713379,0.15367135405540466
22.06459617614746,0.3700489103794098,0.0,20.33158302307129,0.45385053753852844,0.0,1.0870299339294434,0.1715528815984726,21.799970626831055,0.2752070128917694,0.14435958862304688,0.7931094765663147,21.574729919433594,0.5803608298301697,0.09421677142381668,22.898563385009766,0.47125792503356934,22.147035598754883,0.4672624468803406,1.317115306854248,0.2639502286911011,0.7108020186424255,0.2629583775997162,0.5659969449043274,0.6042089462280273,0.9369815587997437,21.75028419494629,0.49733981490135193,0.0,0.23145560920238495,0.5810784697532654,0.31560951471328735,21.66228485107422,0.3030429482460022,0.9153199195861816,0.5375211238861084,2.373765230178833,18.230592727661133,0.9417556524276733,0.5993970036506653,0.3874480128288269,0.28679364919662476,0.7955766320228577,0.6509724855422974,3.534306049346924,0.7624883651733398,0.2665282189846039,0.14338518679141998,22.89136505126953,22.19599151611328,0.7457178831100464,0.5863597393035889,0.3023466467857361,0.37516018748283386,0.5942397117614746,20.08258056640625,0.23732277750968933,23.416730880737305,0.7844028472900391,0.0,21.48187828063965,0.19142617285251617,22.056358337402344,19.18670082092285,0.6889079213142395,0.3453249931335449,0.48553329706192017,0.35927680134773254,0.7400771975517273,0.41588035225868225,0.20592273771762848,0.6848077774047852,21.127227783203125,0.5116143822669983,0.6283593773841858,0.627432107925415,0.6902874112129211,22.092496871948242,0.6956155300140381,0.2345336377620697,1.5895131826400757,0.7789192795753479,0.43609392642974854,22.14779281616211,0.36101391911506653,1.068910837173462,0.0,0.06015181168913841,0.040829189121723175,0.8166059851646423,0.4117644131183624,0.219967320561409,0.25837045907974243,0.8819165229797363,0.5345696210861206,0.7029812335968018,0.20850010216236115,23.336580276489258,20.58788299560547,0.29642170667648315
1.700461983680725,20.57017707824707,20.33158302307129,0.0,20.801231384277344,20.35109519958496,19.255887985229492,20.189102172851562,1.4598090648651123,20.40201187133789,20.125045776367188,20.946331024169922,1.357948660850525,20.209379196166992,20.411331176757812,2.592567205429077,19.83378028869629,1.848494291305542,19.874460220336914,20.01640510559082,20.39015769958496,19.61407470703125,20.249353408813477,20.74802017211914,19.714679718017578,19.586383819580078,1.37046480178833,20.116731643676758,20.382959365844727,20.48651885986328,20.63360023498535,20.664831161499023,1.3671205043792725,20.15945053100586,20.32163429260254,20.574575424194336,20.144969940185547,27.753704071044922,20.413127899169922,19.776323318481445,19.98101043701172,20.568571090698242,20.870746612548828,20.880207061767578,21.253307342529297,20.159786224365234,20.196285247802734,20.28689956665039,2.5510354042053223,1.9148355722427368,20.156925201416016,19.822242736816406,20.183000564575195,20.20439338684082,20.171045303344727,0.3089273273944855,20.496688842773438,3.2523207664489746,20.420949935913086,20.297481536865234,1.056328296661377,20.54375648498535,1.7690180540084839,1.0674824714660645,20.00813102722168,20.297889709472656,20.824817657470703,20.085506439208984,20.84563446044922,20.513355255126953,20.164287567138672,20.878076553344727,0.7521230578422546,19.819456100463867,19.956029891967773,20.612154006958008,19.9399471282959,1.7069106101989746,20.335538864135742,20.233118057250977,20.35394859313965,19.75140380859375,20.548696517944336,1.8443416357040405,20.08322525024414,20.80051040649414,20.363374710083008,20.2854061126709,20.35666847229004,20.431602478027344,20.14605712890625,20.162080764770508,20.113569259643555,20.241628646850586,20.1020565032959,20.72606086730957,20.09733009338379,3.049402952194214,0.49580147862434387,20.541641235351562
22.5349178314209,0.3664725720882416,0.45385053753852844,20.801231384277344,0.10087469965219498,0.44017302989959717,1.5556164979934692,0.6269470453262329,22.269617080688477,0.4792027175426483,0.6812991499900818,0.5060176849365234,22.04490089416504,0.8755382299423218,0.413472443819046,23.36861228942871,0.970663845539093,22.61642837524414,0.9390454292297363,1.562932014465332,0.48496922850608826,1.1900246143341064,0.6071910262107849,0.3768013119697571,1.0965440273284912,1.3749562501907349,22.219919204711914,0.8104456663131714,0.4130801558494568,0.37154319882392883,0.5104573369026184,0.15955369174480438,22.131820678710938,0.6906582713127136,1.0124999284744263,0.5170767307281494,2.5334513187408447,18.270679473876953,1.0836138725280762,1.0507503747940063,0.8647205829620361,0.2950447201728821,0.5702723860740662,0.34895408153533936,3.435905694961548,1.0379210710525513,0.687445878982544,0.5432742834091187,23.35993766784668,22.665559768676758,0.9542689919471741,1.0207269191741943,0.6754580140113831,0.6884384751319885,0.8387938737869263,20.552244186401367,0.41306400299072266,23.88381004333496,0.8466126918792725,0.5231951475143433,21.950986862182617,0.2783220112323761,22.527019500732422,19.65639305114746,0.9879984855651855,0.6058923006057739,0.1363205760717392,0.76198410987854,0.5177181363105774,0.4661242365837097,0.684157133102417,0.504575788974762,21.597034454345703,0.9891257286071777,1.026281714439392,0.5747665762901306,1.0756182670593262,22.5620059967041,0.8193539977073669,0.6117242574691772,1.6303768157958984,1.1644028425216675,0.4457235038280487,22.617877960205078,0.8015918731689453,0.9367265701293945,0.44809430837631226,0.5538030862808228,0.4618717432022095,0.9581785202026367,0.7467989921569824,0.6602833867073059,0.7358332276344299,1.021689772605896,0.8399062156677246,0.568840742111206,0.7274112701416016,23.805002212524414,21.058467864990234,0.34466707706451416
22.0837459564209,0.3836262822151184,0.0,20.35109519958496,0.44017302989959717,0.0,1.1126042604446411,0.22120380401611328,21.8194580078125,0.30496281385421753,0.1794750839471817,0.7974935173988342,21.59384536743164,0.5614750385284424,0.12680280208587646,22.917770385742188,0.49279552698135376,22.166606903076172,0.49758806824684143,1.2988941669464111,0.29507380723953247,0.7366712689399719,0.30157920718193054,0.5737601518630981,0.6226625442504883,0.9388031959533691,21.76980972290039,0.5325642228126526,0.0,0.2487916350364685,0.5961304306983948,0.3098212778568268,21.681798934936523,0.3412383794784546,0.9433876872062683,0.5555533766746521,2.3518760204315186,18.204614639282227,0.9161457419395447,0.6312424540519714,0.3971380889415741,0.2979204058647156,0.8043484687805176,0.6534377932548523,3.5562729835510254,0.7446543574333191,0.25994911789894104,0.18705697357654572,22.911407470703125,22.215450286865234,0.7771732211112976,0.61932772397995,0.33806556463241577,0.41173896193504333,0.6270033121109009,20.10207748413086,0.20915314555168152,23.437252044677734,0.8104492425918579,0.0486324205994606,21.501710891723633,0.1924348622560501,22.07525062561035,19.20627212524414,0.7227551937103271,0.37827903032302856,0.4714764356613159,0.397737979888916,0.7480762004852295,0.4352862238883972,0.20677313208580017,0.6544309854507446,21.146656036376953,0.5405597686767578,0.6220020651817322,0.6453016996383667,0.6829719543457031,22.11210060119629,0.7239273190498352,0.2736954689025879,1.6163593530654907,0.8121806979179382,0.4547070562839508,22.167003631591797,0.3592396378517151,1.0858039855957031,0.0,0.061453644186258316,0.10886810719966888,0.7908251285552979,0.4478941857814789,0.2641921937465668,0.2614890933036804,0.9111804366111755,0.5699830055236816,0.7162724733352661,0.21806009113788605,23.356609344482422,20.60683250427246,0.30853503942489624
20.991806030273438,1.317400574684143,1.0870299339294434,19.255887985229492,1.5556164979934692,1.1126042604446411,0.0,0.9256102442741394,20.72431182861328,1.143799066543579,0.8948659300804138,1.7131556272506714,20.50273895263672,1.2378575801849365,1.1602051258087158,21.825422286987305,0.6251998543739319,21.070751190185547,0.6232898235321045,1.654649019241333,1.1311932802200317,0.3626191020011902,0.9923989176750183,1.5008882284164429,0.5476452708244324,0.8512589335441589,20.674163818359375,0.8903653025627136,1.133750319480896,1.2318905591964722,1.407755732536316,1.4112980365753174,20.5865535736084,0.9053460955619812,1.2631604671478271,1.3450520038604736,2.67645263671875,18.511219024658203,1.6273777484893799,0.51451176404953,0.8344239592552185,1.3083018064498901,1.6544530391693115,1.6266955137252808,3.687246561050415,1.3116906881332397,1.0500190258026123,1.0338472127914429,21.810678482055664,21.120779037475586,1.03086519241333,0.5718338489532471,0.9362255334854126,0.9554155468940735,0.9801807999610901,19.00710105895996,1.3094242811203003,22.332904815673828,1.2861902713775635,1.062626600265503,20.402978897094727,1.2937053442001343,20.986143112182617,18.110422134399414,0.8468846678733826,1.0507186651229858,1.5820239782333374,0.8267776966094971,1.6206845045089722,1.269714117050171,0.9925175905227661,1.7476365566253662,20.052112579345703,0.5672403573989868,1.0078829526901245,1.3976014852523804,1.0404841899871826,21.01561737060547,1.1762856245040894,0.9786695837974548,1.7270214557647705,0.5842439532279968,1.3012815713882446,21.07468605041504,0.9675171971321106,1.7042272090911865,1.1289459466934204,1.0816147327423096,1.1017884016036987,1.555802345275879,0.9029855728149414,0.8998852372169495,0.9517497420310974,1.1788966655731201,0.8826444745063782,1.5144513845443726,0.9130070805549622,22.256309509277344,19.51737403869629,1.2885478734970093
21.924901962280273,0.3863091766834259,0.1715528815984726,20.189102172851562,0.6269470453262329,0.22120380401611328,0.9256102442741394,0.0,21.657560348510742,0.1889440268278122,0.18733717501163483,0.8112830519676208,21.435344696044922,0.783648669719696,0.2224634289741516,22.758323669433594,0.4100341498851776,22.003910064697266,0.30826443433761597,1.4925510883331299,0.1697983592748642,0.5680010318756104,0.0,0.5825406312942505,0.5468183159828186,0.9848573207855225,21.607561111450195,0.24823135137557983,0.19749271869659424,0.28858041763305664,0.5368678569793701,0.46998536586761475,21.519681930541992,0.0,0.7207560539245605,0.4742937982082367,2.5642831325531006,18.440547943115234,1.1699031591415405,0.3982292115688324,0.4453681707382202,0.35287028551101685,0.7792662978172302,0.6962335705757141,3.3649649620056152,0.9501616954803467,0.45042720437049866,0.07856322079896927,22.744369506835938,22.05377960205078,0.5254015326499939,0.3708006739616394,0.10834123939275742,0.11422859877347946,0.36887702345848083,19.940250396728516,0.503891110420227,23.26581573486328,0.6163014769554138,0.20740863680839539,21.336687088012695,0.35880666971206665,21.918758392333984,19.04386329650879,0.4462815821170807,0.1700228750705719,0.6573346853256226,0.04075905680656433,0.7346749305725098,0.3689907491207123,0.37994682788848877,0.9397393465042114,20.9853515625,0.3608342409133911,0.7542698383331299,0.5517362356185913,0.8172556161880493,21.949132919311523,0.511222779750824,0.0,1.3913325071334839,0.5443589091300964,0.3898576498031616,22.007596969604492,0.4974491000175476,0.9690738320350647,0.2528146505355835,0.3225821256637573,0.1401834934949875,1.0481586456298828,0.15816092491149902,0.0,0.3996945023536682,0.6774782538414001,0.2785651981830597,0.6582465767860413,0.3421928584575653,23.189672470092773,20.44994354248047,0.3524511456489563
0.0,22.038604736328125,21.799970626831055,1.4598090648651123,22.269617080688477,21.8194580078125,20.72431182861328,21.657560348510742,0.0,21.870460510253906,21.59339141845703,22.414655685424805,0.5829350352287292,21.676694869995117,21.879745483398438,1.148238182067871,21.302095413208008,0.48137301206588745,21.342872619628906,21.4809627532959,21.85860824584961,21.08248519897461,21.717792510986328,22.21642303466797,21.182931900024414,21.053668975830078,0.0,21.5850772857666,21.85136604309082,21.954952239990234,22.10190200805664,22.13326072692871,0.3229691684246063,21.62787628173828,21.789281845092773,22.04290008544922,21.602088928222656,28.866764068603516,21.879255294799805,21.244760513305664,21.449125289916992,22.037031173706055,22.33898162841797,22.34864616394043,22.705705642700195,21.62660026550293,21.664321899414062,21.755321502685547,1.0669426918029785,0.582516074180603,21.624927520751953,21.290658950805664,21.651405334472656,21.672805786132812,21.63926887512207,1.7221778631210327,21.964815139770508,1.9392240047454834,21.888883590698242,21.765832901000977,0.0,22.01216697692871,0.4394487738609314,2.5746009349823,21.476299285888672,21.76629638671875,22.293190002441406,21.553945541381836,22.313919067382812,21.98174476623535,21.632427215576172,22.345787048339844,0.5985873937606812,21.287870407104492,21.42350196838379,22.080408096313477,21.407258987426758,0.0,21.803604125976562,21.701547622680664,21.819311141967773,21.219661712646484,22.01710319519043,0.44971099495887756,21.551197052001953,22.268085479736328,21.83172035217285,21.753639221191406,21.82509994506836,21.89820671081543,21.614450454711914,21.63053321838379,21.581687927246094,21.70934295654297,21.570383071899414,22.194284439086914,21.565528869628906,1.6261358261108398,1.275831699371338,22.010068893432617
22.139345169067383,0.15010499954223633,0.2752070128917694,20.40201187133789,0.4792027175426483,0.30496281385421753,1.143799066543579,0.1889440268278122,21.870460510253906,0.0,0.4121139943599701,0.5678238868713379,21.649839401245117,0.9249371886253357,0.17712700366973877,22.97235679626465,0.6594545245170593,22.216352462768555,0.5463271737098694,1.6509463787078857,0.0,0.8030099272727966,0.09614057838916779,0.3359772562980652,0.7930926084518433,1.212925672531128,21.82032585144043,0.29908332228660583,0.22466881573200226,0.12272869050502777,0.3018763065338135,0.3160262405872345,21.732439041137695,0.22986380755901337,0.5997970104217529,0.23230284452438354,2.7042176723480225,18.550813674926758,1.2711948156356812,0.613058865070343,0.6618615984916687,0.12336423248052597,0.5345339775085449,0.45201659202575684,3.2066619396209717,1.0963975191116333,0.6036909818649292,0.17272737622261047,22.95467185974121,22.266708374023438,0.48029404878616333,0.5700741410255432,0.24431243538856506,0.14695237576961517,0.34024760127067566,20.153240203857422,0.5256011486053467,23.473560333251953,0.45388415455818176,0.30924513936042786,21.54810333251953,0.24939654767513275,22.134286880493164,19.256683349609375,0.4916504919528961,0.06211736053228378,0.51011723279953,0.2819172143936157,0.4922688603401184,0.12448778003454208,0.5540664792060852,0.8987569212913513,21.198589324951172,0.6009272336959839,0.9481476545333862,0.3130640685558319,1.0091544389724731,22.161542892456055,0.378702312707901,0.17067228257656097,1.2746756076812744,0.6843334436416626,0.09895619004964828,22.22168731689453,0.6835700273513794,0.7516803741455078,0.31318286061286926,0.4409068822860718,0.1436908096075058,1.1415151357650757,0.24153690040111542,0.21813879907131195,0.5891804695129395,0.587398886680603,0.31877249479293823,0.4201784133911133,0.549940824508667,23.399911880493164,20.66531753540039,0.1661706566810608
21.857940673828125,0.5481778383255005,0.14435958862304688,20.125045776367188,0.6812991499900818,0.1794750839471817,0.8948659300804138,0.18733717501163483,21.59339141845703,0.4121139943599701,0.0,0.9737988114356995,21.36817741394043,0.5844643115997314,0.3257007896900177,22.69195556640625,0.2812313437461853,21.94049644470215,0.30551114678382874,1.2810356616973877,0.39856913685798645,0.5218490958213806,0.3160835802555084,0.7467913627624512,0.4150160849094391,0.7904747128486633,21.543685913085938,0.47239792346954346,0.2457292079925537,0.4268929958343506,0.7261226773262024,0.5493457317352295,21.45574188232422,0.29200688004493713,0.9462976455688477,0.6739540696144104,2.3549282550811768,18.235361099243164,0.9836490750312805,0.44060611724853516,0.25772741436958313,0.4951104521751404,0.9594705700874329,0.8461800217628479,3.5838825702667236,0.749778687953949,0.27534908056259155,0.2577459216117859,22.684843063354492,21.989450454711914,0.7397175431251526,0.44462987780570984,0.30724647641181946,0.3911958634853363,0.5924524068832397,19.876056671142578,0.43141964077949524,23.210519790649414,0.8458395600318909,0.21225805580615997,21.275312423706055,0.4342179596424103,21.8497257232666,18.98015594482422,0.6362302899360657,0.41246098279953003,0.7096337676048279,0.3034360706806183,0.908348023891449,0.5594484210014343,0.18632648885250092,0.8678910732269287,20.920642852783203,0.33754611015319824,0.5440373420715332,0.7578351497650146,0.6081554293632507,21.88589096069336,0.7411099076271057,0.28078848123550415,1.6079331636428833,0.6564352512359619,0.587385892868042,21.941194534301758,0.29630908370018005,1.1824063062667847,0.23958244919776917,0.21655480563640594,0.27637237310409546,0.8709163665771484,0.39695554971694946,0.20708191394805908,0.19470609724521637,0.8958788514137268,0.5054821968078613,0.8496060371398926,0.09215977042913437,23.13011932373047,20.381301879882812,0.48926854133605957
22.686166763305664,0.4360545575618744,0.7931094765663147,20.946331024169922,0.5060176849365234,0.7974935173988342,1.7131556272506714,0.8112830519676208,22.414655685424805,0.5678238868713379,0.9737988114356995,0.0,22.19670867919922,1.3417073488235474,0.6663205623626709,23.51838493347168,1.2424366474151611,22.759708404541016,1.1318705081939697,2.0498743057250977,0.5808043479919434,1.3870763778686523,0.7280625700950623,0.21221311390399933,1.3745838403701782,1.7556160688400269,22.364309310913086,0.8253137469291687,0.7245343327522278,0.5603103637695312,0.3371022343635559,0.4962974786758423,22.27637481689453,0.8224616050720215,0.7448054552078247,0.37700626254081726,3.0343315601348877,18.753765106201172,1.5841740369796753,1.1896547079086304,1.2046751976013184,0.46265363693237305,0.09853123873472214,0.0,2.947402238845825,1.5060385465621948,1.0809245109558105,0.7466968297958374,23.494340896606445,22.810884475708008,0.8252455592155457,1.1386818885803223,0.8153963685035706,0.7414984703063965,0.7776871919631958,20.69770622253418,0.8566451668739319,24.008621215820312,0.5846666097640991,0.8194633722305298,22.08982276916504,0.5875855684280396,22.682918548583984,19.800987243652344,0.9466885924339294,0.6645994186401367,0.5137721300125122,0.8772792816162109,0.13073542714118958,0.461282879114151,1.0596733093261719,0.9840378165245056,21.74341583251953,1.1876922845840454,1.443488597869873,0.3336958587169647,1.4984503984451294,22.70490264892578,0.6370601654052734,0.7667203545570374,1.2458657026290894,1.198577642440796,0.3964146077632904,22.76786231994629,1.1883293390274048,0.4715452194213867,0.787109375,0.9174564480781555,0.6964992880821228,1.453390121459961,0.8061261773109436,0.8321619033813477,1.106238842010498,0.8045310378074646,0.8315554261207581,0.2513960897922516,1.0864765644073486,23.93938636779785,21.213773727416992,0.5079345703125
0.4985330104827881,21.817747116088867,21.574729919433594,1.357948660850525,22.04490089416504,21.59384536743164,20.50273895263672,21.435344696044922,0.5829350352287292,21.649839401245117,21.36817741394043,22.19670867919922,0.6529165506362915,21.443002700805664,21.656387329101562,1.436618685722351,21.076433181762695,0.9095776677131653,21.120107650756836,21.237579345703125,21.637903213500977,20.859283447265625,21.496864318847656,21.996997833251953,20.956510543823242,20.8201847076416,0.47289830446243286,21.366884231567383,21.626920700073242,21.732694625854492,21.8837833404541,21.909517288208008,0.6638786792755127,21.406803131103516,21.577682495117188,21.824735641479492,21.34415626525879,28.49445152282715,21.64044952392578,21.02381706237793,21.221269607543945,21.81511688232422,22.122224807739258,22.12900161743164,22.530906677246094,21.39083480834961,21.435644149780273,21.532697677612305,1.531967282295227,0.9468607902526855,21.410459518432617,21.07036781311035,21.430086135864258,21.453392028808594,21.422700881958008,1.5983198881149292,21.736793518066406,2.3441860675811768,21.675283432006836,21.541135787963867,0.5372194647789001,21.788280487060547,0.6158014535903931,2.415105104446411,21.260269165039062,21.54645347595215,22.068378448486328,21.33338165283203,22.096323013305664,21.762062072753906,21.404489517211914,22.114009857177734,0.6331499814987183,21.06485939025879,21.19089126586914,21.86347198486328,21.173860549926758,0.6733949184417725,21.588764190673828,21.479909896850586,21.617570877075195,21.002437591552734,21.797801971435547,0.7762731909751892,21.321908950805664,22.05680274963379,21.606409072875977,21.526954650878906,21.602008819580078,21.661344528198242,21.395076751708984,21.40857696533203,21.35356330871582,21.497028350830078,21.352848052978516,21.977415084838867,21.33793067932129,2.014587640762329,1.0851081609725952,21.788105010986328
21.933242797851562,0.9741591811180115,0.5803608298301697,20.209379196166992,0.8755382299423218,0.5614750385284424,1.2378575801849365,0.783648669719696,21.676694869995117,0.9249371886253357,0.5844643115997314,1.3417073488235474,21.443002700805664,0.0,0.7526820302009583,22.768508911132812,0.6491988897323608,22.02573585510254,0.8140976428985596,0.7084084153175354,0.9159011244773865,0.9147154092788696,0.8812295794487,1.1429110765457153,0.684573769569397,0.6104726195335388,21.627872467041016,1.0647209882736206,0.6597082614898682,0.8512634038925171,1.1806806325912476,0.8375809788703918,21.53972053527832,0.871523916721344,1.5220741033554077,1.1503101587295532,1.770729422569275,17.64226722717285,0.3767329454421997,0.9589570164680481,0.46137383580207825,0.8983154296875,1.3703855276107788,1.1972695589065552,4.1435370445251465,0.1814357489347458,0.3556806445121765,0.7752184271812439,22.78080940246582,22.072059631347656,1.3234753608703613,0.9848728179931641,0.8637274503707886,0.9781471490859985,1.177512526512146,19.960124969482422,0.5011354684829712,23.31792449951172,1.4031296968460083,0.6395209431648254,21.366724014282227,0.7683654427528381,21.919092178344727,19.06616973876953,1.223775029182434,0.9641377329826355,0.8916951417922974,0.9029840230941772,1.3097002506256104,1.0313137769699097,0.38807517290115356,0.6705052852630615,21.00275230407715,0.8185487389564514,0.24218159914016724,1.241089940071106,0.2655244469642639,21.97173309326172,1.3074592351913452,0.8363617658615112,2.1877729892730713,1.2051129341125488,1.0599757432937622,22.017980575561523,0.32262349128723145,1.6766221523284912,0.602755069732666,0.49943891167640686,0.7517273426055908,0.3054252862930298,0.9849764704704285,0.8035798072814941,0.3810220956802368,1.4738136529922485,1.1046463251113892,1.2972227334976196,0.40145865082740784,23.225740432739258,20.452465057373047,0.8942785263061523
22.146129608154297,0.26228293776512146,0.09421677142381668,20.411331176757812,0.413472443819046,0.12680280208587646,1.1602051258087158,0.2224634289741516,21.879745483398438,0.17712700366973877,0.3257007896900177,0.6663205623626709,21.656387329101562,0.7526820302009583,0.1141367182135582,22.979692459106445,0.6026308536529541,22.226320266723633,0.5484187602996826,1.4770700931549072,0.1697702705860138,0.7990871667861938,0.23660236597061157,0.44272005558013916,0.7343834638595581,1.0961856842041016,21.82988166809082,0.4557000994682312,0.062331926077604294,0.15823929011821747,0.45727115869522095,0.26234111189842224,21.74191665649414,0.31049466133117676,0.8044350147247314,0.41362464427948,2.522186279296875,18.361494064331055,1.088070273399353,0.6523869037628174,0.5543521642684937,0.18339625000953674,0.6626377701759338,0.5300926566123962,3.394202470779419,0.9266616106033325,0.4568058252334595,0.1787349432706833,22.96818733215332,22.275850296020508,0.6664708256721497,0.625298261642456,0.3108108639717102,0.3285026252269745,0.5249075889587402,20.16242027282715,0.36488431692123413,23.49083137512207,0.6650111079216003,0.20793673396110535,21.55990982055664,0.16903842985630035,22.13918685913086,19.266273498535156,0.6445934176445007,0.2800947427749634,0.4457363188266754,0.3698839247226715,0.6111330986022949,0.30497533082962036,0.41391968727111816,0.745870053768158,21.20736312866211,0.5980423092842102,0.8025739789009094,0.49723049998283386,0.8620508313179016,22.171688079833984,0.5895122289657593,0.23969388008117676,1.470504641532898,0.7825191020965576,0.31179118156433105,22.228961944580078,0.5453522205352783,0.928703248500824,0.1697702705860138,0.29971402883529663,0.0995902270078659,0.9608312845230103,0.3820194602012634,0.26135775446891785,0.4553525745868683,0.7833845615386963,0.4866672456264496,0.5720089077949524,0.42050060629844666,23.41339683532715,20.670503616333008,0.21170920133590698
0.7459198832511902,23.14033317565918,22.898563385009766,2.592567205429077,23.36861228942871,22.917770385742188,21.825422286987305,22.758323669433594,1.148238182067871,22.97235679626465,22.69195556640625,23.51838493347168,1.436618685722351,22.768508911132812,22.979692459106445,0.40831059217453003,22.400299072265625,0.9401979446411133,22.443191528320312,22.563838958740234,22.960445404052734,22.18247413635254,22.8194522857666,23.319156646728516,22.280546188354492,22.145572662353516,1.1502430438995361,22.688579559326172,22.950536727905273,23.05569076538086,23.205469131469727,23.23296356201172,1.3379576206207275,22.729419708251953,22.896909713745117,23.146448135375977,22.669025421142578,29.57597541809082,22.966567993164062,22.34636878967285,22.545642852783203,23.138038635253906,23.44347381591797,23.451261520385742,23.827651977539062,22.716569900512695,22.760217666625977,22.85577964782715,0.6013595461845398,0.9165963530540466,22.730791091918945,22.39271354675293,22.752758026123047,22.775508880615234,22.74382781982422,2.845595121383667,23.061260223388672,1.4581880569458008,22.995330810546875,22.864778518676758,1.4363744258880615,23.111745834350586,0.8685764670372009,3.7060720920562744,22.581180572509766,22.86870002746582,23.392107009887695,22.655851364135742,23.417858123779297,23.084266662597656,22.728918075561523,23.439289093017578,1.7804274559020996,22.38801383972168,22.516183853149414,23.18476676940918,22.499263763427734,0.7950730323791504,22.909273147583008,22.80270004272461,22.932132720947266,22.323747634887695,23.11990737915039,0.8344942331314087,22.6466064453125,23.375925064086914,22.930234909057617,22.851093292236328,22.92523956298828,22.987255096435547,22.7171630859375,22.73147201538086,22.67803192138672,22.816511154174805,22.674333572387695,23.29867935180664,22.662302017211914,0.9544848203659058,2.3332643508911133,23.11101531982422
21.566099166870117,0.8139904737472534,0.47125792503356934,19.83378028869629,0.970663845539093,0.49279552698135376,0.6251998543739319,0.4100341498851776,21.302095413208008,0.6594545245170593,0.2812313437461853,1.2424366474151611,21.076433181762695,0.6491988897323608,0.6026308536529541,22.400299072265625,0.0,21.649385452270508,0.19865186512470245,1.2400643825531006,0.6454331874847412,0.2534588873386383,0.5235559344291687,1.0151487588882446,0.08114875853061676,0.5857213735580444,21.25240707397461,0.5760585069656372,0.5436945557594299,0.6990775465965271,0.9687549471855164,0.839794933795929,21.16452980041504,0.45397448539733887,1.071927547454834,0.9115294218063354,2.319293737411499,18.212600708007812,1.0631555318832397,0.3026185929775238,0.2195376753807068,0.7755535840988159,1.2151741981506348,1.124929666519165,3.6984610557556152,0.7737789750099182,0.4225176274776459,0.5043517351150513,22.394399642944336,21.698192596435547,0.8329631686210632,0.35333889722824097,0.47708550095558167,0.554867148399353,0.7057203054428101,19.584779739379883,0.6840679049491882,22.92119026184082,1.0101292133331299,0.4781687259674072,20.98447608947754,0.7214034199714661,21.557586669921875,18.68889617919922,0.6770783066749573,0.6144681572914124,0.9973787069320679,0.41494253277778625,1.1674052476882935,0.8044338226318359,0.35103312134742737,1.1113598346710205,20.629234313964844,0.1636638343334198,0.48477059602737427,0.9890548586845398,0.5425522923469543,21.594715118408203,0.8940945863723755,0.48998335003852844,1.6981295347213745,0.5739513039588928,0.8377500176429749,21.649524688720703,0.3480263650417328,1.39046311378479,0.5258224606513977,0.46137696504592896,0.5503984689712524,0.9724851250648499,0.5275372266769409,0.4016154110431671,0.30946245789527893,1.0032187700271606,0.5987753868103027,1.0920244455337524,0.24514831602573395,22.839763641357422,20.089248657226562,0.7612071633338928
0.24680577218532562,22.38450813293457,22.147035598754883,1.848494291305542,22.61642837524414,22.166606903076172,21.070751190185547,22.003910064697266,0.48137301206588745,22.216352462768555,21.94049644470215,22.759708404541016,0.9095776677131653,22.02573585510254,22.226320266723633,0.9401979446411133,21.649385452270508,0.5132818222045898,21.689437866210938,21.832012176513672,22.204524993896484,21.429231643676758,22.063798904418945,22.561914443969727,21.53043556213379,21.402816772460938,0.3812948167324066,21.930410385131836,22.198219299316406,22.301231384277344,22.44707679748535,22.479867935180664,0.6905781626701355,21.973941802978516,22.13277244567871,22.388103485107422,21.95545768737793,29.18506622314453,22.229320526123047,21.590896606445312,21.796892166137695,22.383207321166992,22.683738708496094,22.69416618347168,23.036937713623047,21.97608757019043,22.01222801208496,22.101743698120117,0.7683902382850647,0.5946231484413147,21.969247817993164,21.636613845825195,21.997520446777344,22.0184383392334,21.98415756225586,2.1036670207977295,22.312490463256836,1.6725319623947144,22.2329044342041,22.112762451171875,0.5642334222793579,22.35883903503418,0.6155288219451904,2.948279619216919,21.82108497619629,22.112010955810547,22.640016555786133,21.899904251098633,22.65890121459961,22.32735824584961,21.98017120361328,22.694242477416992,1.052181601524353,21.63451385498047,21.772363662719727,22.42527961730957,21.75629425048828,0.0,22.14798355102539,22.0477352142334,22.15989875793457,21.564834594726562,22.36261558532715,0.5308477282524109,21.899272918701172,22.611360549926758,22.178789138793945,22.10105323791504,22.17162322998047,22.247861862182617,21.960084915161133,21.976823806762695,21.92949104309082,22.05304718017578,21.915552139282227,22.539106369018555,21.91321563720703,1.3399405479431152,1.6764594316482544,22.356260299682617
21.609561920166016,0.7188329100608826,0.4672624468803406,19.874460220336914,0.9390454292297363,0.49758806824684143,0.6232898235321045,0.30826443433761597,21.342872619628906,0.5463271737098694,0.30551114678382874,1.1318705081939697,21.120107650756836,0.8140976428985596,0.5484187602996826,22.443191528320312,0.19865186512470245,21.689437866210938,0.10307245701551437,1.4380346536636353,0.5325435996055603,0.2664584517478943,0.4007644057273865,0.910034716129303,0.29993587732315063,0.792477011680603,21.29290008544922,0.39720770716667175,0.515254020690918,0.6238048672676086,0.8436675071716309,0.7937669157981873,21.205089569091797,0.32421875,0.8827152848243713,0.7817094326019287,2.5161454677581787,18.407875061035156,1.2252633571624756,0.15299029648303986,0.38366106152534485,0.6961931586265564,1.090390920639038,1.027716875076294,3.499906063079834,0.949959933757782,0.5306509733200073,0.428299218416214,22.430702209472656,21.73912811279297,0.6458320021629333,0.18738169968128204,0.36218225955963135,0.3973373472690582,0.5247840285301208,19.625593185424805,0.7259164452552795,22.953447341918945,0.8325039148330688,0.461952269077301,21.022558212280273,0.6784861087799072,21.603050231933594,18.7292423248291,0.4878425896167755,0.47978249192237854,0.966935932636261,0.2538668215274811,1.0491527318954468,0.688946008682251,0.4566262662410736,1.1697494983673096,20.670534133911133,0.09776117652654648,0.6830326914787292,0.8492910861968994,0.7409393787384033,21.634593963623047,0.7169691324234009,0.3839344084262848,1.5012805461883545,0.40752795338630676,0.7179215550422668,21.692455291748047,0.5005156993865967,1.2264206409454346,0.5215703248977661,0.5032718181610107,0.48805463314056396,1.122423768043518,0.36465030908584595,0.2894218862056732,0.43654200434684753,0.8149488568305969,0.4102492332458496,0.9604604840278625,0.3764455318450928,22.8760986328125,20.13435173034668,0.6831576228141785
21.727764129638672,1.6973987817764282,1.317115306854248,20.01640510559082,1.562932014465332,1.2988941669464111,1.654649019241333,1.4925510883331299,21.4809627532959,1.6509463787078857,1.2810356616973877,2.0498743057250977,21.237579345703125,0.7084084153175354,1.4770700931549072,22.563838958740234,1.2400643825531006,21.832012176513672,1.4380346536636353,0.0,1.641662836074829,1.4398211240768433,1.5939342975616455,1.8615049123764038,1.2069313526153564,0.7983707785606384,21.43319320678711,1.7561885118484497,1.3905296325683594,1.5753893852233887,1.9018664360046387,1.5509177446365356,21.344966888427734,1.5698721408843994,2.2315104007720947,1.8740770816802979,1.077257752418518,16.968292236328125,0.499748170375824,1.5633347034454346,1.0922003984451294,1.6242680549621582,2.08652400970459,1.9077433347702026,4.8604936599731445,0.575764536857605,1.0629253387451172,1.4913181066513062,22.599008560180664,21.875205993652344,2.0159428119659424,1.605329155921936,1.5618205070495605,1.6850545406341553,1.8747233152389526,19.767135620117188,1.208213448524475,23.149524688720703,2.121873140335083,1.3567423820495605,21.180824279785156,1.4901857376098633,21.706689834594727,18.876483917236328,1.8945951461791992,1.6791127920150757,1.5726938247680664,1.5908656120300293,2.0243616104125977,1.7544134855270386,1.1000975370407104,1.2110304832458496,20.806264877319336,1.423158884048462,0.7572541832923889,1.9657691717147827,0.708543062210083,21.778663635253906,2.020676612854004,1.5454952716827393,2.8896050453186035,1.817058801651001,1.7867422103881836,21.814252853393555,0.9981319308280945,2.4006898403167725,1.330101728439331,1.2189823389053345,1.476112961769104,0.6345191597938538,1.681186318397522,1.5066393613815308,1.07837975025177,2.1739017963409424,1.7956033945083618,2.0179014205932617,1.1054255962371826,23.043251037597656,20.24368667602539,1.6162083148956299
22.127410888671875,0.16102328896522522,0.2639502286911011,20.39015769958496,0.48496922850608826,0.29507380723953247,1.1311932802200317,0.1697983592748642,21.85860824584961,0.0,0.39856913685798645,0.5808043479919434,21.637903213500977,0.9159011244773865,0.1697702705860138,22.960445404052734,0.6454331874847412,22.204524993896484,0.5325435996055603,1.641662836074829,0.0,0.7895409464836121,0.06998622417449951,0.348956823348999,0.7792381048202515,1.2000471353530884,21.80847930908203,0.29015249013900757,0.2152118682861328,0.12351875007152557,0.3136058449745178,0.32100844383239746,21.72059440612793,0.21496357023715973,0.6039057970046997,0.24441000819206238,2.6961870193481445,18.544837951660156,1.2645734548568726,0.6001237034797668,0.6491034030914307,0.13297754526138306,0.5475476980209351,0.46498528122901917,3.21486759185791,1.0873390436172485,0.5933659672737122,0.1579255908727646,22.942956924438477,22.25485610961914,0.47892600297927856,0.557606041431427,0.23109686374664307,0.1320636123418808,0.3363460600376129,20.141380310058594,0.521158754825592,23.46198272705078,0.4602169394493103,0.29865574836730957,21.53632926940918,0.24970227479934692,22.122297286987305,19.244831085205078,0.48536041378974915,0.03978818282485008,0.5159947872161865,0.26742124557495117,0.5050725936889648,0.1360965222120285,0.5427210330963135,0.8992565870285034,21.186717987060547,0.5871334075927734,0.9366914629936218,0.32512637972831726,0.9978423714637756,22.149715423583984,0.3822839856147766,0.15423505008220673,1.279782772064209,0.6745523810386658,0.11832939833402634,22.20977210998535,0.6720807552337646,0.7627922296524048,0.30444952845573425,0.43119630217552185,0.1304798573255539,1.1351572275161743,0.22980156540870667,0.20071625709533691,0.5773409008979797,0.5894620418548584,0.3107157349586487,0.432481586933136,0.5373259782791138,23.388202667236328,20.653331756591797,0.1713915914297104
