0.0,21.729623794555664,21.620670318603516,7.783998966217041,21.548065185546875,21.667905807495117,21.820262908935547,22.08118438720703,6.242368221282959,21.74627113342285,21.35504913330078,21.789352416992188,6.171108722686768,26.304420471191406,22.029848098754883,15.034120559692383,22.8023681640625,6.5710368156433105,26.202438354492188,22.23242950439453,21.83571434020996,22.284618377685547,21.69585609436035,22.563627243041992,21.42111587524414,21.367429733276367,4.824470043182373,21.774478912353516,21.869510650634766,22.2579345703125,22.519739151000977,22.33074951171875,9.340514183044434,21.748760223388672,22.37318992614746,21.650144577026367,27.190570831298828,21.96294593811035,25.068777084350586,21.424903869628906,24.926252365112305,22.682144165039062,22.182151794433594,21.951642990112305,29.45988655090332,24.01456069946289,21.87249183654785,22.124774932861328,10.233345031738281,6.498990535736084,22.78138542175293,24.791702270507812,21.734867095947266,21.997148513793945,24.174348831176758,9.848817825317383,22.32672882080078,7.110653877258301,22.65625,21.912038803100586,5.710239887237549,22.040653228759766,6.6997575759887695,7.17206335067749,21.21354866027832,21.710773468017578,24.049829483032227,21.550617218017578,22.00382423400879,21.671302795410156,21.636629104614258,22.38629913330078,11.31670093536377,21.899850845336914,21.877239227294922,25.468896865844727,22.40431022644043,9.593144416809082,22.654495239257812,21.901857376098633,28.04581642150879,23.251752853393555,27.69844627380371,6.952973365783691,21.39586067199707,22.24076271057129,21.812742233276367,21.810989379882812,21.589384078979492,22.424945831298828,25.948530197143555,22.175336837768555,22.0069580078125,22.074750900268555,22.192218780517578,23.058958053588867,27.513885498046875,13.019420623779297,10.533441543579102,21.595674514770508
21.729623794555664,0.0,3.079815626144409,21.004966735839844,1.8783717155456543,1.8288770914077759,1.937922716140747,2.691398859024048,21.146509170532227,1.6528619527816772,1.7575016021728516,2.0395236015319824,21.333126068115234,16.09576988220215,2.2351572513580322,24.809110641479492,6.87170934677124,21.32401466369629,14.854561805725098,4.685953140258789,1.7951455116271973,4.001201152801514,1.2843612432479858,1.2837016582489014,2.0999696254730225,1.9975972175598145,21.5789794921875,1.2499511241912842,2.5346250534057617,2.324852228164673,2.9002087116241455,2.4463870525360107,22.872671127319336,2.2387025356292725,4.069360733032227,3.029106616973877,15.742919921875,3.6014184951782227,12.80865478515625,4.095203399658203,13.79560661315918,7.234447002410889,1.8638994693756104,7.618587493896484,20.598438262939453,11.462437629699707,3.294750213623047,1.3228100538253784,24.33495330810547,21.7393798828125,5.888313293457031,11.702461242675781,2.8769888877868652,1.4075406789779663,11.230267524719238,22.07835578918457,8.853805541992188,21.993026733398438,4.758547782897949,2.0008981227874756,20.503299713134766,3.273818016052246,21.415075302124023,17.39693832397461,2.6004509925842285,1.5532010793685913,11.174493789672852,1.9610376358032227,1.8701444864273071,2.1354575157165527,3.2632036209106445,1.6052650213241577,22.732776641845703,2.590520143508911,1.4379968643188477,10.861018180847168,5.27983283996582,22.332229614257812,9.714648246765137,1.9167252779006958,18.139604568481445,8.599456787109375,16.64274787902832,19.082935333251953,2.112654685974121,2.44589900970459,1.3584634065628052,2.75437068939209,1.8650559186935425,5.960679054260254,13.589707374572754,2.9703736305236816,2.1421058177948,3.8278613090515137,2.2394556999206543,2.7845866680145264,15.757430076599121,25.839609146118164,25.237186431884766,2.6519439220428467
21.620670318603516,3.079815626144409,0.05579240992665291,21.451194763183594,3.109257936477661,3.808075428009033,2.364354133605957,4.171392440795898,21.39571189880371,2.7058422565460205,3.2971246242523193,2.9776194095611572,21.494733810424805,16.07111167907715,3.5920166969299316,25.006916046142578,8.23615550994873,21.6018009185791,14.680462837219238,5.902233600616455,3.012028455734253,4.8839545249938965,2.9056546688079834,3.7953433990478516,2.797497510910034,2.785343885421753,21.596548080444336,2.470987558364868,3.4199740886688232,4.085851669311523,3.7306742668151855,3.8366787433624268,23.33502960205078,2.531334400177002,5.34575891494751,2.888692617416382,16.483203887939453,4.96670389175415,12.118324279785156,4.184188365936279,14.781694412231445,8.260519027709961,3.557284355163574,8.358099937438965,20.45730209350586,11.951212882995605,4.3809099197387695,2.902348041534424,24.352384567260742,21.778480529785156,6.671884536743164,10.58459186553955,3.882797956466675,3.0024590492248535,10.819087982177734,22.564453125,9.183061599731445,22.360185623168945,4.111275672912598,3.0370192527770996,20.65974998474121,4.3830156326293945,21.820878982543945,17.724084854125977,2.8507847785949707,3.366886615753174,10.996813774108887,2.9745025634765625,3.6231632232666016,3.898608684539795,4.099422931671143,3.1746935844421387,22.214824676513672,3.3696134090423584,2.831685781478882,12.787151336669922,5.50216007232666,22.599855422973633,10.668789863586426,3.649129629135132,18.617473602294922,8.28519344329834,16.96263313293457,19.204700469970703,2.959775924682617,3.116375207901001,2.7055246829986572,4.132733345031738,3.3864049911499023,6.443429470062256,13.868663787841797,4.5355987548828125,4.072308540344238,4.413142204284668,3.762324333190918,3.6899592876434326,16.73316192626953,25.845359802246094,25.28168487548828,4.3620219230651855
7.783998966217041,21.004966735839844,21.451194763183594,0.0,20.964763641357422,20.780677795410156,21.31991195678711,20.949451446533203,5.373574733734131,21.323442459106445,21.006515502929688,21.40765953063965,4.1350274085998535,26.32115936279297,21.390098571777344,13.88854694366455,22.363439559936523,5.620364665985107,25.12938117980957,21.73163604736328,21.432201385498047,21.29787826538086,21.17557716369629,21.786396026611328,21.104707717895508,21.10441780090332,5.551228046417236,21.177152633666992,21.458541870117188,21.41876220703125,21.455228805541992,21.319440841674805,5.574824810028076,21.011972427368164,21.44957733154297,21.22766876220703,26.70817756652832,21.415281295776367,25.046205520629883,21.522340774536133,24.802515029907227,22.245590209960938,21.531639099121094,21.480316162109375,29.280414581298828,24.732927322387695,21.105546951293945,21.585094451904297,9.676322937011719,6.108016014099121,21.200971603393555,24.094114303588867,20.988969802856445,21.308338165283203,24.52014923095703,9.888607025146484,21.753253936767578,5.7539896965026855,21.962766647338867,21.171981811523438,4.627945423126221,21.870399475097656,4.81833028793335,6.257874488830566,20.89750862121582,21.150236129760742,24.303016662597656,21.14989471435547,21.294397354125977,20.8770694732666,21.16059112548828,21.79237937927246,14.787195205688477,20.988977432250977,21.22690773010254,23.536951065063477,21.768760681152344,10.47123908996582,22.674640655517578,21.414657592773438,27.685049057006836,22.522424697875977,27.360641479492188,7.4692301750183105,21.12399673461914,21.839839935302734,21.230234146118164,21.631946563720703,20.81601333618164,21.175308227539062,24.850505828857422,21.037433624267578,21.463361740112305,21.0153865814209,21.508075714111328,22.194658279418945,26.684728622436523,15.16988754272461,11.796164512634277,20.788354873657227
21.548065185546875,1.8783717155456543,3.109257936477661,20.964763641357422,0.14758700132369995,2.5007524490356445,2.252206325531006,3.4795355796813965,20.981531143188477,2.2379181385040283,2.4817512035369873,2.2927675247192383,21.193044662475586,16.332473754882812,2.7222487926483154,24.99116325378418,6.900347709655762,21.1763973236084,14.959466934204102,5.25884485244751,2.1065378189086914,4.726945400238037,1.9526488780975342,2.406848430633545,2.667895555496216,2.5919406414031982,21.295276641845703,1.9203613996505737,2.924265146255493,2.86895489692688,3.3027291297912598,2.556614398956299,22.87656021118164,2.600661277770996,3.652348756790161,3.252707004547119,16.114173889160156,4.122805118560791,12.733404159545898,4.187445640563965,13.847569465637207,7.274481296539307,1.8348338603973389,7.0131330490112305,20.814231872558594,11.380552291870117,4.15431547164917,1.7668178081512451,24.033660888671875,21.710412979125977,5.435238361358643,10.489750862121582,1.9344438314437866,1.6633259057998657,10.156085968017578,21.741741180419922,9.082780838012695,21.860048294067383,5.0929388999938965,2.273717164993286,20.4289608001709,3.111828088760376,21.314006805419922,17.258052825927734,2.0475151538848877,2.1297760009765625,11.877721786499023,2.3761115074157715,2.241793155670166,3.18994140625,3.6367454528808594,2.1110801696777344,22.639598846435547,2.906381845474243,2.0293335914611816,11.10094165802002,4.5708184242248535,22.018329620361328,9.654860496520996,2.048346757888794,18.22608184814453,8.187336921691895,16.649354934692383,18.90324592590332,2.2839927673339844,2.7000298500061035,1.7993746995925903,3.1924965381622314,2.182767152786255,6.803746700286865,13.882746696472168,3.615401268005371,2.4891395568847656,3.5255353450775146,2.4133832454681396,3.2436060905456543,15.740591049194336,25.561616897583008,25.23659896850586,2.7348411083221436
21.667905807495117,1.8288770914077759,3.808075428009033,20.780677795410156,2.5007524490356445,0.0,2.10943341255188,3.1358566284179688,20.964231491088867,2.437932252883911,2.482320785522461,2.5566933155059814,21.2659854888916,15.529312133789062,2.0242950916290283,24.98745346069336,7.363537311553955,21.18487548828125,14.247589111328125,5.319196701049805,2.6693685054779053,4.8549628257751465,2.412715435028076,2.1820244789123535,2.8582794666290283,2.433854579925537,21.493831634521484,2.1228106021881104,2.7963006496429443,2.4048826694488525,2.8048484325408936,2.8642377853393555,22.859193801879883,2.666072130203247,4.569357872009277,3.2605645656585693,15.627877235412598,3.8131144046783447,12.728776931762695,4.296747207641602,13.733011245727539,7.400008678436279,2.674177646636963,7.186691761016846,20.735654830932617,12.172611236572266,3.463078737258911,2.0508100986480713,24.301895141601562,21.658998489379883,6.27082633972168,11.352631568908691,2.636296272277832,2.2636280059814453,11.832625389099121,22.052703857421875,8.201948165893555,21.70108413696289,4.580265998840332,2.9259674549102783,20.37584686279297,3.3787968158721924,21.206953048706055,17.35999870300293,2.858522653579712,2.0952703952789307,11.68529987335205,2.5547919273376465,2.1624197959899902,2.724015712738037,3.520937442779541,2.573920249938965,22.8918514251709,2.9474658966064453,1.7553960084915161,10.777963638305664,5.4872283935546875,22.255647659301758,8.9528169631958,1.8891403675079346,18.35986328125,8.362793922424316,16.802963256835938,18.970430374145508,2.7083358764648438,3.2624385356903076,2.0441176891326904,3.487407684326172,2.0551130771636963,6.635464668273926,13.55262279510498,3.0226049423217773,2.4750428199768066,3.754992961883545,2.6796233654022217,3.8023576736450195,15.20454216003418,25.652973175048828,25.37847900390625,2.628051280975342
21.820262908935547,1.937922716140747,2.364354133605957,21.31991195678711,2.252206325531006,2.10943341255188,0.0,3.7436015605926514,21.45525360107422,2.0756940841674805,2.157607316970825,1.9250259399414062,21.56224250793457,15.324440956115723,2.0061256885528564,25.060453414916992,7.904395580291748,21.696687698364258,14.213738441467285,5.430842876434326,1.9074598550796509,4.696556568145752,1.8509376049041748,2.3389322757720947,2.5004055500030518,2.1109631061553955,21.734994888305664,1.2107492685317993,2.739656686782837,2.8815650939941406,2.774198293685913,2.7683191299438477,23.26410675048828,2.0732009410858154,4.551863670349121,2.747523069381714,15.72702407836914,4.1579718589782715,12.3726167678833,3.7790491580963135,14.12899398803711,7.220224380493164,2.3923418521881104,7.411591053009033,20.301284790039062,11.271202087402344,3.211406707763672,1.7913085222244263,24.445148468017578,22.049360275268555,6.161373615264893,10.706816673278809,2.5888640880584717,2.041208028793335,11.175442695617676,22.369932174682617,8.433162689208984,22.37761878967285,3.9007351398468018,2.6420724391937256,20.726707458496094,3.3268814086914062,21.750946044921875,17.76295280456543,2.14391827583313,2.159569501876831,11.399312019348145,1.80336332321167,2.3022382259368896,3.252466917037964,3.4193456172943115,2.19625186920166,22.671104431152344,2.660950183868408,1.7332440614700317,11.312138557434082,4.680184841156006,22.605424880981445,9.865065574645996,2.4010984897613525,18.21547508239746,8.139931678771973,17.085994720458984,19.08422088623047,1.743351936340332,2.3155856132507324,1.3284624814987183,3.4722964763641357,2.1343812942504883,5.8764119148254395,13.824267387390137,3.7950360774993896,2.8577256202697754,3.550462007522583,2.496634006500244,3.4186649322509766,15.547100067138672,25.859725952148438,25.594463348388672,3.185602903366089
22.08118438720703,2.691398859024048,4.171392440795898,20.949451446533203,3.4795355796813965,3.1358566284179688,3.7436015605926514,0.0,21.212196350097656,3.4507687091827393,3.9285495281219482,3.7360341548919678,21.479188919067383,16.311626434326172,3.5356645584106445,25.504575729370117,7.506683826446533,21.353914260864258,15.217988014221191,5.14414644241333,3.822174549102783,4.189436912536621,3.256704807281494,3.0077288150787354,3.590761423110962,3.1952385902404785,21.69823455810547,3.0696520805358887,3.9301817417144775,3.823049306869507,3.7335927486419678,3.2646982669830322,22.797582626342773,3.232295036315918,5.072463035583496,4.273656845092773,16.935876846313477,4.956385612487793,13.561602592468262,5.240670680999756,14.096694946289062,7.790287494659424,3.430172920227051,8.93626594543457,20.58810043334961,12.97789192199707,4.200190544128418,3.0580670833587646,24.661104202270508,21.74738311767578,5.943386554718018,12.233146667480469,4.18968391418457,3.0626187324523926,12.021110534667969,22.091936111450195,9.185718536376953,21.955110549926758,5.058107376098633,2.681884527206421,20.5402774810791,4.884688854217529,21.549789428710938,17.425960540771484,3.968949556350708,3.335618257522583,11.660360336303711,3.861362934112549,3.1932291984558105,2.700606107711792,4.32305383682251,3.4270145893096924,23.10300064086914,3.151444911956787,2.6710517406463623,10.719647407531738,6.561224460601807,22.780500411987305,10.408156394958496,3.3384761810302734,18.336551666259766,8.15189266204834,17.261892318725586,19.525514602661133,4.047367095947266,3.8895082473754883,3.0014235973358154,4.199848651885986,3.172065258026123,6.561992645263672,12.93837833404541,2.9476442337036133,3.2768635749816895,4.7774224281311035,3.387366533279419,3.2556815147399902,16.875194549560547,26.01860809326172,25.225801467895508,3.679173231124878
6.242368221282959,21.146509170532227,21.39571189880371,5.373574733734131,20.981531143188477,20.964231491088867,21.45525360107422,21.212196350097656,0.6795303225517273,21.234647750854492,20.997005462646484,21.31252670288086,5.766762733459473,26.83877944946289,21.48467254638672,14.603849411010742,21.670143127441406,2.951403856277466,25.463796615600586,21.68300437927246,21.49880027770996,21.55023956298828,21.243663787841797,21.95490074157715,21.067398071289062,21.05577850341797,4.622544765472412,21.28892707824707,21.464941024780273,21.54161834716797,21.657005310058594,21.50756072998047,7.0832839012146,21.124074935913086,21.416582107543945,21.18706512451172,26.667572021484375,21.145103454589844,25.415769577026367,21.310510635375977,24.795862197875977,22.755868911743164,21.589757919311523,21.922876358032227,29.555421829223633,25.004453659057617,21.332496643066406,21.619537353515625,10.579537391662598,4.60117769241333,21.573486328125,24.006942749023438,21.030757904052734,21.486108779907227,23.73743438720703,9.142204284667969,21.992273330688477,5.143954277038574,22.220197677612305,21.267900466918945,4.494561195373535,21.777658462524414,4.183380603790283,5.429393768310547,20.795551300048828,21.029691696166992,23.542449951171875,21.10952377319336,21.375259399414062,20.987688064575195,20.881549835205078,21.789533615112305,13.211906433105469,21.15304946899414,21.299699783325195,24.75617218017578,21.744216918945312,10.286548614501953,22.28434944152832,21.366436004638672,27.61119842529297,22.62399673461914,28.014511108398438,8.764629364013672,21.038898468017578,21.75245475769043,21.34133529663086,21.42888069152832,20.98028564453125,22.241188049316406,25.548154830932617,21.09964370727539,21.423397064208984,21.24729347229004,21.632905960083008,22.301143646240234,26.177997589111328,13.223038673400879,12.323787689208984,20.80563735961914
21.74627113342285,1.6528619527816772,2.7058422565460205,21.323442459106445,2.2379181385040283,2.437932252883911,2.0756940841674805,3.4507687091827393,21.234647750854492,0.17306935787200928,2.343043804168701,1.721457839012146,21.54477310180664,15.817946434020996,2.495728015899658,25.100486755371094,6.507020473480225,21.43466567993164,14.643976211547852,4.315989017486572,1.5522398948669434,4.26681661605835,1.9516757726669312,2.2296528816223145,2.0068681240081787,2.0177507400512695,21.650550842285156,1.7539236545562744,1.990801215171814,2.723156690597534,2.843961238861084,2.7108614444732666,23.167606353759766,2.1957855224609375,4.1022515296936035,2.850092887878418,15.736108779907227,3.209955930709839,12.737662315368652,3.9768474102020264,14.58755111694336,7.927236557006836,1.9954496622085571,7.582571029663086,20.407676696777344,11.307031631469727,3.1895225048065186,1.7137900590896606,24.416112899780273,21.93421173095703,6.635329723358154,11.62637996673584,2.9636881351470947,1.88460111618042,10.633232116699219,22.233976364135742,8.864747047424316,22.176149368286133,4.69246244430542,1.901435136795044,20.658166885375977,3.5968706607818604,21.518980026245117,17.507795333862305,2.383756160736084,1.2963895797729492,10.89144229888916,1.6609878540039062,1.8460843563079834,2.4305944442749023,2.4680395126342773,1.7479513883590698,22.90448570251465,3.0210611820220947,1.8655421733856201,11.787687301635742,5.112769603729248,22.56661033630371,9.293659210205078,2.0398097038269043,18.25585174560547,9.08276653289795,16.71070098876953,19.323179244995117,1.9384546279907227,2.062501907348633,1.4921650886535645,2.039397716522217,2.50832462310791,6.579183101654053,13.675934791564941,3.6853134632110596,2.1039376258850098,3.3030436038970947,2.8622424602508545,3.2799997329711914,15.92758846282959,25.71399688720703,25.514968872070312,2.96022891998291
21.35504913330078,1.7575016021728516,3.2971246242523193,21.006515502929688,2.4817512035369873,2.482320785522461,2.157607316970825,3.9285495281219482,20.997005462646484,2.343043804168701,0.17593851685523987,2.5980100631713867,21.215240478515625,16.272340774536133,2.9281551837921143,24.87436866760254,7.515620231628418,21.274410247802734,14.995526313781738,5.600038528442383,2.5495474338531494,5.270235061645508,1.7656514644622803,2.420480728149414,2.639127254486084,2.0509450435638428,21.461044311523438,1.9155381917953491,3.18109393119812,3.035273790359497,4.069622993469238,3.294311046600342,22.896181106567383,2.755282402038574,4.838628768920898,2.9077672958374023,15.339997291564941,4.189313888549805,12.816950798034668,4.114212989807129,13.750053405761719,6.6065521240234375,2.4835073947906494,7.398804664611816,20.95172882080078,11.009434700012207,3.84301495552063,1.8388088941574097,24.198579788208008,21.58584976196289,6.699121475219727,11.860454559326172,3.408491373062134,2.2496337890625,11.461930274963379,22.074350357055664,8.829710960388184,21.92993927001953,5.126251220703125,3.305262804031372,20.295927047729492,2.7419092655181885,21.36851692199707,17.40511703491211,2.5201261043548584,2.155763864517212,10.780083656311035,2.1250157356262207,2.410125732421875,3.0769829750061035,3.7879130840301514,2.594682216644287,22.375383377075195,3.133270025253296,2.255462408065796,11.47292423248291,5.414698600769043,22.119203567504883,9.487388610839844,2.3233773708343506,17.904613494873047,8.550419807434082,17.13520050048828,18.77474594116211,2.3399829864501953,2.844787359237671,2.156934976577759,3.080063581466675,2.196021318435669,6.23038911819458,14.181021690368652,4.08070707321167,2.957679510116577,4.6749043464660645,3.1328957080841064,3.6058292388916016,15.359442710876465,25.742095947265625,24.983285903930664,3.633056640625
21.789352416992188,2.0395236015319824,2.9776194095611572,21.40765953063965,2.2927675247192383,2.5566933155059814,1.9250259399414062,3.7360341548919678,21.31252670288086,1.721457839012146,2.5980100631713867,0.0,21.570398330688477,15.593647003173828,2.0454506874084473,25.134037017822266,6.685548782348633,21.47032356262207,14.392230033874512,4.2875800132751465,1.3295129537582397,4.316479682922363,2.0144033432006836,2.2584564685821533,1.8075251579284668,2.4645755290985107,21.69509506225586,1.61093270778656,2.304335832595825,2.5280590057373047,2.7941765785217285,2.6003811359405518,23.181446075439453,2.852630138397217,4.21263313293457,3.142639636993408,15.52220630645752,3.595782518386841,12.340559959411621,3.121114730834961,13.593729019165039,7.519449710845947,2.102756977081299,7.762756824493408,20.11637306213379,11.183087348937988,3.036118507385254,1.868769645690918,24.4274845123291,21.979598999023438,6.407142162322998,11.193102836608887,2.626021385192871,2.1680667400360107,10.589715003967285,22.162927627563477,9.21954345703125,22.307029724121094,4.252835750579834,2.130744695663452,20.76067543029785,3.7034435272216797,21.546058654785156,17.513408660888672,2.3831841945648193,1.3942111730575562,10.994728088378906,1.3420982360839844,2.0868794918060303,2.67301344871521,2.6630518436431885,1.977695107460022,22.904075622558594,3.6050353050231934,2.2782342433929443,11.103772163391113,5.155129432678223,22.529420852661133,9.978072166442871,2.4329638481140137,18.465578079223633,8.490975379943848,17.170761108398438,19.396663665771484,1.606079339981079,1.8263232707977295,1.7105215787887573,2.447977066040039,2.912865400314331,6.9138593673706055,13.994881629943848,3.4588472843170166,2.3756062984466553,3.6010897159576416,2.284226179122925,3.551024913787842,15.812884330749512,25.36326789855957,25.689483642578125,2.822755813598633
6.171108722686768,21.333126068115234,21.494733810424805,4.1350274085998535,21.193044662475586,21.2659854888916,21.56224250793457,21.479188919067383,5.766762733459473,21.54477310180664,21.215240478515625,21.570398330688477,0.0,26.347877502441406,21.76766586303711,14.314499855041504,22.42840576171875,5.626291275024414,25.232677459716797,21.89528465270996,21.622163772583008,21.689903259277344,21.38051986694336,22.1550350189209,21.263639450073242,21.37994384765625,3.957977771759033,21.421205520629883,21.682268142700195,21.917434692382812,21.939746856689453,21.650171279907227,6.473272800445557,21.380107879638672,21.778623580932617,21.508676528930664,26.929697036743164,21.86520767211914,24.824745178222656,21.595918655395508,25.09016990661621,22.373779296875,21.843156814575195,21.85905647277832,29.39211082458496,24.739221572875977,21.516130447387695,21.819398880004883,8.086828231811523,5.858249664306641,21.819908142089844,24.540843963623047,21.31157875061035,21.570255279541016,23.9993953704834,9.610753059387207,23.065902709960938,6.543578624725342,22.317733764648438,21.451454162597656,3.730229377746582,22.03700065612793,5.484739303588867,6.4150710105896,21.057710647583008,21.41482162475586,24.224246978759766,21.285255432128906,21.627466201782227,21.191869735717773,21.448625564575195,22.074504852294922,13.893360137939453,21.378019332885742,21.551376342773438,24.242568969726562,21.95379066467285,9.718738555908203,23.58526039123535,21.773366928100586,28.04147720336914,22.73173713684082,27.182233810424805,6.871713161468506,21.303176879882812,21.92616844177246,21.51580810546875,21.76689338684082,21.234310150146484,21.514310836791992,25.959524154663086,21.64375114440918,21.831396102905273,21.280269622802734,21.8375244140625,22.421117782592773,26.874181747436523,14.448851585388184,9.809992790222168,21.345630645751953
26.304420471191406,16.09576988220215,16.07111167907715,26.32115936279297,16.332473754882812,15.529312133789062,15.324440956115723,16.311626434326172,26.83877944946289,15.817946434020996,16.272340774536133,15.593647003173828,26.347877502441406,0.0,14.546889305114746,30.076976776123047,17.296796798706055,27.003759384155273,21.920122146606445,15.970746994018555,15.559102058410645,16.84837532043457,15.506874084472656,15.804886817932129,15.845023155212402,15.387086868286133,26.152759552001953,15.739174842834473,16.020925521850586,16.398906707763672,16.011106491088867,15.766879081726074,28.348840713500977,16.029747009277344,15.905486106872559,15.923355102539062,22.444963455200195,15.665968894958496,20.014591217041016,15.595043182373047,20.315290451049805,17.644432067871094,16.363569259643555,17.36737632751465,25.534523010253906,20.42386245727539,14.844319343566895,15.930804252624512,28.831623077392578,27.569780349731445,17.78809928894043,19.27903175354004,15.588851928710938,15.862031936645508,19.05999183654785,26.3975887298584,17.3175048828125,27.259910583496094,15.297496795654297,15.866366386413574,25.77098846435547,15.685049057006836,26.826711654663086,23.569318771362305,16.168622970581055,15.74455738067627,19.27338981628418,15.205767631530762,15.778380393981934,16.07674789428711,15.842390060424805,15.57236385345459,28.094146728515625,15.917837142944336,15.897130966186523,18.536285400390625,15.498763084411621,27.850177764892578,18.915918350219727,15.953372955322266,23.698820114135742,17.89837074279785,23.011951446533203,24.253952026367188,15.500946044921875,15.726319313049316,15.48565673828125,15.535987854003906,16.374000549316406,15.814338684082031,20.81588363647461,16.015527725219727,15.351045608520508,15.776590347290039,15.73925495147705,17.116477966308594,22.128944396972656,30.188430786132812,30.615644454956055,15.812520027160645
22.029848098754883,2.2351572513580322,3.5920166969299316,21.390098571777344,2.7222487926483154,2.0242950916290283,2.0061256885528564,3.5356645584106445,21.48467254638672,2.495728015899658,2.9281551837921143,2.0454506874084473,21.76766586303711,14.546889305114746,0.0,25.130325317382812,6.976716041564941,21.692535400390625,14.777262687683105,4.964670658111572,2.2203071117401123,4.665788173675537,2.106234073638916,2.0061826705932617,2.540903329849243,2.393669605255127,21.89328956604004,2.2165582180023193,3.253675699234009,2.784959316253662,2.6189043521881104,2.886370897293091,23.32948112487793,3.0426557064056396,3.9260292053222656,3.2552340030670166,16.0385799407959,3.7322843074798584,12.286458015441895,3.4717938899993896,13.57630729675293,7.612359523773193,2.7331299781799316,7.631809711456299,20.59555435180664,11.802796363830566,3.199399948120117,2.297502279281616,24.792367935180664,22.097644805908203,6.08125114440918,11.09521198272705,2.691798210144043,2.5335543155670166,11.362442970275879,22.33781623840332,8.372262001037598,22.390562057495117,4.347872257232666,2.6356194019317627,20.944128036499023,3.6066479682922363,21.77196502685547,17.764225006103516,2.927738904953003,2.0654826164245605,11.565897941589355,2.2760000228881836,2.4798243045806885,2.953322649002075,3.4392318725585938,1.933073878288269,23.080326080322266,3.5135693550109863,2.3156371116638184,10.549456596374512,5.456937313079834,22.75238609313965,9.513574600219727,2.404892683029175,18.0223388671875,8.547003746032715,17.265363693237305,19.50743865966797,2.1117517948150635,3.0937893390655518,2.014197587966919,3.33443021774292,2.907727003097534,6.67638635635376,14.184319496154785,3.1066088676452637,2.111182689666748,3.8940439224243164,2.3702738285064697,4.0703511238098145,15.837132453918457,25.879497528076172,26.030107498168945,2.7669544219970703
15.034120559692383,24.809110641479492,25.006916046142578,13.88854694366455,24.99116325378418,24.98745346069336,25.060453414916992,25.504575729370117,14.603849411010742,25.100486755371094,24.87436866760254,25.134037017822266,14.314499855041504,30.076976776123047,25.130325317382812,0.0,25.482385635375977,14.411617279052734,28.078134536743164,25.12112808227539,24.950300216674805,24.659149169921875,24.983829498291016,25.354148864746094,24.91103744506836,25.214012145996094,14.277900695800781,25.047395706176758,25.187341690063477,25.009693145751953,25.027719497680664,25.37248420715332,15.179895401000977,25.011539459228516,25.12675666809082,25.0305233001709,30.361474990844727,24.971086502075195,28.415225982666016,25.125581741333008,27.858596801757812,27.427200317382812,25.521730422973633,25.385305404663086,32.35280990600586,27.158613204956055,25.10676383972168,25.601646423339844,16.08548927307129,14.581690788269043,25.279945373535156,27.31016731262207,25.08306312561035,25.39139175415039,27.406471252441406,17.604917526245117,25.7748966217041,14.696741104125977,26.30112075805664,25.101865768432617,15.328327178955078,25.576955795288086,13.641414642333984,14.60062026977539,25.179330825805664,25.08135414123535,26.78905487060547,25.015775680541992,25.686843872070312,25.27240753173828,25.007537841796875,25.27480697631836,15.29230785369873,25.31072425842285,25.197803497314453,27.10622215270996,25.27488899230957,14.530179977416992,27.15461540222168,25.46263313293457,30.547401428222656,27.615266799926758,30.285503387451172,15.025262832641602,24.65512466430664,25.746408462524414,25.194992065429688,25.612865447998047,25.13344955444336,24.64666175842285,28.305038452148438,24.757898330688477,25.357267379760742,25.190723419189453,25.421525955200195,26.19095230102539,29.93162727355957,19.991792678833008,18.102848052978516,24.47044563293457
22.8023681640625,6.87170934677124,8.23615550994873,22.363439559936523,6.900347709655762,7.363537311553955,7.904395580291748,7.506683826446533,21.670143127441406,6.507020473480225,7.515620231628418,6.685548782348633,22.42840576171875,17.296796798706055,6.976716041564941,25.482385635375977,0.0,21.878009796142578,16.801366806030273,5.931142330169678,6.907296180725098,8.259305000305176,6.856696605682373,6.61769962310791,7.09580135345459,7.283064365386963,22.402984619140625,7.431819438934326,6.943295478820801,6.991833209991455,7.368336200714111,6.957934379577637,24.015459060668945,7.936776161193848,6.166756629943848,7.969580173492432,18.569337844848633,6.606355667114258,14.675766944885254,7.464482307434082,14.614334106445312,11.117842674255371,6.852660655975342,9.771392822265625,21.125829696655273,14.199131965637207,7.971338748931885,7.018341541290283,25.66739273071289,22.723676681518555,9.541640281677246,14.89234447479248,7.347785949707031,7.039721965789795,9.833837509155273,22.448360443115234,12.849456787109375,22.67500114440918,10.208891868591309,6.591588973999023,21.861631393432617,7.25206995010376,22.102399826049805,18.292016983032227,7.311694622039795,6.30543327331543,12.131949424743652,6.905686378479004,7.028005599975586,6.740952968597412,6.709494590759277,6.297363758087158,24.546525955200195,8.227943420410156,7.28237247467041,13.112619400024414,9.175853729248047,23.298870086669922,10.764174461364746,6.870791912078857,19.361963272094727,12.869836807250977,17.729246139526367,21.044593811035156,6.999660968780518,7.142786026000977,7.259763717651367,5.818874835968018,7.760805130004883,11.20556640625,16.77581787109375,6.892055034637451,6.126511573791504,7.410268783569336,7.390461444854736,7.611103534698486,16.572246551513672,26.63522720336914,26.521543502807617,6.9653000831604
6.5710368156433105,21.32401466369629,21.6018009185791,5.620364665985107,21.1763973236084,21.18487548828125,21.696687698364258,21.353914260864258,2.951403856277466,21.43466567993164,21.274410247802734,21.47032356262207,5.626291275024414,27.003759384155273,21.692535400390625,14.411617279052734,21.878009796142578,0.34290558099746704,25.704824447631836,21.773143768310547,21.622756958007812,21.41695785522461,21.4947452545166,22.13666343688965,21.155073165893555,21.317615509033203,4.676432132720947,21.496938705444336,21.634878158569336,21.79146957397461,21.833715438842773,21.721261978149414,7.427464962005615,21.39129638671875,21.563480377197266,21.442228317260742,26.558473587036133,21.372819900512695,25.779251098632812,21.587108612060547,25.051780700683594,23.138959884643555,21.81374740600586,22.345130920410156,29.6885986328125,25.336685180664062,21.617263793945312,21.78669548034668,9.91942024230957,4.840765953063965,21.88052749633789,24.285198211669922,21.180431365966797,21.692922592163086,24.244733810424805,9.256160736083984,22.70814323425293,4.708229064941406,22.378273010253906,21.42136001586914,4.791276454925537,22.065568923950195,3.578214645385742,5.06967306137085,21.11101722717285,21.235158920288086,23.927766799926758,21.346830368041992,21.635906219482422,21.131532669067383,21.102031707763672,21.99268341064453,12.902475357055664,21.46748924255371,21.478092193603516,24.30073356628418,21.99285125732422,9.234823226928711,22.713510513305664,21.54795265197754,28.090415954589844,22.643388748168945,27.346471786499023,9.528902053833008,21.250783920288086,21.974245071411133,21.56317710876465,21.623231887817383,21.30089569091797,22.541654586791992,25.736310958862305,21.3151912689209,21.59771156311035,21.462787628173828,21.79185676574707,22.51253318786621,26.995288848876953,12.145310401916504,11.884791374206543,20.974224090576172
26.202438354492188,14.854561805725098,14.680462837219238,25.12938117980957,14.959466934204102,14.247589111328125,14.213738441467285,15.217988014221191,25.463796615600586,14.643976211547852,14.995526313781738,14.392230033874512,25.232677459716797,21.920122146606445,14.777262687683105,28.078134536743164,16.801366806030273,25.704824447631836,0.0,14.533405303955078,14.71275806427002,15.542654037475586,15.112433433532715,15.009745597839355,15.202929496765137,15.359551429748535,25.706966400146484,14.583768844604492,13.973610877990723,14.341836929321289,13.517525672912598,14.718274116516113,27.292028427124023,14.763121604919434,16.43194580078125,15.49880599975586,21.265296936035156,15.770608901977539,19.03173828125,15.06648063659668,20.40210723876953,15.557485580444336,14.789085388183594,15.592389106750488,24.999439239501953,19.481149673461914,14.74666690826416,14.877524375915527,28.70399284362793,26.481367111206055,17.214492797851562,18.142169952392578,14.7210693359375,14.965511322021484,17.432714462280273,26.100688934326172,17.420162200927734,25.73419189453125,14.807168006896973,15.204258918762207,24.75884246826172,15.479682922363281,25.161663055419922,22.76389503479004,14.934727668762207,14.80182933807373,18.21526336669922,14.560064315795898,14.961721420288086,15.242225646972656,14.044900894165039,15.369235038757324,26.917213439941406,15.098281860351562,14.390256881713867,18.1028995513916,15.559507369995117,27.881601333618164,17.798105239868164,14.961820602416992,22.73788833618164,15.853753089904785,22.176464080810547,22.847658157348633,15.024733543395996,14.70560073852539,14.679633140563965,15.302610397338867,14.592825889587402,16.423559188842773,20.306612014770508,14.943930625915527,14.746105194091797,13.625911712646484,14.6808500289917,15.40969467163086,21.208070755004883,28.48668670654297,28.876956939697266,15.104681015014648
22.23242950439453,4.685953140258789,5.902233600616455,21.73163604736328,5.25884485244751,5.319196701049805,5.430842876434326,5.14414644241333,21.68300437927246,4.315989017486572,5.600038528442383,4.2875800132751465,21.89528465270996,15.970746994018555,4.964670658111572,25.12112808227539,5.931142330169678,21.773143768310547,14.533405303955078,0.19242990016937256,4.103576183319092,4.987450122833252,4.831852912902832,4.420297145843506,4.590999603271484,5.41973876953125,21.927492141723633,4.989350318908691,3.7029409408569336,4.926141262054443,5.052787780761719,5.105004787445068,23.15081787109375,5.733389854431152,6.44766902923584,6.342496871948242,17.303813934326172,5.24143123626709,13.112584114074707,4.8015971183776855,14.096821784973145,9.654876708984375,4.937191963195801,9.587904930114746,20.947866439819336,11.67261791229248,4.484378337860107,5.21150016784668,24.632404327392578,22.509748458862305,8.331709861755371,14.281953811645508,5.959421634674072,5.039673328399658,10.47012710571289,22.112648010253906,10.859268188476562,22.43010711669922,7.003396034240723,4.039642810821533,21.139738082885742,6.305703163146973,21.562881469726562,17.537843704223633,5.743261337280273,4.399355411529541,11.783422470092773,4.536606788635254,4.658907413482666,4.183836936950684,4.293323993682861,4.729527950286865,23.783817291259766,6.168270111083984,5.124422550201416,11.711807250976562,7.4985222816467285,22.995582580566406,11.232583045959473,5.063570499420166,18.108203887939453,10.983086585998535,17.27700424194336,19.905492782592773,4.782242774963379,4.425813674926758,4.594771385192871,3.918181896209717,5.791932106018066,8.17933177947998,12.960836410522461,5.218824863433838,4.25858211517334,5.262847423553467,4.831050395965576,5.614210605621338,16.778644561767578,25.18799591064453,25.647544860839844,4.7446136474609375
21.83571434020996,1.7951455116271973,3.012028455734253,21.432201385498047,2.1065378189086914,2.6693685054779053,1.9074598550796509,3.822174549102783,21.49880027770996,1.5522398948669434,2.5495474338531494,1.3295129537582397,21.622163772583008,15.559102058410645,2.2203071117401123,24.950300216674805,6.907296180725098,21.622756958007812,14.71275806427002,4.103576183319092,0.0,3.979726791381836,1.8961549997329712,1.9770265817642212,1.9085949659347534,2.5273263454437256,21.738645553588867,1.6755160093307495,2.0814907550811768,2.591583013534546,2.908080577850342,2.742978811264038,23.218469619750977,2.758061408996582,4.105655670166016,3.276369571685791,15.67660140991211,3.579822063446045,12.468595504760742,3.5252697467803955,13.946863174438477,7.633136749267578,1.9822020530700684,7.467083930969238,20.393177032470703,10.555789947509766,2.9956471920013428,1.9672526121139526,24.34233283996582,22.16960906982422,6.356166839599609,11.351042747497559,2.7247321605682373,1.9532270431518555,10.571649551391602,22.206254959106445,9.0103178024292,22.375940322875977,4.540314674377441,1.9808717966079712,20.853227615356445,3.644763231277466,21.618423461914062,17.57149314880371,2.7011356353759766,1.7602624893188477,11.370522499084473,1.6311359405517578,2.0905184745788574,2.794654607772827,2.9202704429626465,1.769323706626892,22.93535614013672,3.535823106765747,2.2859416007995605,10.979134559631348,4.896512031555176,22.454763412475586,9.850868225097656,2.326369524002075,18.235692977905273,8.905781745910645,16.596973419189453,19.28933334350586,1.5640007257461548,2.052347421646118,1.4047056436538696,2.3838436603546143,2.847731113433838,6.340212345123291,13.563258171081543,3.8138601779937744,2.201192617416382,3.4958858489990234,2.27492618560791,3.605257511138916,16.060882568359375,25.542930603027344,25.659881591796875,2.6698122024536133
