0.0,29.120582580566406,27.628921508789062,16.997753143310547,27.2130184173584,28.06551742553711,30.319120407104492,27.88294792175293,17.278827667236328,27.93209457397461,29.377378463745117,30.119291305541992,17.627887725830078,31.405256271362305,29.120338439941406,16.678104400634766,28.76780891418457,17.847095489501953,27.811214447021484,29.287885665893555,29.200172424316406,30.420333862304688,29.22532081604004,27.526857376098633,27.635324478149414,28.87495231628418,17.193180084228516,28.96122932434082,29.905672073364258,27.8685359954834,28.853164672851562,29.269460678100586,17.941181182861328,29.352703094482422,30.95621109008789,28.983783721923828,29.106971740722656,30.87529945373535,29.755739212036133,26.712081909179688,28.932497024536133,29.136594772338867,29.653100967407227,29.83773422241211,29.633075714111328,27.836503982543945,28.521400451660156,28.311790466308594,17.44558334350586,16.780635833740234,28.674110412597656,30.06338882446289,28.411951065063477,28.92360496520996,29.020687103271484,16.753679275512695,28.38176155090332,16.905563354492188,29.754446029663086,30.468379974365234,16.948833465576172,27.733579635620117,17.497642517089844,17.110252380371094,30.341096878051758,29.395082473754883,29.94074821472168,27.478361129760742,29.24484634399414,30.803447723388672,29.33839225769043,28.2325496673584,17.35297393798828,30.42758560180664,28.443035125732422,29.485944747924805,28.564577102661133,16.369766235351562,29.15667724609375,28.54581642150879,31.06146812438965,28.54621696472168,28.815690994262695,17.765878677368164,30.745868682861328,29.4887638092041,27.43938446044922,28.797834396362305,27.995193481445312,28.041526794433594,29.38500213623047,29.319704055786133,30.818716049194336,27.59428596496582,29.20777702331543,30.0770206451416,28.773639678955078,18.50895118713379,17.316356658935547,28.695619583129883
29.120582580566406,0.23952671885490417,21.605426788330078,28.139789581298828,21.0595645904541,22.201126098632812,25.433486938476562,22.65380096435547,28.7838134765625,21.862533569335938,24.038442611694336,24.773435592651367,29.537437438964844,26.42085838317871,23.799850463867188,28.990253448486328,23.080820083618164,28.035518646240234,22.207748413085938,23.911396026611328,24.525840759277344,25.62445640563965,23.564350128173828,21.46577262878418,22.43294334411621,23.866771697998047,29.458105087280273,22.93025016784668,24.457767486572266,21.484132766723633,23.286361694335938,23.696325302124023,29.35588264465332,24.6145076751709,26.177602767944336,23.330846786499023,22.868061065673828,25.24348258972168,24.514320373535156,20.686193466186523,23.496971130371094,23.703882217407227,23.95164680480957,24.3061580657959,24.924171447753906,22.182575225830078,23.116443634033203,22.886993408203125,29.22332000732422,26.8997802734375,22.99521827697754,24.430435180664062,22.096134185791016,23.68595314025879,23.37643051147461,29.378915786743164,22.859474182128906,29.472660064697266,24.427698135375977,25.951129913330078,29.168115615844727,21.841869354248047,29.23713493347168,27.998271942138672,25.01934242248535,23.985790252685547,25.075057983398438,21.761320114135742,22.914470672607422,25.49874496459961,23.669342041015625,22.460012435913086,29.689224243164062,25.636606216430664,22.719934463500977,24.983739852905273,23.11444091796875,28.97224998474121,23.836944580078125,22.57876205444336,25.706098556518555,23.192018508911133,23.515480041503906,30.342992782592773,25.757356643676758,24.26519203186035,20.996442794799805,23.018875122070312,22.177976608276367,22.857879638671875,24.459774017333984,23.81724739074707,25.811729431152344,20.874380111694336,24.312835693359375,25.051654815673828,23.240440368652344,29.56239128112793,31.174257278442383,23.070205688476562
27.628921508789062,21.605426788330078,0.7228146195411682,26.62510108947754,19.434764862060547,20.626739501953125,23.901302337646484,20.907421112060547,27.404525756835938,20.052165985107422,22.232444763183594,23.546537399291992,28.01536750793457,25.1424560546875,21.97959327697754,27.507665634155273,21.4749755859375,26.677867889404297,20.75902557373047,22.174907684326172,23.17654800415039,24.271268844604492,21.99404525756836,20.085119247436523,20.751943588256836,22.420427322387695,28.0540714263916,21.715028762817383,23.550270080566406,20.071073532104492,21.435319900512695,21.970672607421875,27.89128303527832,23.058847427368164,25.055866241455078,22.036800384521484,21.140708923339844,24.880550384521484,22.96506690979004,19.29268455505371,22.208391189575195,22.53429412841797,22.446823120117188,23.15764617919922,23.324634552001953,20.8173828125,21.251384735107422,21.586214065551758,27.831661224365234,25.59253692626953,21.345909118652344,23.104721069335938,20.811426162719727,22.3117618560791,22.45427131652832,27.996870040893555,21.354644775390625,27.948345184326172,23.47327995300293,24.25150489807129,27.55664825439453,20.084484100341797,27.70633888244629,26.613420486450195,23.653690338134766,22.344831466674805,23.62807846069336,20.10276985168457,21.970422744750977,23.946306228637695,22.50429916381836,20.887939453125,28.381494522094727,24.232318878173828,21.471311569213867,23.340843200683594,21.600622177124023,27.906187057495117,22.11646270751953,21.50897979736328,24.49201202392578,21.811601638793945,21.99751091003418,29.006868362426758,24.28850746154785,22.651119232177734,19.819849014282227,21.551494598388672,20.778202056884766,21.388408660888672,23.342060089111328,22.288881301879883,24.78473663330078,19.608257293701172,23.03411102294922,23.426273345947266,21.83180809020996,28.277080535888672,29.67814064025879,21.88758659362793
16.997753143310547,28.139789581298828,26.62510108947754,0.7754471898078918,26.12128448486328,27.1337833404541,29.4046630859375,26.944517135620117,16.647768020629883,26.731876373291016,28.523151397705078,28.99987030029297,17.733322143554688,30.705097198486328,28.190322875976562,16.80013084411621,27.64797592163086,18.406200408935547,26.799148559570312,28.251901626586914,28.36747169494629,29.332294464111328,28.06676483154297,26.403945922851562,26.733182907104492,28.02195930480957,17.078332901000977,28.046226501464844,28.86172103881836,26.82552719116211,27.646841049194336,28.097753524780273,17.543251037597656,28.363000869750977,30.14531898498535,28.042072296142578,27.88925552368164,29.972745895385742,28.87041664123535,25.419843673706055,27.948232650756836,28.291013717651367,28.49883270263672,28.81012725830078,28.84032440185547,26.826095581054688,27.54544448852539,27.14997673034668,17.875368118286133,16.391841888427734,27.692502975463867,29.184865951538086,27.34672737121582,28.12481689453125,27.83989143371582,17.011442184448242,27.497028350830078,17.281660079956055,28.882282257080078,29.312217712402344,16.305097579956055,26.494033813476562,17.33505630493164,16.537275314331055,29.26942253112793,28.52654457092285,28.869176864624023,26.478181838989258,28.231359481811523,29.51083755493164,28.389373779296875,27.275522232055664,17.5874080657959,29.613435745239258,27.339963912963867,28.755956649780273,27.58321189880371,16.955522537231445,28.084392547607422,27.537145614624023,30.04616928100586,27.62746810913086,27.93568229675293,18.364885330200195,29.804595947265625,28.191328048706055,26.253469467163086,27.54342269897461,27.051225662231445,27.11923599243164,28.65218162536621,28.4514102935791,29.957490921020508,26.526386260986328,28.155515670776367,29.37300682067871,27.76197052001953,18.80662727355957,18.551513671875,27.59008026123047
27.2130184173584,21.0595645904541,19.434764862060547,26.12128448486328,1.0031688213348389,19.661184310913086,23.54775619506836,20.19594955444336,26.733211517333984,19.254844665527344,21.423791885375977,22.850847244262695,27.60724449157715,24.598060607910156,21.343406677246094,27.049341201782227,20.575908660888672,26.073402404785156,19.63084602355957,21.540319442749023,22.259662628173828,23.56929588317871,21.25240135192871,18.81194496154785,19.615421295166016,21.766786575317383,27.537046432495117,21.055553436279297,22.596418380737305,19.232810974121094,20.997940063476562,21.200965881347656,27.284536361694336,22.61631965637207,24.063322067260742,21.282014846801758,20.621280670166016,23.707517623901367,22.050683975219727,17.887393951416016,21.138713836669922,21.454437255859375,21.670433044433594,22.441335678100586,22.47139549255371,19.841705322265625,20.739334106445312,20.497379302978516,27.20937728881836,24.95195770263672,20.459199905395508,22.257158279418945,19.97551918029785,21.440319061279297,21.360315322875977,27.513607025146484,20.192180633544922,27.598312377929688,22.36212921142578,23.782785415649414,27.201812744140625,19.50661277770996,27.37234878540039,25.99082374572754,22.99317169189453,21.6553955078125,22.81705665588379,19.278894424438477,21.233369827270508,23.353548049926758,21.781394958496094,20.020071029663086,27.93035888671875,23.86052703857422,20.718236923217773,22.458354949951172,21.136911392211914,27.333459854125977,21.409521102905273,20.73843765258789,23.780752182006836,20.747882843017578,21.151512145996094,28.63658332824707,23.767581939697266,22.0192928314209,18.469810485839844,20.66454315185547,19.838701248168945,20.801115036010742,22.385305404663086,21.535764694213867,23.925161361694336,18.88378143310547,22.561025619506836,22.977188110351562,20.943740844726562,27.581844329833984,29.271682739257812,21.196060180664062
28.06551742553711,22.201126098632812,20.626739501953125,27.1337833404541,19.661184310913086,0.0,24.202999114990234,21.43408966064453,27.823284149169922,20.51597023010254,22.62132453918457,23.944480895996094,28.406259536743164,25.308067321777344,22.534181594848633,28.037416458129883,21.57615089416504,27.04422378540039,21.009565353393555,22.646203994750977,23.55197525024414,24.85797119140625,22.505168914794922,19.978561401367188,20.951311111450195,22.975706100463867,28.500879287719727,22.04681968688965,24.018339157104492,20.722509384155273,21.879146575927734,22.50539207458496,28.326541900634766,23.371397018432617,25.235719680786133,22.280799865722656,21.778329849243164,24.649654388427734,23.4029598236084,19.44925308227539,22.51399803161621,22.646209716796875,22.67811393737793,23.665748596191406,23.96393585205078,21.184293746948242,21.843605041503906,21.919475555419922,28.298263549804688,26.107105255126953,22.037376403808594,23.528480529785156,21.312591552734375,23.005046844482422,22.34282684326172,28.43939781188965,21.707767486572266,28.382783889770508,23.690963745117188,24.85413932800293,28.082231521606445,20.657209396362305,28.322372436523438,26.963504791259766,24.35430335998535,22.857166290283203,23.96564292907715,20.742359161376953,22.564664840698242,24.175491333007812,22.794050216674805,21.485525131225586,28.820316314697266,24.574270248413086,21.66206932067871,23.35686683654785,22.063398361206055,28.157577514648438,22.80484390258789,22.02894401550293,24.672216415405273,22.11589813232422,22.282072067260742,29.673789978027344,25.097091674804688,23.138011932373047,20.119768142700195,21.372629165649414,20.938867568969727,21.664533615112305,23.56640625,22.5165958404541,24.955135345458984,20.0660343170166,23.58785057067871,24.416385650634766,22.100669860839844,28.64357566833496,30.335147857666016,22.202503204345703
30.319120407104492,25.433486938476562,23.901302337646484,29.4046630859375,23.54775619506836,24.202999114990234,0.0,24.19556427001953,30.102384567260742,24.326242446899414,26.124774932861328,26.280210494995117,30.552352905273438,27.87541961669922,25.425840377807617,30.245664596557617,25.349687576293945,29.648420333862305,24.291046142578125,25.975446701049805,26.251920700073242,27.219417572021484,25.39550018310547,23.502592086791992,24.346508026123047,25.30447006225586,30.601886749267578,25.20068359375,26.671642303466797,23.802122116088867,25.320446014404297,25.325931549072266,30.579835891723633,26.400175094604492,28.293354034423828,25.357362747192383,25.024211883544922,27.24274253845215,26.00062370300293,22.758384704589844,25.60420799255371,25.36219024658203,26.010496139526367,26.003812789916992,26.734169006347656,24.392520904541016,24.381500244140625,25.03763198852539,30.585529327392578,28.54410171508789,24.899309158325195,26.254064559936523,24.531339645385742,25.667667388916016,25.308578491210938,30.579286575317383,24.66286849975586,30.824262619018555,26.283790588378906,27.343557357788086,30.425390243530273,24.011796951293945,30.59861946105957,29.208162307739258,27.010826110839844,25.87433433532715,26.651330947875977,23.84688377380371,25.40719223022461,27.216032028198242,25.86446762084961,24.641403198242188,30.89942169189453,26.995500564575195,25.165864944458008,26.773527145385742,25.06241226196289,30.42329216003418,25.61721420288086,25.053951263427734,27.5462589263916,25.19923973083496,25.642690658569336,31.60610580444336,27.431106567382812,25.94217300415039,23.222488403320312,24.808406829833984,23.966289520263672,24.885238647460938,26.428028106689453,25.850759506225586,27.607486724853516,23.459197998046875,26.454042434692383,27.188756942749023,25.32725715637207,30.9085750579834,32.4136848449707,25.322370529174805
27.88294792175293,22.65380096435547,20.907421112060547,26.944517135620117,20.19594955444336,21.43408966064453,24.19556427001953,0.0,27.643884658813477,21.039840698242188,22.99607276916504,23.871145248413086,28.478229522705078,25.518596649169922,22.687429428100586,28.005910873413086,22.548391342163086,27.04407501220703,21.642181396484375,22.90436363220215,23.504554748535156,24.824703216552734,22.605175018310547,20.172529220581055,21.139596939086914,23.37056541442871,28.337465286254883,22.569835662841797,23.866823196411133,20.896631240844727,22.535741806030273,22.814292907714844,28.108570098876953,23.879356384277344,25.50322151184082,22.887210845947266,22.269731521606445,25.083789825439453,23.35441017150879,19.865997314453125,22.641132354736328,22.809293746948242,23.28833770751953,23.936429977416992,23.67353057861328,21.280778884887695,21.79480743408203,22.18105697631836,28.133371353149414,25.973751068115234,22.099782943725586,23.72136878967285,21.56327247619629,23.027910232543945,22.66691017150879,28.362228393554688,21.81955337524414,28.481441497802734,24.030654907226562,24.870616912841797,27.98802375793457,20.952739715576172,28.166044235229492,26.948740005493164,24.074676513671875,23.207212448120117,24.020605087280273,20.969097137451172,22.974822998046875,24.723094940185547,23.136030197143555,21.67506217956543,28.777599334716797,24.717830657958984,21.96331214904785,23.848684310913086,22.500282287597656,28.224143981933594,22.74830436706543,22.358829498291016,25.06450653076172,22.317161560058594,22.718481063842773,29.236234664916992,24.995840072631836,23.075220108032227,20.31786346435547,22.058300018310547,21.253787994384766,22.311182022094727,23.649593353271484,22.897781372070312,24.84440803527832,20.15935707092285,23.699241638183594,24.108604431152344,22.33643913269043,28.576568603515625,30.154190063476562,22.54561424255371
17.278827667236328,28.7838134765625,27.404525756835938,16.647768020629883,26.733211517333984,27.823284149169922,30.102384567260742,27.643884658813477,1.0028036832809448,27.593034744262695,29.1622371673584,29.749961853027344,17.6540584564209,31.335866928100586,28.75048065185547,16.23030662536621,28.29665756225586,17.797046661376953,27.452600479125977,28.958389282226562,29.004236221313477,29.850765228271484,28.71875,27.152700424194336,27.471540451049805,28.762060165405273,17.265886306762695,28.722434997558594,29.551132202148438,27.4510498046875,28.43448257446289,29.09467124938965,17.612646102905273,29.264657974243164,30.609060287475586,28.693973541259766,28.745508193969727,30.653440475463867,29.502599716186523,26.437358856201172,28.730533599853516,28.84456443786621,29.287263870239258,29.49039649963379,29.39805793762207,27.56573486328125,28.215133666992188,27.977205276489258,17.368078231811523,16.713279724121094,28.304691314697266,29.834070205688477,28.17354393005371,28.759727478027344,28.577360153198242,17.4648494720459,28.143287658691406,16.77497100830078,29.358745574951172,30.030534744262695,16.000778198242188,27.29517364501953,16.556499481201172,16.44801902770996,30.012847900390625,29.173503875732422,30.00528335571289,27.21376609802246,28.967185974121094,30.321903228759766,28.971473693847656,27.938955307006836,17.634334564208984,30.14276123046875,27.952123641967773,29.26521873474121,28.421594619750977,16.911996841430664,28.90622901916504,28.30575180053711,30.84271812438965,28.630369186401367,28.782384872436523,17.805700302124023,30.27494239807129,28.99801254272461,27.071876525878906,28.207664489746094,27.79467010498047,27.880640029907227,29.47044563293457,29.122865676879883,30.568035125732422,27.32657241821289,29.011432647705078,30.009244918823242,28.621156692504883,18.69297981262207,17.550533294677734,28.618480682373047
27.93209457397461,21.862533569335938,20.052165985107422,26.731876373291016,19.254844665527344,20.51597023010254,24.326242446899414,21.039840698242188,27.593034744262695,0.0,22.154054641723633,23.532806396484375,28.16993522644043,25.106958389282227,22.381742477416992,27.791738510131836,21.321687698364258,26.812955856323242,20.580856323242188,22.279769897460938,23.092830657958984,24.18968963623047,21.92006492614746,19.8076229095459,20.550430297851562,22.438949584960938,27.945354461669922,21.664337158203125,23.42833709716797,19.860414505004883,21.59109878540039,22.42633819580078,27.93805503845215,22.9740047454834,24.624311447143555,21.85296058654785,21.01227378845215,24.310962677001953,23.013519287109375,19.074871063232422,21.943180084228516,22.144180297851562,22.350757598876953,22.908946990966797,23.05431365966797,20.82924461364746,21.433774948120117,21.476219177246094,27.961027145385742,25.65532875061035,21.438833236694336,23.07663917541504,20.77095603942871,22.466707229614258,21.640703201293945,28.2844295501709,21.005239486694336,28.160614013671875,23.233850479125977,24.314579010009766,27.869304656982422,20.12112045288086,27.907548904418945,26.5518798828125,23.839876174926758,22.22213363647461,23.597393035888672,19.99786949157715,21.764867782592773,24.1920108795166,22.31453514099121,20.69469451904297,28.467796325683594,24.157527923583984,21.539770126342773,23.0743350982666,21.529157638549805,27.96186637878418,22.017234802246094,21.399730682373047,24.348176956176758,21.707632064819336,21.909147262573242,29.317237854003906,24.508474349975586,22.290145874023438,19.495473861694336,20.87233543395996,20.4969425201416,21.48752212524414,23.10079002380371,22.227676391601562,24.6524715423584,19.604530334472656,23.10645866394043,23.537506103515625,21.863515853881836,28.482053756713867,29.88043212890625,21.801671981811523
29.377378463745117,24.038442611694336,22.232444763183594,28.523151397705078,21.423791885375977,22.62132453918457,26.124774932861328,22.99607276916504,29.1622371673584,22.154054641723633,0.9806476831436157,25.123493194580078,29.78887176513672,26.893707275390625,24.531536102294922,29.532323837280273,23.699609756469727,28.42973518371582,22.61170768737793,24.501792907714844,25.040748596191406,26.09287452697754,24.085966110229492,22.03489875793457,22.829814910888672,24.356172561645508,29.83368682861328,24.08533477783203,24.909175872802734,22.445999145507812,24.008113861083984,24.338584899902344,29.752967834472656,25.30746078491211,26.054353713989258,23.883468627929688,23.324966430664062,26.37851333618164,25.01668930053711,21.468021392822266,24.0092830657959,24.412376403808594,24.575233459472656,25.162466049194336,25.69369888305664,22.934555053710938,23.038785934448242,23.59353256225586,29.572704315185547,27.580766677856445,23.509218215942383,24.964834213256836,22.99860191345215,24.1809139251709,24.02034568786621,29.926759719848633,23.21782112121582,29.757862091064453,25.27675437927246,26.471179962158203,29.449085235595703,22.603187561035156,29.876638412475586,28.385637283325195,25.87856674194336,24.480485916137695,25.274333953857422,22.22671127319336,23.947620391845703,26.004240036010742,24.658226013183594,22.946678161621094,29.99468994140625,26.28276824951172,23.241479873657227,25.294443130493164,23.774078369140625,29.602970123291016,24.050657272338867,23.656688690185547,26.3931827545166,23.706466674804688,23.94119644165039,30.714340209960938,26.544584274291992,24.669187545776367,21.86581039428711,23.495744705200195,22.57039451599121,23.291027069091797,25.330289840698242,24.487136840820312,26.384037017822266,21.806156158447266,24.813867568969727,25.718873977661133,23.95380973815918,30.045682907104492,31.61355209350586,23.945056915283203
30.119291305541992,24.773435592651367,23.546537399291992,28.99987030029297,22.850847244262695,23.944480895996094,26.280210494995117,23.871145248413086,29.749961853027344,23.532806396484375,25.123493194580078,0.578125,29.967121124267578,27.35989761352539,25.00275421142578,30.13120460510254,24.725662231445312,29.104265213012695,23.74690055847168,24.979459762573242,25.799108505249023,26.831045150756836,24.813365936279297,23.157699584960938,23.67381477355957,25.027875900268555,30.25672149658203,24.805644989013672,26.159591674804688,23.42379379272461,24.842702865600586,24.697185516357422,30.345476150512695,25.89813995361328,27.421024322509766,25.198333740234375,24.288589477539062,26.87978744506836,25.86336898803711,22.543458938598633,24.705219268798828,25.235313415527344,25.519193649291992,25.526023864746094,26.1335391998291,23.858234405517578,24.009376525878906,24.418861389160156,30.301931381225586,28.118175506591797,24.56391143798828,26.555294036865234,23.9263858795166,25.014238357543945,24.96544075012207,30.305316925048828,24.092315673828125,30.378828048706055,25.50453758239746,26.79798698425293,30.087011337280273,23.348251342773438,30.054885864257812,29.032344818115234,26.644908905029297,25.667057037353516,26.09916114807129,23.478593826293945,24.421119689941406,26.67267608642578,25.277368545532227,24.066730499267578,30.656837463378906,26.805160522460938,24.41535186767578,26.33521270751953,24.503084182739258,30.209558486938477,24.914443969726562,24.409866333007812,27.48744010925293,24.683380126953125,24.768686294555664,31.18878936767578,26.725934982299805,25.115694046020508,22.80183219909668,24.453718185424805,23.46122169494629,24.570396423339844,25.82750129699707,25.343595504760742,27.15073013305664,23.029298782348633,25.813852310180664,26.637224197387695,24.80584716796875,30.302656173706055,32.003204345703125,24.93264389038086
17.627887725830078,29.537437438964844,28.01536750793457,17.733322143554688,27.60724449157715,28.406259536743164,30.552352905273438,28.478229522705078,17.6540584564209,28.16993522644043,29.78887176513672,29.967121124267578,0.8658844232559204,31.81430435180664,29.452924728393555,17.72136688232422,28.92296600341797,19.034130096435547,28.098464965820312,29.55846405029297,29.612573623657227,30.769187927246094,29.355567932128906,27.801918029785156,28.02252960205078,29.458093643188477,17.963483810424805,29.11744499206543,30.28292465209961,28.268329620361328,29.108800888061523,29.47127342224121,18.189104080200195,29.76636505126953,31.212215423583984,29.427108764648438,29.160573959350586,31.101638793945312,30.069826126098633,26.939558029174805,29.37343406677246,29.541126251220703,29.82415008544922,30.034557342529297,30.082584381103516,28.15091896057129,28.860698699951172,28.530628204345703,18.222930908203125,16.893266677856445,28.8249454498291,30.4221248626709,28.79398536682129,29.025421142578125,29.14033317565918,17.24980926513672,28.683502197265625,18.273509979248047,29.87031364440918,30.78365135192871,17.134305953979492,28.027135848999023,17.10652732849121,17.148263931274414,30.485349655151367,29.732704162597656,30.507089614868164,27.94329261779785,29.4200496673584,30.86703872680664,29.457387924194336,28.635698318481445,18.22949981689453,30.622005462646484,28.614702224731445,29.79666519165039,29.081031799316406,17.523832321166992,29.405139923095703,29.01804542541504,31.3503360748291,28.781513214111328,29.265705108642578,18.71051788330078,31.04770278930664,29.630413055419922,27.506715774536133,28.941104888916016,28.449020385742188,28.600940704345703,29.917116165161133,29.98740577697754,31.205196380615234,27.951839447021484,29.347238540649414,30.28169059753418,29.095670700073242,19.702444076538086,18.252113342285156,29.083356857299805
31.405256271362305,26.42085838317871,25.1424560546875,30.705097198486328,24.598060607910156,25.308067321777344,27.87541961669922,25.518596649169922,31.335866928100586,25.106958389282227,26.893707275390625,27.35989761352539,31.81430435180664,0.0,25.972265243530273,31.568870544433594,26.088659286499023,30.687089920043945,25.545808792114258,26.624706268310547,27.459514617919922,28.44193458557129,26.6121826171875,24.859365463256836,24.878219604492188,27.001583099365234,31.76847267150879,25.84295654296875,27.701499938964844,25.213638305664062,26.503307342529297,26.7098388671875,31.778783798217773,27.376890182495117,28.843183517456055,26.52387809753418,26.032365798950195,28.040050506591797,27.26409339904785,24.163196563720703,26.579530715942383,26.8587703704834,26.970773696899414,27.379009246826172,27.85777473449707,25.589319229125977,25.91373634338379,26.061573028564453,31.61200714111328,29.731826782226562,26.145526885986328,27.468135833740234,25.57282257080078,26.759960174560547,26.48251724243164,31.884531021118164,25.91063690185547,32.00069808959961,27.703134536743164,28.35430335998535,31.53362464904785,25.237499237060547,31.786102294921875,30.604766845703125,28.011150360107422,27.022686004638672,27.836002349853516,24.85470962524414,26.60456657409668,28.17822265625,26.830181121826172,25.57444953918457,32.28147888183594,28.087474822998047,26.106836318969727,27.541446685791016,26.385847091674805,31.412750244140625,26.65279197692871,26.260591506958008,28.69614028930664,26.39449691772461,26.301883697509766,32.692325592041016,28.2874698638916,26.80571174621582,24.42782211303711,25.877853393554688,25.10258674621582,26.030153274536133,27.488571166992188,26.797134399414062,28.464624404907227,24.634931564331055,27.314891815185547,27.732223510742188,26.21359634399414,31.96860694885254,33.39459991455078,26.430461883544922
29.120338439941406,23.799850463867188,21.97959327697754,28.190322875976562,21.343406677246094,22.534181594848633,25.425840377807617,22.687429428100586,28.75048065185547,22.381742477416992,24.531536102294922,25.00275421142578,29.452924728393555,25.972265243530273,0.5430670976638794,28.925580978393555,23.171688079833984,27.974369049072266,22.506080627441406,24.28207015991211,24.901391983032227,25.854503631591797,23.949195861816406,21.698057174682617,22.40062713623047,24.112472534179688,29.324913024902344,23.320573806762695,25.2773380279541,21.97331428527832,23.53800392150879,23.739538192749023,29.274608612060547,24.68485450744629,26.311674118041992,23.8454647064209,23.132831573486328,25.814050674438477,24.522693634033203,21.1739501953125,23.819347381591797,24.226520538330078,24.425928115844727,24.7252140045166,24.988435745239258,22.649066925048828,23.192848205566406,23.286067962646484,29.297136306762695,27.207029342651367,23.202835083007812,24.77662467956543,22.760921478271484,24.153409957885742,24.035181045532227,29.509471893310547,22.685670852661133,29.29949378967285,24.763879776000977,25.886178970336914,29.228458404541016,22.06536865234375,29.24024772644043,28.128305435180664,25.480653762817383,24.37813949584961,25.17874526977539,22.333887100219727,23.98814582824707,25.728302001953125,24.091211318969727,22.766101837158203,29.759984970092773,25.75701904296875,23.117433547973633,24.88443946838379,23.734420776367188,29.124351501464844,24.070560455322266,23.30744171142578,26.224340438842773,23.416641235351562,23.44063949584961,30.38646697998047,25.667591094970703,23.954225540161133,21.600215911865234,23.2591552734375,22.46538734436035,23.310138702392578,24.896127700805664,24.187726974487305,25.997825622558594,21.740131378173828,24.73377799987793,25.332351684570312,23.44577980041504,29.391357421875,31.2177791595459,23.957660675048828
16.678104400634766,28.990253448486328,27.507665634155273,16.80013084411621,27.049341201782227,28.037416458129883,30.245664596557617,28.005910873413086,16.23030662536621,27.791738510131836,29.532323837280273,30.13120460510254,17.72136688232422,31.568870544433594,28.925580978393555,0.8156489729881287,28.51634407043457,17.727279663085938,27.60942268371582,29.18109893798828,29.099464416503906,30.26115608215332,29.111291885375977,27.438304901123047,27.555692672729492,28.934751510620117,17.126739501953125,28.724252700805664,29.655502319335938,27.567399978637695,28.663101196289062,29.158222198486328,18.14988136291504,29.268321990966797,30.79041862487793,28.83551025390625,28.91063117980957,30.859521865844727,29.742692947387695,26.533201217651367,28.900205612182617,29.12566566467285,29.475317001342773,29.523866653442383,29.53989028930664,27.552465438842773,28.589387893676758,28.007699966430664,17.7933292388916,16.621938705444336,28.58584976196289,29.974571228027344,28.13614273071289,29.060253143310547,28.91265296936035,16.65970802307129,28.121768951416016,16.80319595336914,29.533655166625977,30.255523681640625,16.56359100341797,27.35054588317871,16.115209579467773,16.416597366333008,29.940378189086914,29.278226852416992,30.017335891723633,27.483884811401367,28.875198364257812,30.466001510620117,29.161693572998047,28.163942337036133,17.373342514038086,30.44658851623535,28.186832427978516,29.582033157348633,28.658308029174805,16.769819259643555,29.048343658447266,28.477191925048828,31.059200286865234,28.615814208984375,28.8521671295166,17.238773345947266,30.416950225830078,29.129213333129883,27.18381118774414,28.500247955322266,27.87591552734375,28.08548355102539,29.512510299682617,29.349355697631836,30.8373966217041,27.452707290649414,29.241594314575195,30.135498046875,28.730745315551758,18.699241638183594,17.377458572387695,28.607255935668945
28.76780891418457,23.080820083618164,21.4749755859375,27.64797592163086,20.575908660888672,21.57615089416504,25.349687576293945,22.548391342163086,28.29665756225586,21.321687698364258,23.699609756469727,24.725662231445312,28.92296600341797,26.088659286499023,23.171688079833984,28.51634407043457,0.9672366976737976,27.387117385864258,21.759925842285156,23.512033462524414,24.042768478393555,25.37640953063965,23.166648864746094,21.007938385009766,21.829450607299805,23.631479263305664,28.851591110229492,22.447444915771484,24.727914810180664,21.255708694458008,22.626144409179688,23.372501373291016,28.710296630859375,24.101560592651367,25.91899299621582,23.388774871826172,22.13033676147461,25.532363891601562,24.458696365356445,20.33168601989746,22.971235275268555,23.484182357788086,23.845888137817383,24.26059913635254,24.381921768188477,22.034765243530273,22.69075584411621,22.31187629699707,28.801061630249023,26.704708099365234,22.800966262817383,24.353260040283203,22.034564971923828,23.38163185119629,23.082429885864258,28.894241333007812,22.674747467041016,29.001317977905273,24.222787857055664,25.45549964904785,28.6954345703125,21.406423568725586,28.855220794677734,27.477622985839844,24.856590270996094,23.796457290649414,24.858829498291016,21.330469131469727,23.114213943481445,24.81283950805664,23.628419876098633,22.11541175842285,29.22820472717285,25.26710319519043,22.217239379882812,24.350034713745117,22.87928009033203,28.79276466369629,23.23931884765625,22.630491256713867,25.418432235717773,22.918119430541992,22.634126663208008,29.783058166503906,25.467206954956055,23.646085739135742,20.76898765563965,22.755014419555664,21.972091674804688,22.730161666870117,24.091875076293945,23.05632209777832,25.514108657836914,21.12582015991211,24.185022354125977,24.95940589904785,23.10282325744629,29.142990112304688,30.655393600463867,23.235698699951172
17.847095489501953,28.035518646240234,26.677867889404297,18.406200408935547,26.073402404785156,27.04422378540039,29.648420333862305,27.04407501220703,17.797046661376953,26.812955856323242,28.42973518371582,29.104265213012695,19.034130096435547,30.687089920043945,27.974369049072266,17.727279663085938,27.387117385864258,0.6842964887619019,26.8201904296875,28.37931251525879,28.18993377685547,29.274017333984375,28.14735221862793,26.410640716552734,26.56417465209961,27.909713745117188,18.855533599853516,27.71686553955078,28.80153465270996,26.576955795288086,27.601425170898438,28.15207290649414,18.682636260986328,28.284400939941406,29.97137451171875,27.95877456665039,28.096391677856445,29.8134765625,28.575891494750977,25.531923294067383,27.91305923461914,28.20549964904785,28.510751724243164,28.79350471496582,28.339563369750977,26.557043075561523,27.383007049560547,27.387025833129883,18.528505325317383,17.448484420776367,27.38405990600586,29.035673141479492,27.209148406982422,27.943260192871094,27.99955177307129,18.315216064453125,27.237295150756836,17.661407470703125,28.756694793701172,29.655908584594727,18.085655212402344,26.573402404785156,18.61133575439453,17.13729476928711,29.229713439941406,28.200178146362305,29.10919189453125,26.39263153076172,28.218172073364258,29.71826934814453,28.270448684692383,27.176822662353516,17.870868682861328,29.43202781677246,27.000606536865234,28.56991195678711,27.5147705078125,17.772058486938477,28.06018829345703,27.50989532470703,29.920141220092773,27.683258056640625,27.88737678527832,18.778156280517578,29.617128372192383,28.328826904296875,26.18098258972168,27.52484893798828,27.064395904541016,27.014163970947266,28.4894962310791,28.517822265625,29.936798095703125,26.342119216918945,28.424022674560547,29.28484535217285,27.888456344604492,19.560287475585938,19.0535831451416,27.71040916442871
27.811214447021484,22.207748413085938,20.75902557373047,26.799148559570312,19.63084602355957,21.009565353393555,24.291046142578125,21.642181396484375,27.452600479125977,20.580856323242188,22.61170768737793,23.74690055847168,28.098464965820312,25.545808792114258,22.506080627441406,27.60942268371582,21.759925842285156,26.8201904296875,0.8598010540008545,22.34833335876465,23.430091857910156,24.2220516204834,22.325801849365234,20.26453399658203,20.71581268310547,22.834043502807617,27.992687225341797,22.002782821655273,23.73577308654785,20.482608795166016,22.276538848876953,22.318653106689453,28.00363540649414,23.482524871826172,24.848161697387695,22.26588249206543,21.61336898803711,24.978872299194336,23.165067672729492,19.39864730834961,22.396392822265625,22.526498794555664,22.899240493774414,23.415191650390625,23.702800750732422,20.847362518310547,21.965688705444336,21.667987823486328,27.901796340942383,25.710649490356445,21.71907615661621,23.413482666015625,21.340721130371094,22.225727081298828,22.376489639282227,28.058202743530273,21.541954040527344,28.194820404052734,23.369693756103516,24.604806900024414,27.87209129333496,20.639739990234375,27.969280242919922,26.778654098510742,23.942970275878906,22.722537994384766,23.7480525970459,20.590065002441406,22.288639068603516,24.155839920043945,22.725584030151367,21.0886287689209,28.49481201171875,24.662734985351562,21.611326217651367,23.4490909576416,22.14459800720215,27.846534729003906,22.39659881591797,22.05214500427246,24.615127563476562,21.746021270751953,21.953353881835938,28.98738670349121,25.019441604614258,23.054553985595703,19.812971115112305,21.741989135742188,20.7667293548584,21.78095817565918,23.259122848510742,22.70797348022461,24.458036422729492,20.034799575805664,23.244539260864258,24.015228271484375,21.799428939819336,28.35129165649414,29.690082550048828,22.210100173950195
29.287885665893555,23.911396026611328,22.174907684326172,28.251901626586914,21.540319442749023,22.646203994750977,25.975446701049805,22.90436363220215,28.958389282226562,22.279769897460938,24.501792907714844,24.979459762573242,29.55846405029297,26.624706268310547,24.28207015991211,29.18109893798828,23.512033462524414,28.37931251525879,22.34833335876465,0.5810735821723938,24.729167938232422,25.85146713256836,24.02426528930664,21.929874420166016,22.69234275817871,24.269432067871094,29.411771774291992,23.898405075073242,25.280115127563477,22.343242645263672,23.8469295501709,23.9588680267334,29.357025146484375,24.936193466186523,25.985431671142578,23.81657600402832,23.29661750793457,26.05478858947754,25.052133560180664,21.104684829711914,24.009666442871094,24.461444854736328,24.695390701293945,24.9340877532959,24.801162719726562,22.69722557067871,23.213592529296875,23.586164474487305,29.334253311157227,27.379352569580078,23.437665939331055,24.893543243408203,23.006877899169922,24.24298095703125,23.937740325927734,29.598033905029297,23.069719314575195,29.590457916259766,24.916358947753906,26.258480072021484,29.18602180480957,22.229087829589844,29.28270721435547,28.304597854614258,25.545326232910156,24.400772094726562,25.13333511352539,22.463699340820312,23.974565505981445,25.628034591674805,24.38385772705078,22.88262939453125,29.903682708740234,25.85426139831543,23.262544631958008,25.211322784423828,23.800813674926758,29.16982078552246,24.46729278564453,23.671545028686523,26.231773376464844,23.709896087646484,23.73944091796875,30.53809928894043,26.070049285888672,24.393192291259766,21.646608352661133,23.576520919799805,22.658641815185547,23.547605514526367,24.666000366210938,24.122278213500977,26.33985710144043,21.83481216430664,24.584476470947266,25.343175888061523,23.467376708984375,29.68280601501465,31.226036071777344,23.754512786865234
29.200172424316406,24.525840759277344,23.17654800415039,28.36747169494629,22.259662628173828,23.55197525024414,26.251920700073242,23.504554748535156,29.004236221313477,23.092830657958984,25.040748596191406,25.799108505249023,29.612573623657227,27.459514617919922,24.901391983032227,29.099464416503906,24.042768478393555,28.18993377685547,23.430091857910156,24.729167938232422,0.5215100049972534,25.830970764160156,25.17354393005371,22.65960121154785,23.178333282470703,24.82839584350586,29.508825302124023,24.41567039489746,25.685123443603516,22.97557830810547,24.322500228881836,24.6468505859375,29.413564682006836,25.4438533782959,26.91045570373535,24.77469825744629,24.122955322265625,26.664785385131836,25.480379104614258,21.931528091430664,24.531230926513672,24.79117774963379,25.02501106262207,25.50806999206543,25.406753540039062,23.274621963500977,23.9255428314209,24.16591453552246,29.310823440551758,27.372859954833984,24.034536361694336,25.365554809570312,23.903615951538086,24.546178817749023,24.572660446166992,29.455650329589844,23.68605613708496,29.614456176757812,25.69802474975586,26.642595291137695,29.375957489013672,23.187957763671875,29.42128562927246,28.24688720703125,25.9867000579834,25.19767951965332,25.81496810913086,23.027700424194336,24.698732376098633,26.275503158569336,24.79391098022461,23.392738342285156,29.96944808959961,26.46759796142578,23.678443908691406,25.717330932617188,24.383047103881836,29.42340660095215,24.5174617767334,24.278825759887695,26.423856735229492,24.10746192932129,24.64240837097168,30.454015731811523,26.71782684326172,25.326215744018555,22.344755172729492,24.08828353881836,23.34747886657715,24.19438362121582,25.30583953857422,25.31580352783203,26.48565673828125,22.45772361755371,25.633968353271484,25.98785972595215,24.316511154174805,29.85686492919922,31.094131469726562,24.506988525390625
