0.0,26.463197708129883,27.915695190429688,18.443904876708984,26.30462074279785,27.108388900756836,26.816791534423828,26.81350326538086,19.877992630004883,27.200332641601562,26.033002853393555,26.983959197998047,20.170982360839844,26.641704559326172,26.331403732299805,21.57124137878418,27.73594856262207,19.49995231628418,27.0917911529541,27.20081901550293,27.29091453552246,26.602397918701172,26.885705947875977,27.612668991088867,28.387733459472656,27.193483352661133,18.42473602294922,27.40519905090332,27.77663230895996,26.866771697998047,28.154930114746094,27.503131866455078,19.139896392822266,27.892362594604492,27.924468994140625,26.979307174682617,28.183006286621094,30.24431037902832,27.638229370117188,25.780134201049805,26.80034828186035,26.913267135620117,29.133914947509766,28.833694458007812,28.21360969543457,29.076757431030273,31.145126342773438,28.004432678222656,19.238554000854492,18.91079330444336,25.70687484741211,27.469844818115234,26.66756820678711,26.32728385925293,29.499555587768555,19.51527214050293,27.848539352416992,19.475069046020508,26.56645965576172,27.43636703491211,19.513959884643555,26.263431549072266,19.385147094726562,18.106842041015625,26.270925521850586,26.65457534790039,28.025938034057617,26.492549896240234,26.344829559326172,28.64109992980957,26.60123634338379,26.755313873291016,19.81273651123047,27.662879943847656,27.006391525268555,27.362436294555664,27.669145584106445,19.71124267578125,26.961715698242188,26.14206886291504,29.908065795898438,26.69725227355957,28.349334716796875,19.080217361450195,27.11264419555664,27.78082847595215,25.905405044555664,27.543596267700195,26.330602645874023,28.73853874206543,27.565332412719727,27.623685836791992,27.85782814025879,26.908416748046875,28.69007682800293,27.507854461669922,28.14812660217285,20.719951629638672,19.297069549560547,26.153766632080078
26.463197708129883,0.0820777416229248,16.24640655517578,26.74915313720703,14.118888854980469,15.248698234558105,14.494447708129883,15.561988830566406,28.12979507446289,15.489748001098633,13.206836700439453,14.478734016418457,27.282197952270508,14.677715301513672,13.573153495788574,29.335832595825195,16.89544105529785,25.40379524230957,16.289461135864258,15.534018516540527,15.382555961608887,15.336919784545898,14.80985164642334,15.172788619995117,18.35378074645996,15.609004974365234,26.805397033691406,15.988110542297363,16.17017936706543,14.450458526611328,16.738723754882812,15.258655548095703,27.753141403198242,16.180667877197266,16.382795333862305,14.28079605102539,16.945785522460938,20.542362213134766,15.954044342041016,13.39761734008789,14.476336479187012,14.279417037963867,17.626623153686523,17.91826629638672,16.794849395751953,17.547855377197266,21.8359375,16.811342239379883,27.690044403076172,28.15804100036621,13.029702186584473,15.698822021484375,14.724523544311523,13.427339553833008,18.892309188842773,27.57613754272461,15.978816986083984,27.419591903686523,14.080985069274902,16.238786697387695,27.54680824279785,13.892340660095215,27.04352569580078,25.875764846801758,14.486210823059082,14.513884544372559,16.966636657714844,14.468683242797852,14.045561790466309,17.23877716064453,13.947389602661133,14.09717845916748,28.39633560180664,16.690732955932617,14.545470237731934,15.853229522705078,16.236499786376953,26.9737491607666,14.832012176513672,13.447417259216309,20.275869369506836,14.747546195983887,18.492618560791016,26.253131866455078,15.975444793701172,16.593307495117188,12.745660781860352,15.823664665222168,14.290818214416504,18.089733123779297,16.11109161376953,15.80081558227539,16.588348388671875,14.70185661315918,17.855873107910156,15.41256046295166,17.618900299072266,28.290311813354492,27.46193504333496,13.86331558227539
27.915695190429688,16.24640655517578,0.4060809314250946,28.17754554748535,16.23471450805664,17.515644073486328,16.7559814453125,17.358333587646484,29.23216438293457,17.556682586669922,15.408662796020508,16.556488037109375,28.430994033813477,16.60527801513672,15.860448837280273,30.356388092041016,18.5628604888916,26.639205932617188,18.130144119262695,17.44727325439453,17.26752281188965,17.21971893310547,16.833677291870117,17.071367263793945,19.79456329345703,17.454368591308594,28.184799194335938,17.884159088134766,18.108715057373047,16.332809448242188,18.110877990722656,17.175443649291992,29.053321838378906,17.853931427001953,18.05950927734375,16.107255935668945,18.982650756835938,22.11530876159668,17.743650436401367,15.681985855102539,16.830732345581055,16.455036163330078,19.135875701904297,19.577396392822266,18.38266372680664,19.245960235595703,23.29561996459961,18.707260131835938,28.699522018432617,29.325767517089844,15.39797306060791,17.78073501586914,16.781970977783203,15.650708198547363,20.708921432495117,28.900409698486328,17.92041015625,28.610218048095703,16.239593505859375,17.836774826049805,28.927602767944336,15.91585922241211,28.40801239013672,27.11311149597168,16.39630699157715,16.606428146362305,18.710636138916016,16.176462173461914,16.270692825317383,18.93051528930664,16.18999481201172,16.120206832885742,29.508106231689453,18.760662078857422,16.706186294555664,17.60944175720215,17.73109245300293,28.175947189331055,16.840124130249023,15.54934024810791,21.808212280273438,16.786270141601562,20.038280487060547,27.56991195678711,17.66555404663086,18.141651153564453,15.074313163757324,17.70424461364746,16.23291778564453,19.845516204833984,17.976871490478516,17.890100479125977,18.675325393676758,16.849040985107422,19.797964096069336,17.258895874023438,19.23671531677246,29.549137115478516,28.66747283935547,16.15025520324707
18.443904876708984,26.74915313720703,28.17754554748535,0.0,26.48446273803711,27.246755599975586,26.84484100341797,26.851036071777344,18.509002685546875,27.478425979614258,26.0858211517334,26.96299171447754,20.032367706298828,26.72977638244629,26.34613037109375,20.524702072143555,27.657609939575195,18.592578887939453,26.986572265625,27.091150283813477,27.30391502380371,26.730859756469727,26.984573364257812,27.745254516601562,28.49558448791504,27.227325439453125,17.914920806884766,27.442413330078125,28.015445709228516,26.735666275024414,28.19980239868164,27.89222526550293,18.107688903808594,27.932104110717773,28.078168869018555,27.184478759765625,28.325284957885742,30.212392807006836,27.740774154663086,26.09270477294922,26.90617561340332,27.307397842407227,29.333271026611328,28.859878540039062,28.078346252441406,28.89201545715332,31.255399703979492,28.173595428466797,18.106678009033203,18.483688354492188,25.815631866455078,27.78083038330078,26.784074783325195,26.47412872314453,29.278444290161133,18.846214294433594,28.025821685791016,18.44093132019043,26.48904800415039,27.61802101135254,18.825414657592773,26.50429916381836,18.341815948486328,17.510744094848633,26.528038024902344,26.70319366455078,28.344812393188477,26.600481033325195,26.524744033813477,28.746797561645508,26.97920799255371,26.95049285888672,19.09820556640625,27.71719741821289,26.966379165649414,27.241910934448242,27.55644989013672,18.27462387084961,26.998044967651367,26.423490524291992,30.17428970336914,26.984020233154297,28.442861557006836,18.972768783569336,27.546709060668945,28.0383243560791,25.991357803344727,27.836090087890625,26.58078384399414,28.725019454956055,27.453182220458984,27.46997833251953,28.257768630981445,26.943843841552734,28.776226043701172,27.6347713470459,28.243671417236328,19.402475357055664,18.886770248413086,26.63322639465332
26.30462074279785,14.118888854980469,16.23471450805664,26.48446273803711,0.0,15.406598091125488,14.562731742858887,15.649055480957031,27.755510330200195,15.848587989807129,13.23565673828125,14.573347091674805,26.91165542602539,14.725651741027832,13.670110702514648,29.131362915039062,16.4818115234375,25.246692657470703,16.318256378173828,15.573877334594727,15.382408142089844,15.05528736114502,14.916516304016113,15.131741523742676,18.202301025390625,15.54806137084961,26.676485061645508,15.857572555541992,16.141019821166992,14.481710433959961,16.6025333404541,15.078615188598633,27.60960578918457,16.26038932800293,16.298702239990234,14.432472229003906,17.0457763671875,20.80699348449707,15.980317115783691,13.47176456451416,14.564188957214355,14.216804504394531,17.600446701049805,17.850744247436523,16.600601196289062,17.490514755249023,22.069246292114258,16.963634490966797,27.405010223388672,27.962125778198242,13.099946022033691,15.797232627868652,14.661345481872559,13.622413635253906,19.006567001342773,27.36458396911621,16.04079818725586,27.09640884399414,14.04006576538086,16.203794479370117,27.394271850585938,13.825286865234375,26.915102005004883,25.77828025817871,14.364134788513184,14.601723670959473,16.920818328857422,14.364774703979492,14.1194486618042,17.18096351623535,13.966946601867676,14.110629081726074,27.99553680419922,16.721879959106445,15.04299259185791,15.902833938598633,16.160934448242188,26.810394287109375,14.907504081726074,13.614171028137207,20.14221954345703,14.734477996826172,18.55885124206543,26.14090919494629,15.820884704589844,16.295137405395508,12.69308853149414,15.637977600097656,14.258740425109863,18.330997467041016,16.282896041870117,16.07914924621582,16.707029342651367,14.710055351257324,18.068849563598633,15.611651420593262,17.457042694091797,27.9487361907959,27.395092010498047,14.1803617477417
27.108388900756836,15.248698234558105,17.515644073486328,27.246755599975586,15.406598091125488,0.0,15.517576217651367,16.57644271850586,28.54832649230957,16.621057510375977,14.4580659866333,15.612791061401367,27.74232292175293,15.82901382446289,14.902695655822754,29.749414443969727,17.85085678100586,25.867273330688477,17.183908462524414,16.5876522064209,16.67779541015625,16.36430549621582,15.935211181640625,16.27094078063965,19.097013473510742,16.499338150024414,27.17369842529297,17.014184951782227,17.317407608032227,15.569912910461426,17.837913513183594,16.342008590698242,28.122217178344727,17.228206634521484,17.288427352905273,15.3944673538208,18.240543365478516,21.41602897644043,17.235475540161133,14.730201721191406,15.825572967529297,15.444063186645508,18.29150390625,18.970211029052734,17.702857971191406,18.6845703125,22.68874740600586,17.86581039428711,27.972702026367188,28.54488182067871,14.362980842590332,16.922542572021484,16.030147552490234,14.746845245361328,19.86175537109375,28.077617645263672,16.976383209228516,27.738557815551758,15.106180191040039,17.118648529052734,28.232397079467773,15.22201156616211,27.419574737548828,26.337276458740234,15.770172119140625,15.755942344665527,17.91061019897461,15.53860855102539,15.302481651306152,18.14797592163086,15.165698051452637,15.36610221862793,28.61843490600586,17.477827072143555,15.779152870178223,16.989850997924805,17.344871520996094,27.221696853637695,15.838920593261719,14.51744270324707,20.9498348236084,15.896183967590332,19.321626663208008,26.77569007873535,16.84334373474121,17.236120223999023,14.012219429016113,16.648136138916016,15.36625862121582,19.268022537231445,17.409032821655273,16.866294860839844,17.4522705078125,15.913703918457031,19.04294776916504,16.6955623626709,18.358001708984375,28.589757919311523,27.86605453491211,15.146903038024902
26.816791534423828,14.494447708129883,16.7559814453125,26.84484100341797,14.562731742858887,15.517576217651367,0.0,15.616425514221191,28.07089614868164,15.8975191116333,13.628830909729004,14.89409351348877,27.38334083557129,14.826362609863281,13.926407814025879,29.4312686920166,17.0733585357666,25.717985153198242,15.946185111999512,15.910978317260742,15.738404273986816,15.321229934692383,14.992691040039062,15.108973503112793,18.621482849121094,15.503976821899414,27.002933502197266,16.218730926513672,16.39043617248535,14.587567329406738,16.781017303466797,15.485885620117188,27.910144805908203,16.476078033447266,16.711227416992188,14.553923606872559,17.291587829589844,21.01689338684082,16.280263900756836,13.744329452514648,14.948379516601562,14.493398666381836,17.676185607910156,18.19562530517578,16.975570678710938,17.733867645263672,22.355012893676758,17.461502075195312,27.773075103759766,28.555908203125,13.409661293029785,16.07142448425293,14.881452560424805,13.663702964782715,19.312408447265625,27.85009765625,16.392654418945312,27.41154670715332,14.214494705200195,16.504837036132812,27.799785614013672,14.35958194732666,27.20842170715332,26.037921905517578,14.700055122375488,14.889070510864258,17.131319046020508,14.768294334411621,14.074676513671875,17.204490661621094,14.29764175415039,14.36994743347168,28.324926376342773,16.83603286743164,15.093377113342285,16.052295684814453,16.323007583618164,27.073091506958008,15.150663375854492,13.795883178710938,20.322311401367188,15.193593978881836,18.79366111755371,26.422924041748047,16.361886978149414,16.556827545166016,13.089177131652832,15.959765434265137,14.603644371032715,18.5266170501709,16.45889663696289,16.2568302154541,16.897523880004883,15.100544929504395,18.143577575683594,15.937431335449219,17.855327606201172,28.586511611938477,27.687274932861328,14.448846817016602
26.81350326538086,15.561988830566406,17.358333587646484,26.851036071777344,15.649055480957031,16.57644271850586,15.616425514221191,0.21463057398796082,27.946321487426758,16.90633773803711,14.662788391113281,15.894770622253418,27.471254348754883,15.914238929748535,14.775146484375,29.369110107421875,18.09256362915039,25.60460662841797,17.358158111572266,16.884408950805664,16.494640350341797,16.228635787963867,16.099695205688477,16.159400939941406,19.077495574951172,16.641645431518555,27.188232421875,17.18860626220703,17.25339126586914,15.653739929199219,18.018112182617188,16.35014533996582,27.74591636657715,17.393707275390625,17.476219177246094,15.577164649963379,18.213443756103516,21.574737548828125,17.260847091674805,14.798532485961914,15.985647201538086,15.597912788391113,18.417503356933594,19.24411392211914,18.037109375,18.70669174194336,22.377029418945312,18.03708267211914,27.86092758178711,28.38543128967285,14.395098686218262,16.850421905517578,15.992647171020508,14.909172058105469,19.954856872558594,28.06270408630371,17.06041717529297,27.32575225830078,15.258224487304688,17.155298233032227,27.587051391601562,15.212583541870117,27.054006576538086,26.090824127197266,15.665022850036621,15.924728393554688,17.990877151489258,15.571797370910645,15.453450202941895,18.47960090637207,15.424330711364746,15.312435150146484,28.45244026184082,17.921894073486328,15.798796653747559,16.985471725463867,17.386240005493164,27.283309936523438,16.194032669067383,14.859734535217285,21.24860191345215,16.117839813232422,19.411338806152344,26.680686950683594,16.93134117126465,17.39440155029297,14.175004005432129,17.022947311401367,15.550209999084473,19.354883193969727,17.165359497070312,17.309429168701172,17.51711654663086,16.03855323791504,18.721263885498047,16.7423095703125,18.622222900390625,28.53082275390625,27.589975357055664,15.561264991760254
19.877992630004883,28.12979507446289,29.23216438293457,18.509002685546875,27.755510330200195,28.54832649230957,28.07089614868164,27.946321487426758,0.6925859451293945,28.555179595947266,27.282154083251953,28.12087631225586,21.120868682861328,27.927227020263672,27.573015213012695,21.876399993896484,28.746673583984375,19.48124122619629,28.43942642211914,28.602689743041992,28.29781723022461,27.981159210205078,28.14631462097168,28.601961135864258,29.63420867919922,28.252546310424805,18.913352966308594,28.651758193969727,29.221323013305664,27.84987449645996,29.302051544189453,29.02019500732422,19.86320686340332,28.98625373840332,29.026020050048828,28.3272705078125,29.626893997192383,31.361330032348633,28.814550399780273,27.266189575195312,27.97767448425293,28.360660552978516,30.657438278198242,29.938692092895508,29.61082649230957,29.93907928466797,32.241363525390625,29.49135971069336,19.980745315551758,20.501516342163086,27.032026290893555,28.853124618530273,27.925735473632812,27.60138511657715,30.430984497070312,19.950775146484375,29.09422492980957,19.414066314697266,27.677810668945312,28.844926834106445,20.077199935913086,27.44025993347168,20.030588150024414,19.381319046020508,27.70412826538086,27.940210342407227,29.50483512878418,27.801456451416016,27.668363571166992,29.83796501159668,28.059417724609375,27.929227828979492,20.0649356842041,28.772262573242188,28.10967445373535,28.488935470581055,28.630207061767578,19.84809112548828,28.277423858642578,27.478851318359375,31.469148635864258,27.835433959960938,29.513412475585938,20.195613861083984,28.558061599731445,29.102561950683594,27.16103172302246,29.01273536682129,27.65581703186035,29.842008590698242,28.649917602539062,28.683271408081055,29.065082550048828,28.36336326599121,29.686403274536133,28.796180725097656,29.387968063354492,20.764047622680664,20.387027740478516,27.605846405029297
27.200332641601562,15.489748001098633,17.556682586669922,27.478425979614258,15.848587989807129,16.621057510375977,15.8975191116333,16.90633773803711,28.555179595947266,0.26331716775894165,14.87863826751709,15.792951583862305,27.970420837402344,16.072683334350586,14.95671558380127,29.954437255859375,18.118619918823242,26.118921279907227,17.405651092529297,16.896589279174805,16.670547485351562,16.47603416442871,16.120141983032227,16.358837127685547,19.110445022583008,16.754905700683594,27.56768035888672,17.27234649658203,17.55693244934082,15.89282512664795,18.073667526245117,16.496299743652344,28.460620880126953,17.491867065429688,17.574756622314453,15.641570091247559,18.255029678344727,21.56201934814453,17.468416213989258,14.995272636413574,16.30426788330078,15.661116600036621,18.794530868530273,19.147180557250977,17.90492820739746,18.648900985717773,22.657669067382812,18.158248901367188,28.361717224121094,28.84395980834961,14.4948091506958,17.12578773498535,16.17574119567871,15.019134521484375,19.80673599243164,28.438547134399414,17.298648834228516,28.19259262084961,15.268681526184082,17.24649429321289,28.351421356201172,15.312564849853516,27.606571197509766,26.564037322998047,16.04024314880371,15.887504577636719,18.348806381225586,15.826507568359375,15.487935066223145,18.514659881591797,15.59736442565918,15.486499786376953,28.943872451782227,17.911396026611328,15.927324295043945,17.23992156982422,17.472246170043945,27.637649536132812,16.202709197998047,14.839130401611328,20.89113426208496,16.37896728515625,19.325437545776367,27.148067474365234,17.376253128051758,17.5850887298584,14.449705123901367,16.863338470458984,15.560141563415527,19.191823959350586,17.641088485717773,17.35007667541504,17.784730911254883,16.203351974487305,19.174863815307617,16.995208740234375,18.763961791992188,28.977556228637695,28.389484405517578,15.506711959838867
26.033002853393555,13.206836700439453,15.408662796020508,26.0858211517334,13.23565673828125,14.4580659866333,13.628830909729004,14.662788391113281,27.282154083251953,14.87863826751709,0.0803871676325798,13.348016738891602,26.807546615600586,13.631144523620605,12.514579772949219,28.53754425048828,15.954985618591309,24.81871223449707,15.481104850769043,14.831451416015625,14.68238639831543,14.523941993713379,13.88577938079834,14.16950511932373,17.517314910888672,14.559369087219238,26.320186614990234,15.398836135864258,15.267312049865723,13.52879810333252,16.08671760559082,14.301274299621582,27.200885772705078,15.167471885681152,15.50466537475586,13.3635835647583,16.331390380859375,19.919410705566406,15.184563636779785,12.660799026489258,13.686734199523926,13.346571922302246,16.69623565673828,17.146320343017578,16.14691162109375,16.726810455322266,21.362709045410156,16.134620666503906,26.997501373291016,27.648372650146484,11.987704277038574,14.813849449157715,13.90606689453125,12.5215482711792,18.326860427856445,27.321298599243164,15.348494529724121,26.77667999267578,13.038200378417969,15.51184368133545,26.9932861328125,12.910301208496094,26.528820037841797,25.306594848632812,13.643111228942871,13.593382835388184,15.983437538146973,13.300400733947754,12.994370460510254,16.42207908630371,13.272457122802734,13.032313346862793,27.63581657409668,15.913986206054688,13.81284236907959,14.92892837524414,15.19691276550293,26.37926483154297,13.864480018615723,12.316011428833008,19.641136169433594,13.921662330627441,17.723045349121094,25.752582550048828,15.036385536193848,15.4391508102417,11.763870239257812,14.86386775970459,13.165766716003418,17.540889739990234,15.456247329711914,15.110940933227539,15.729178428649902,13.961166381835938,17.294551849365234,14.523038864135742,16.88055992126465,27.787322998046875,26.81269073486328,12.969242095947266
26.983959197998047,14.478734016418457,16.556488037109375,26.96299171447754,14.573347091674805,15.612791061401367,14.89409351348877,15.894770622253418,28.12087631225586,15.792951583862305,13.348016738891602,0.0,27.331954956054688,15.055636405944824,13.945808410644531,29.41438865661621,16.915630340576172,25.688392639160156,16.471593856811523,15.977290153503418,15.722308158874512,15.46481990814209,15.086631774902344,15.274706840515137,18.334840774536133,15.537274360656738,27.00051498413086,16.242027282714844,16.566516876220703,14.794707298278809,17.037813186645508,15.340485572814941,28.061052322387695,15.98137378692627,16.533082962036133,14.81203842163086,17.543323516845703,20.51299476623535,16.290287017822266,13.885281562805176,14.901972770690918,14.549263954162598,17.820253372192383,18.263410568237305,16.985055923461914,17.65146255493164,21.87274742126465,17.35191535949707,27.88762855529785,28.414663314819336,13.445035934448242,15.744414329528809,15.152695655822754,13.937653541564941,19.084938049316406,27.817529678344727,16.072978973388672,27.4367618560791,14.163923263549805,16.38050651550293,27.906457901000977,14.249003410339355,27.21958351135254,26.01700782775879,14.675689697265625,14.982765197753906,17.19765853881836,14.536347389221191,14.243760108947754,17.635303497314453,14.332630157470703,14.48617935180664,28.42454719543457,17.081480026245117,14.97388744354248,16.2667179107666,16.17388343811035,27.14406394958496,15.121347427368164,13.716170310974121,20.533367156982422,14.914280891418457,18.850488662719727,26.587169647216797,16.06161117553711,16.114219665527344,13.102992057800293,16.059656143188477,14.427614212036133,18.480945587158203,16.64470100402832,16.19736671447754,16.902135848999023,14.91889762878418,18.18014144897461,15.611873626708984,17.882186889648438,28.2766170501709,27.684223175048828,14.258367538452148
20.170982360839844,27.282197952270508,28.430994033813477,20.032367706298828,26.91165542602539,27.74232292175293,27.38334083557129,27.471254348754883,21.120868682861328,27.970420837402344,26.807546615600586,27.331954956054688,0.0,27.15057945251465,26.74408721923828,22.048784255981445,28.288490295410156,20.15133285522461,27.746854782104492,27.719623565673828,27.82636260986328,27.29953384399414,27.369123458862305,28.11577033996582,28.97414207458496,27.652299880981445,20.097187042236328,27.996196746826172,28.256093978881836,27.317190170288086,28.674257278442383,28.199914932250977,20.260150909423828,28.26671600341797,28.363388061523438,27.505273818969727,28.907730102539062,30.57179069519043,28.099515914916992,26.56759262084961,27.38083839416504,27.76372718811035,29.918861389160156,29.330583572387695,28.84888458251953,29.300350189208984,31.867172241210938,28.662534713745117,20.462493896484375,20.529399871826172,26.33994483947754,28.099117279052734,27.27511978149414,26.86984634399414,29.811477661132812,20.730255126953125,28.389720916748047,20.493288040161133,27.063201904296875,28.236970901489258,20.739765167236328,26.746234893798828,20.738338470458984,18.754045486450195,26.91539192199707,27.358640670776367,28.405628204345703,27.01992416381836,27.07149314880371,29.21030044555664,27.12757682800293,27.173463821411133,20.831357955932617,28.154407501220703,27.603191375732422,27.86612892150879,28.032363891601562,20.935256958007812,27.546472549438477,26.888296127319336,30.246437072753906,27.317129135131836,28.86528968811035,20.659019470214844,27.519052505493164,28.489286422729492,26.421876907348633,28.226842880249023,27.026290893554688,28.981168746948242,27.943923950195312,28.16937255859375,28.66924285888672,27.39289093017578,29.076263427734375,28.124433517456055,28.515060424804688,21.375734329223633,20.687654495239258,26.73056411743164
26.641704559326172,14.677715301513672,16.60527801513672,26.72977638244629,14.725651741027832,15.82901382446289,14.826362609863281,15.914238929748535,27.927227020263672,16.072683334350586,13.631144523620605,15.055636405944824,27.15057945251465,0.0,13.876984596252441,29.39177131652832,17.25917625427246,25.5438232421875,16.591032028198242,15.947789192199707,15.86256217956543,15.795150756835938,15.193689346313477,15.54738712310791,18.307235717773438,15.639870643615723,27.002796173095703,16.456844329833984,16.519672393798828,14.891927719116211,17.15480613708496,15.503606796264648,27.920734405517578,16.4913272857666,16.743379592895508,14.731487274169922,17.59076690673828,20.89324188232422,16.090574264526367,14.098487854003906,15.007987022399902,14.761751174926758,17.791696548461914,18.27426528930664,17.059288024902344,18.20196533203125,22.210651397705078,17.325517654418945,27.825027465820312,28.347021102905273,13.596386909484863,16.04039192199707,15.243182182312012,14.019037246704102,19.3177547454834,27.79609489440918,16.403276443481445,27.409263610839844,14.321904182434082,16.454700469970703,27.83256721496582,14.309062957763672,27.086254119873047,25.70819854736328,15.02951717376709,14.93453598022461,17.259849548339844,14.569637298583984,14.519890785217285,17.513282775878906,14.590307235717773,14.509995460510254,28.159534454345703,17.04340171813965,15.282809257507324,16.20191764831543,16.538843154907227,27.05462074279785,15.178335189819336,13.824238777160645,20.515098571777344,15.299201965332031,18.652381896972656,26.30449676513672,16.18439292907715,16.6445255279541,13.125370979309082,15.964896202087402,14.727404594421387,18.464866638183594,16.62036895751953,16.335039138793945,17.11477279663086,15.063154220581055,18.444194793701172,15.88437557220459,17.86970329284668,28.377107620239258,27.503856658935547,14.45152759552002
26.331403732299805,13.573153495788574,15.860448837280273,26.34613037109375,13.670110702514648,14.902695655822754,13.926407814025879,14.775146484375,27.573015213012695,14.95671558380127,12.514579772949219,13.945808410644531,26.74408721923828,13.876984596252441,0.0,28.8381404876709,16.398168563842773,24.943166732788086,16.03191566467285,15.070700645446777,14.93838119506836,14.513866424560547,14.19913387298584,14.54135799407959,17.71839714050293,14.873887062072754,26.538745880126953,15.3298978805542,15.700042724609375,13.837160110473633,16.419374465942383,14.689891815185547,27.60738754272461,15.4275541305542,15.728933334350586,13.649270057678223,16.75324249267578,20.345239639282227,15.416971206665039,13.205901145935059,13.961935997009277,13.789310455322266,17.213348388671875,17.459613800048828,16.09280014038086,17.134775161743164,21.485107421875,16.382558822631836,27.327394485473633,27.907806396484375,12.348706245422363,15.198938369750977,14.275318145751953,12.922746658325195,18.50432777404785,27.555208206176758,15.480891227722168,27.140764236450195,13.267481803894043,15.365405082702637,27.450016021728516,13.1017484664917,26.59821891784668,25.63271141052246,13.760514259338379,13.924220085144043,16.311269760131836,13.770337104797363,13.672584533691406,16.81216049194336,13.5064058303833,13.543550491333008,27.953916549682617,16.14948081970215,14.223326683044434,15.351155281066895,15.815279006958008,27.005016326904297,14.208694458007812,12.956782341003418,19.771066665649414,14.113625526428223,18.060945510864258,26.22039031982422,15.380772590637207,15.64138412475586,12.024398803710938,15.195552825927734,13.64272689819336,18.01054573059082,15.891660690307617,15.386651992797852,16.070106506347656,14.14051342010498,17.45161247253418,15.02270793914795,17.023439407348633,28.01468849182129,27.17329216003418,13.439215660095215
21.57124137878418,29.335832595825195,30.356388092041016,20.524702072143555,29.131362915039062,29.749414443969727,29.4312686920166,29.369110107421875,21.876399993896484,29.954437255859375,28.53754425048828,29.41438865661621,22.048784255981445,29.39177131652832,28.8381404876709,0.22207297384738922,29.98980712890625,21.326282501220703,29.58475112915039,29.585416793823242,29.805191040039062,29.04800796508789,29.416927337646484,29.938846588134766,31.101276397705078,29.606731414794922,21.008140563964844,29.973716735839844,30.37604522705078,29.421716690063477,30.702421188354492,30.21747398376465,20.787464141845703,30.193157196044922,30.42887306213379,29.570585250854492,30.760211944580078,32.627960205078125,30.05267906188965,28.53785514831543,29.48830795288086,29.69745445251465,31.561885833740234,31.156959533691406,30.605300903320312,31.312204360961914,33.100738525390625,30.6126651763916,21.186023712158203,21.243366241455078,28.32037353515625,30.277889251708984,29.1552677154541,28.932823181152344,31.81952476501465,21.575475692749023,30.375625610351562,21.63667869567871,29.211938858032227,30.05602264404297,22.03093910217285,28.87149429321289,21.594045639038086,20.78878402709961,28.978580474853516,29.315855026245117,30.607393264770508,29.155414581298828,29.167545318603516,31.224849700927734,29.214786529541016,29.22728157043457,22.005006790161133,30.114011764526367,29.37849235534668,29.525121688842773,30.000131607055664,21.309953689575195,29.701255798339844,28.821067810058594,32.3659553527832,29.244096755981445,30.85976219177246,21.468551635742188,29.8414306640625,30.417678833007812,28.54461097717285,30.14983558654785,29.173715591430664,30.995323181152344,29.712759017944336,29.960168838500977,30.63409996032715,29.672677993774414,31.09435272216797,30.166072845458984,30.5933780670166,22.56336212158203,21.228412628173828,28.913373947143555
27.73594856262207,16.89544105529785,18.5628604888916,27.657609939575195,16.4818115234375,17.85085678100586,17.0733585357666,18.09256362915039,28.746673583984375,18.118619918823242,15.954985618591309,16.915630340576172,28.288490295410156,17.25917625427246,16.398168563842773,29.98980712890625,0.07349565625190735,26.341577529907227,18.60178565979004,17.868610382080078,17.86054801940918,17.724393844604492,17.36040687561035,17.5145263671875,20.427705764770508,17.864870071411133,27.9118709564209,18.26504135131836,18.501480102539062,16.92486000061035,18.91681480407715,17.67179298400879,28.56232452392578,18.228452682495117,18.692373275756836,16.74993324279785,19.350948333740234,22.56427764892578,18.364892959594727,16.132780075073242,17.072858810424805,16.95123291015625,19.654560089111328,19.748273849487305,18.73387908935547,19.322099685668945,23.654470443725586,19.17087173461914,28.57700538635254,29.181100845336914,15.814850807189941,18.019954681396484,17.23862648010254,16.242755889892578,20.937517166137695,28.81879997253418,18.36263084411621,28.104454040527344,16.395374298095703,18.433055877685547,28.80167579650879,16.506807327270508,28.06195831298828,26.972278594970703,16.795391082763672,17.01556396484375,18.828123092651367,16.8607234954834,16.615615844726562,19.316993713378906,16.557476043701172,16.73357582092285,29.341331481933594,19.176748275756836,17.071964263916016,18.321542739868164,18.663076400756836,28.142045974731445,17.038684844970703,15.882048606872559,22.340110778808594,17.2199649810791,20.398954391479492,27.362733840942383,18.21384048461914,18.5892276763916,15.502320289611816,17.95934295654297,16.914100646972656,20.601367950439453,18.483877182006836,18.306468963623047,18.699783325195312,17.377735137939453,20.084009170532227,17.689237594604492,19.340002059936523,29.244365692138672,28.514333724975586,16.8756046295166
19.49995231628418,25.40379524230957,26.639205932617188,18.592578887939453,25.246692657470703,25.867273330688477,25.717985153198242,25.60460662841797,19.48124122619629,26.118921279907227,24.81871223449707,25.688392639160156,20.15133285522461,25.5438232421875,24.943166732788086,21.326282501220703,26.341577529907227,0.0,26.00206184387207,26.004657745361328,26.12877082824707,25.219167709350586,25.765735626220703,26.39411163330078,27.493194580078125,25.86477279663086,18.515178680419922,26.204811096191406,26.573368072509766,25.51495933532715,26.822160720825195,26.39557647705078,18.702678680419922,26.30999755859375,26.640291213989258,25.45174789428711,27.056867599487305,29.128969192504883,26.317543029785156,24.73790168762207,25.76357650756836,25.77356719970703,28.150564193725586,27.52455711364746,27.164472579956055,27.843252182006836,30.131290435791016,26.96030616760254,19.56369400024414,19.876811981201172,24.382183074951172,26.6326961517334,25.374696731567383,24.94325065612793,28.254032135009766,19.741065979003906,26.321727752685547,19.350536346435547,25.25371551513672,26.26067543029785,19.63872528076172,25.01805305480957,19.1806583404541,18.2662410736084,25.322996139526367,25.317331314086914,26.860977172851562,25.15277099609375,25.1883487701416,27.3638973236084,25.474836349487305,25.550945281982422,19.86159896850586,26.397239685058594,25.448463439941406,26.196186065673828,26.204166412353516,19.802934646606445,25.569133758544922,25.051376342773438,28.911815643310547,25.366390228271484,27.24011993408203,19.353261947631836,26.150392532348633,26.730173110961914,24.568056106567383,26.445993423461914,25.142635345458984,27.4780216217041,26.232547760009766,26.450647354125977,26.724685668945312,25.78392791748047,27.558490753173828,26.425609588623047,26.808237075805664,20.11742401123047,19.71334457397461,25.18699836730957
27.0917911529541,16.289461135864258,18.130144119262695,26.986572265625,16.318256378173828,17.183908462524414,15.946185111999512,17.358158111572266,28.43942642211914,17.405651092529297,15.481104850769043,16.471593856811523,27.746854782104492,16.591032028198242,16.03191566467285,29.58475112915039,18.60178565979004,26.00206184387207,0.29708051681518555,16.785064697265625,17.266931533813477,17.071773529052734,16.888708114624023,16.79988670349121,19.85330581665039,17.357257843017578,27.26784896850586,17.657917022705078,17.891963958740234,16.493240356445312,18.339181900024414,17.03105354309082,28.118202209472656,18.021438598632812,17.99418830871582,16.503787994384766,18.75397300720215,22.13901138305664,17.669519424438477,15.7344970703125,16.70585823059082,16.202409744262695,18.976057052612305,19.482736587524414,18.510459899902344,19.08841323852539,23.393497467041016,18.919124603271484,28.257692337036133,28.639236450195312,15.292356491088867,17.5936222076416,16.839160919189453,15.786982536315918,20.465024948120117,28.018579483032227,17.928871154785156,27.61439323425293,16.02732276916504,18.161046981811523,27.97222900390625,16.096494674682617,27.484609603881836,26.51394271850586,16.509431838989258,16.630084991455078,18.86717987060547,16.514633178710938,16.034114837646484,18.86699867248535,16.345701217651367,16.202903747558594,28.75189781188965,18.287517547607422,16.710771560668945,17.615680694580078,17.94768714904785,27.343793869018555,16.886146545410156,15.61295223236084,21.360172271728516,16.74175453186035,19.84317398071289,26.852657318115234,17.976037979125977,18.18053436279297,14.77122974395752,17.890504837036133,16.258895874023438,19.87424659729004,17.923133850097656,17.877037048339844,18.509931564331055,16.75250244140625,19.406091690063477,17.408906936645508,19.146726608276367,28.437849044799805,27.765716552734375,15.972679138183594
27.20081901550293,15.534018516540527,17.44727325439453,27.091150283813477,15.573877334594727,16.5876522064209,15.910978317260742,16.884408950805664,28.602689743041992,16.896589279174805,14.831451416015625,15.977290153503418,27.719623565673828,15.947789192199707,15.070700645446777,29.585416793823242,17.868610382080078,26.004657745361328,16.785064697265625,0.11137951165437698,16.60940170288086,16.500032424926758,16.15998077392578,16.44013786315918,18.93868064880371,16.56434440612793,27.49776840209961,17.127784729003906,17.407743453979492,15.615524291992188,17.875703811645508,16.321569442749023,28.36195182800293,17.543243408203125,17.527149200439453,15.811429977416992,18.299158096313477,21.667495727539062,17.453310012817383,14.885953903198242,16.066797256469727,15.559436798095703,18.382591247558594,19.077205657958984,17.829120635986328,18.382633209228516,22.826841354370117,18.022022247314453,28.244035720825195,28.608823776245117,14.667337417602539,16.892833709716797,16.091604232788086,14.967148780822754,19.985334396362305,28.286865234375,16.998638153076172,27.943376541137695,15.39023494720459,17.19411277770996,28.278461456298828,15.3277587890625,27.67470359802246,26.458328247070312,15.954779624938965,15.8310546875,17.93426513671875,15.787274360656738,15.498197555541992,18.6138916015625,15.397682189941406,15.30650806427002,28.678382873535156,17.937631607055664,16.147920608520508,17.236318588256836,17.37169075012207,27.600671768188477,16.09109878540039,14.86538314819336,21.06258201599121,16.173124313354492,19.50043296813965,26.709861755371094,17.03624725341797,17.480390548706055,14.28635311126709,17.042449951171875,15.459912300109863,19.282001495361328,17.314943313598633,17.016210556030273,18.185302734375,15.95403003692627,19.064605712890625,16.85419273376465,18.59419059753418,28.78511619567871,28.223398208618164,15.580312728881836
27.29091453552246,15.382555961608887,17.26752281188965,27.30391502380371,15.382408142089844,16.67779541015625,15.738404273986816,16.494640350341797,28.29781723022461,16.670547485351562,14.68238639831543,15.722308158874512,27.82636260986328,15.86256217956543,14.93838119506836,29.805191040039062,17.86054801940918,26.12877082824707,17.266931533813477,16.60940170288086,0.13119418919086456,16.039684295654297,15.95939826965332,15.961146354675293,19.2033634185791,16.435182571411133,27.367961883544922,17.054250717163086,17.16808319091797,15.709586143493652,17.61166000366211,16.386123657226562,28.285850524902344,17.424928665161133,17.470718383789062,15.630829811096191,17.92098617553711,21.463903427124023,16.947471618652344,14.715449333190918,15.981919288635254,15.61140251159668,18.408672332763672,18.807405471801758,17.70623207092285,18.443822860717773,22.444156646728516,18.0344295501709,28.157241821289062,28.832868576049805,14.395513534545898,16.838132858276367,15.917442321777344,14.795720100402832,19.69160270690918,28.128087997436523,16.90704917907715,27.986207962036133,15.13343620300293,17.215625762939453,28.05940055847168,15.11667251586914,27.70359992980957,26.68528938293457,15.81633472442627,15.745529174804688,17.909631729125977,15.49031925201416,15.34274673461914,18.369457244873047,15.442676544189453,15.447339057922363,28.89581871032715,17.579158782958984,15.872918128967285,16.750497817993164,17.29652976989746,27.477880477905273,15.865118026733398,14.743636131286621,21.154314041137695,15.927651405334473,19.42223358154297,26.98084259033203,16.92664909362793,17.371801376342773,14.075457572937012,16.925193786621094,15.676814079284668,19.299070358276367,17.169126510620117,16.99464988708496,17.585689544677734,15.9439058303833,18.871135711669922,16.600255966186523,18.383359909057617,28.75088882446289,28.312088012695312,15.331106185913086
